#date,queriesUDP_IPV4,queriesTCP_IPv4,queriesTOTAL_IPv4,ratioTCP_IPv4,queriesUDP_IPV6,queriesTCP_IPv6,queriesTOTAL_IPv6,ratioTCP_IPv6
20131001,2021642083,11331239,2032973322,0.56,105738409,1169462,106907871,1.09
20131002,1988183723,10797846,1998981569,0.54,105437972,1203221,106641193,1.13
20131003,1934031723,9802248,1943833971,0.5,104359302,1317724,105677026,1.25
20131004,1665360832,8776441,1674137273,0.52,106953793,1296038,108249831,1.2
20131005,1484453890,7434033,1491887923,0.5,96489495,1226299,97715794,1.25
20131006,1459076424,7207042,1466283466,0.49,98140388,1205936,99346324,1.21
20131007,1710988132,8410266,1719398398,0.49,104642514,1299338,105941852,1.23
20131008,1822800550,8713273,1831513823,0.48,103867243,1226376,105093619,1.17
20131009,1860935104,8540875,1869475979,0.46,97252121,1216341,98468462,1.24
20131010,1774553816,8623900,1783177716,0.48,95791273,1171432,96962705,1.21
20131011,1808119399,8494419,1816613818,0.47,92989391,1458072,94447463,1.54
20131012,1542630280,6817132,1549447412,0.44,84166744,1495550,85662294,1.75
20131013,1467937454,6541332,1474478786,0.44,85645492,1409379,87054871,1.62
20131014,1617372410,7536690,1624909100,0.46,91546407,1696951,93243358,1.82
20131015,1649177440,8505193,1657682633,0.51,95830319,1799310,97629629,1.84
20131016,1641647615,8576950,1650224565,0.52,96329532,1555004,97884536,1.59
20131017,1495884053,8058095,1503942148,0.54,95400896,1563455,96964351,1.61
20131018,1459509430,7477126,1466986556,0.51,88987340,1538885,90526225,1.7
20131019,1279582117,6450893,1286033010,0.5,84984578,1485362,86469940,1.72
20131020,1351133453,6151012,1357284465,0.45,86634961,1481137,88116098,1.68
20131021,1581743913,7661164,1589405077,0.48,94661582,1554201,96215783,1.62
20131022,1624754610,7843368,1632597978,0.48,93870704,1546749,95417453,1.62
20131023,1633521550,8013897,1641535447,0.49,90145444,1559518,91704962,1.7
20131024,1582152185,7835294,1589987479,0.49,86394188,1541562,87935750,1.75
20131025,1578301221,7776266,1586077487,0.49,85075711,1516175,86591886,1.75
20131026,1320704837,7063162,1327767999,0.53,77606012,1480851,79086863,1.87
20131027,1255656638,6701055,1262357693,0.53,76131754,1455311,77587065,1.88
20131028,1502428925,8118439,1510547364,0.54,83601837,1522360,85124197,1.79
20131029,1603646940,7877016,1611523956,0.49,86234619,1523035,87757654,1.74
20131030,1549923063,8088512,1558011575,0.52,86780808,1406485,88187293,1.59
20131031,1561154066,8013813,1569167879,0.51,88307232,1403861,89711093,1.56
20131101,1463110307,7508230,1470618537,0.51,86470294,1437836,87908130,1.64
20131102,1243949426,6578990,1250528416,0.53,78917545,1353048,80270593,1.69
20131103,1218821380,6408200,1225229580,0.52,78278980,1275241,79554221,1.6
20131104,1413085394,7154580,1420239974,0.5,86388443,1382993,87771436,1.58
20131105,1481935294,7168879,1489104173,0.48,89509222,1454554,90963776,1.6
20131106,1575099512,7535096,1582634608,0.48,88695717,1437613,90133330,1.59
20131107,1627955016,8083952,1636038968,0.49,91820901,1481382,93302283,1.59
20131108,1631624054,7900288,1639524342,0.48,93232830,1419835,94652665,1.5
20131109,1526583281,6966323,1533549604,0.45,85060757,1403974,86464731,1.62
20131110,1423331209,6617549,1429948758,0.46,83844922,1384339,85229261,1.62
20131111,1592061163,7629610,1599690773,0.48,88513897,1548147,90062044,1.72
20131112,1650938797,7883804,1658822601,0.48,91369877,2198446,93568323,2.35
20131113,1627463980,7652069,1635116049,0.47,85061273,1376722,86437995,1.59
20131114,1610300809,7473888,1617774697,0.46,90699350,2087703,92787053,2.25
20131115,1559207125,7390543,1566597668,0.47,86728799,1578861,88307660,1.79
20131116,1359281885,6397441,1365679326,0.47,89954501,1360339,91314840,1.49
20131117,1336571554,6138534,1342710088,0.46,89322887,1295814,90618701,1.43
20131118,1478699152,7269567,1485968719,0.49,89964679,1388140,91352819,1.52
20131119,1518368718,7701674,1526070392,0.5,89532489,1407885,90940374,1.55
20131120,1480946185,7672852,1488619037,0.52,93279623,1488270,94767893,1.57
20131121,1515132200,7768269,1522900469,0.51,91300346,1485966,92786312,1.6
20131122,1445150857,7649166,1452800023,0.53,87607414,1414788,89022202,1.59
20131123,1267935792,6893077,1274828869,0.54,79705934,1286063,80991997,1.59
20131124,1256548739,6503236,1263051975,0.51,81247828,1261567,82509395,1.53
20131125,1555032743,7531491,1562564234,0.48,85787727,1331315,87119042,1.53
20131126,1597099555,7959656,1605059211,0.5,89014238,1359711,90373949,1.5
20131127,1546555898,7974438,1554530336,0.51,86652596,1352430,88005026,1.54
20131128,1415469507,7461822,1422931329,0.52,74010175,1347716,75357891,1.79
20131129,1394786570,7360723,1402147293,0.52,73132363,1281604,74413967,1.72
20131130,1293420480,6554805,1299975285,0.5,69627180,1202763,70829943,1.7
20131201,1237045726,6460470,1243506196,0.52,69942108,1197800,71139908,1.68
20131202,1515436656,7923855,1523360511,0.52,78458844,1277073,79735917,1.6
20131203,1496410513,7941204,1504351717,0.53,76842558,1272295,78114853,1.63
20131204,1487450681,7950324,1495401005,0.53,76136616,1256716,77393332,1.62
20131205,1520863523,8829470,1529692993,0.58,76520864,1248445,77769309,1.61
20131206,1523304710,9032315,1532337025,0.59,72313334,1235284,73548618,1.68
20131207,1408038530,7424973,1415463503,0.52,65719948,1296616,67016564,1.93
20131208,1396118371,6735745,1402854116,0.48,64910184,1295520,66205704,1.96
20131209,1519762748,8181863,1527944611,0.54,72186955,1338155,73525110,1.82
20131210,1452701748,8354503,1461056251,0.57,75104859,1407825,76512684,1.84
20131211,1469034317,8051218,1477085535,0.55,81897987,1398968,83296955,1.68
20131212,1508964950,7686324,1516651274,0.51,69115315,1274982,70390297,1.81
20131213,1427416358,7531102,1434947460,0.52,57645013,1275131,58920144,2.16
20131214,1285733333,6230927,1291964260,0.48,58428489,1160443,59588932,1.95
20131215,1246863097,6107522,1252970619,0.49,61550487,1164123,62714610,1.86
20131216,1412234113,7166890,1419401003,0.5,68053207,1227650,69280857,1.77
20131217,1396887534,7196154,1404083688,0.51,59684482,1248757,60933239,2.05
20131218,1370728406,7120693,1377849099,0.52,54018696,1242422,55261118,2.25
20131219,1357431625,7131680,1364563305,0.52,56304670,1237148,57541818,2.15
20131220,1393349445,7173789,1400523234,0.51,58856686,1226828,60083514,2.04
20131221,1208039151,6140614,1214179765,0.51,60293645,912432,61206077,1.49
20131222,1165232583,5897816,1171130399,0.5,58785025,712232,59497257,1.2
20131223,1302836634,6782929,1309619563,0.52,58264378,746171,59010549,1.26
20131224,1087487171,6065896,1093553067,0.55,51950025,624302,52574327,1.19
20131225,875957636,5142343,881099979,0.58,47520578,664549,48185127,1.38
20131226,1063344231,5859301,1069203532,0.55,51393957,694044,52088001,1.33
20131227,1286987404,6754017,1293741421,0.52,50618389,699167,51317556,1.36
20131228,1184720374,6348417,1191068791,0.53,47945676,678776,48624452,1.4
20131229,1100099233,6130138,1106229371,0.55,45759100,673079,46432179,1.45
20131230,1232090086,6880711,1238970797,0.56,49373377,712351,50085728,1.42
20131231,1279426584,6757552,1286184136,0.53,49016065,704096,49720161,1.42
20140101,1197123640,5986418,1203110058,0.5,46037740,662691,46700431,1.42
20140102,1417411402,6820557,1424231959,0.48,50038921,707560,50746481,1.39
20140103,1437283134,7132419,1444415553,0.49,50182593,694862,50877455,1.37
20140104,1292820708,6691729,1299512437,0.51,47085586,674045,47759631,1.41
20140105,1362821508,6484954,1369306462,0.47,50726636,678490,51405126,1.32
20140106,1545137183,7420521,1552557704,0.48,55598221,756772,56354993,1.34
20140107,1497116166,7670397,1504786563,0.51,54155037,743995,54899032,1.36
20140108,1493444017,7274050,1500718067,0.48,48501183,731091,49232274,1.48
20140109,1505376201,7183019,1512559220,0.47,48156403,675947,48832350,1.38
20140110,1533670693,7562552,1541233245,0.49,52139179,671102,52810281,1.27
20140111,1331931233,6678633,1338609866,0.5,45793730,827802,46621532,1.78
20140112,1276042299,6424055,1282466354,0.5,43333681,1046674,44380355,2.36
20140113,1335968330,7335848,1343304178,0.55,45313713,1097560,46411273,2.36
20140114,1310826240,7569310,1318395550,0.57,42923018,1115783,44038801,2.53
20140115,1303799985,7616482,1311416467,0.58,43414554,1107148,44521702,2.49
20140116,1373116660,7541560,1380658220,0.55,44643649,1096326,45739975,2.4
20140117,1360301260,7557191,1367858451,0.55,48654042,1108838,49762880,2.23
20140118,1236696143,6681627,1243377770,0.54,44604977,1066578,45671555,2.34
20140119,1202406979,6499554,1208906533,0.54,44700722,1075111,45775833,2.35
20140120,1408417295,7796788,1416214083,0.55,48902996,1140656,50043652,2.28
20140121,1389796426,8052850,1397849276,0.58,51189262,1155947,52345209,2.21
20140122,1411477361,7861869,1419339230,0.55,50321628,1095256,51416884,2.13
20140123,1327258192,7260795,1334518987,0.54,47617808,1087550,48705358,2.23
20140124,1163499352,6335071,1169834423,0.54,44075564,1088441,45164005,2.41
20140125,1004974923,5819178,1010794101,0.58,49520767,1063125,50583892,2.1
20140126,1006656534,5504388,1012160922,0.54,54864055,1078769,55942824,1.93
20140127,1062945644,6474821,1069420465,0.61,55259489,1128806,56388295,2.0
20140128,1181362554,6659454,1188022008,0.56,49750897,1146092,50896989,2.25
20140129,1184987693,6736927,1191724620,0.57,60448082,1102180,61550262,1.79
20140130,853806209,5054530,858860739,0.59,46360941,899260,47260201,1.9
20140131,1106024476,6571875,1112596351,0.59,66310661,982437,67293098,1.46
20140201,1071752232,6276135,1078028367,0.58,64588960,986585,65575545,1.5
20140202,1047531081,6104345,1053635426,0.58,66064604,980681,67045285,1.46
20140203,1183086382,6928233,1190014615,0.58,72571723,1038757,73610480,1.41
20140204,1320174416,7444069,1327618485,0.56,84757038,1117664,85874702,1.3
20140205,1324294374,7659972,1331954346,0.58,84262224,1105666,85367890,1.3
20140206,1353117276,7658293,1360775569,0.56,82373891,1117749,83491640,1.34
20140207,1378606749,7782689,1386389438,0.56,81273086,1101481,82374567,1.34
20140208,1430358351,9106154,1439464505,0.63,86172411,1240608,87413019,1.42
20140209,1222483456,7042026,1229525482,0.57,77237709,1066901,78304610,1.36
20140210,1340269825,7940221,1348210046,0.59,80855009,1112037,81967046,1.36
20140211,1904800036,12006637,1916806673,0.63,104294957,1510530,105805487,1.43
20140212,1563281808,8992684,1572274492,0.57,84122088,1091944,85214032,1.28
20140213,2244108698,11733163,2255841861,0.52,83257603,1120631,84378234,1.33
20140214,2252067248,11148196,2263215444,0.49,100633047,1101928,101734975,1.08
20140215,2019021331,9627268,2028648599,0.47,78019066,1063499,79082565,1.34
20140216,1946288844,9568184,1955857028,0.49,77962604,1044207,79006811,1.32
20140217,2252558434,10926319,2263484753,0.48,84465862,1113231,85579093,1.3
20140218,2283831240,11418644,2295249884,0.5,84421504,1118580,85540084,1.31
20140219,2509309789,12459731,2521769520,0.49,89229068,1175249,90404317,1.3
20140220,2289328300,11755165,2301083465,0.51,84701763,1153304,85855067,1.34
20140221,2195064811,10937945,2206002756,0.5,103529426,1151158,104680584,1.1
20140222,1901225694,9630457,1910856151,0.5,70675625,1114015,71789640,1.55
20140223,1929378437,9789608,1939168045,0.5,75064061,1110901,76174962,1.46
20140224,2212186216,11270427,2223456643,0.51,86231268,1188875,87420143,1.36
20140225,2172168424,11275005,2183443429,0.52,85758501,1189938,86948439,1.37
20140226,2196164269,11096715,2207260984,0.5,85215704,1205368,86421072,1.39
20140227,2279470576,11531423,2291001999,0.5,87315182,1186979,88502161,1.34
20140228,2255003737,11057215,2266060952,0.49,87645680,1145020,88790700,1.29
20140301,2055921217,10058628,2065979845,0.49,83335783,1186160,84521943,1.4
20140302,1891228652,9325050,1900553702,0.49,79325384,1119709,80445093,1.39
20140303,2205911762,11004883,2216916645,0.5,86787083,1199031,87986114,1.36
20140304,2222535099,11416392,2233951491,0.51,89547095,1204663,90751758,1.33
20140305,2186969501,11375308,2198344809,0.52,86931853,1197934,88129787,1.36
20140306,2200620775,10909043,2211529818,0.49,88018902,1193685,89212587,1.34
20140307,2183842929,10476125,2194319054,0.48,87951957,1197505,89149462,1.34
20140308,2070876908,9472288,2080349196,0.46,82300361,1205431,83505792,1.44
20140309,1975443225,9377176,1984820401,0.47,81361123,1198074,82559197,1.45
20140310,2212504159,11017742,2223521901,0.5,88263409,1294216,89557625,1.45
20140311,2196679429,11174464,2207853893,0.51,89272216,1238056,90510272,1.37
20140312,2304537495,11396390,2315933885,0.49,90488941,1227181,91716122,1.34
20140313,2166938134,10944659,2177882793,0.5,87601927,1148527,88750454,1.29
20140314,2114403484,10827948,2125231432,0.51,86449876,1136719,87586595,1.3
20140315,1879527260,9450880,1888978140,0.5,81043482,1113727,82157209,1.36
20140316,1869070483,9489413,1878559896,0.51,82226435,1148058,83374493,1.38
20140317,2193488563,11199717,2204688280,0.51,87548557,1215790,88764347,1.37
20140318,2308874989,11661995,2320536984,0.5,91049623,1216094,92265717,1.32
20140319,2363820360,12004592,2375824952,0.51,91998140,1200161,93198301,1.29
20140320,2317430726,11683888,2329114614,0.5,89202316,1188905,90391221,1.32
20140321,2165933247,11728212,2177661459,0.54,85860445,1019652,86880097,1.17
20140322,1960482048,10326265,1970808313,0.52,81634322,789048,82423370,0.96
20140323,1928540483,9984579,1938525062,0.52,80849146,808851,81657997,0.99
20140324,2254509663,11618035,2266127698,0.51,87673537,827803,88501340,0.94
20140325,2286861090,11707379,2298568469,0.51,91810070,866218,92676288,0.93
20140326,2878484103,16117202,2894601305,0.56,102194246,1048601,103242847,1.02
20140327,2432208550,13092922,2445301472,0.54,94120091,925153,95045244,0.97
20140328,2376385843,11631349,2388017192,0.49,87342204,898337,88240541,1.02
20140329,2123394221,10114285,2133508506,0.47,82869568,874791,83744359,1.04
20140330,1982478257,10073975,1992552232,0.51,81312148,894969,82207117,1.09
20140331,2341654402,11732884,2353387286,0.5,87846431,941287,88787718,1.06
20140401,2426322038,11684235,2438006273,0.48,88352741,877981,89230722,0.98
20140402,2446491624,11732113,2458223737,0.48,89012826,880585,89893411,0.98
20140403,2393680780,12121350,2405802130,0.5,89025149,856552,89881701,0.95
20140404,2259184461,11496616,2270681077,0.51,86049360,838966,86888326,0.97
20140405,2043912807,10239759,2054152566,0.5,80357543,806716,81164259,0.99
20140406,2143106372,9924947,2153031319,0.46,81929549,772345,82701894,0.93
20140407,2431467147,11669469,2443136616,0.48,88449356,828404,89277760,0.93
20140408,2514940026,11920264,2526860290,0.47,91668328,878307,92546635,0.95
20140409,2465685572,12052184,2477737756,0.49,90926882,931838,91858720,1.01
20140410,2608206710,13439840,2621646550,0.51,95393349,1002611,96395960,1.04
20140411,2466763467,11630693,2478394160,0.47,89766454,1103174,90869628,1.21
20140413,2460794701,11838694,2472633395,0.48,85259305,1300231,86559536,1.5
20140414,2799489483,13459925,2812949408,0.48,91592877,1351346,92944223,1.45
20140415,3005140319,15364224,3020504543,0.51,90591159,1345669,91936828,1.46
20140416,3133187884,15249094,3148436978,0.48,99154329,1392866,100547195,1.39
20140417,2929622661,13349487,2942972148,0.45,91294842,1417457,92712299,1.53
20140418,2632723604,11994815,2644718419,0.45,86856448,1330621,88187069,1.51
20140419,2490662778,11031708,2501694486,0.44,82671276,1319242,83990518,1.57
20140420,2416014513,10560566,2426575079,0.44,81008669,1289668,82298337,1.57
20140421,2636825639,11517957,2648343596,0.43,88276735,1334680,89611415,1.49
20140422,2777829530,12158231,2789987761,0.44,101550897,1350850,102901747,1.31
20140423,2482530541,12651223,2495181764,0.51,96003555,1323067,97326622,1.36
20140424,2443528900,12832219,2456361119,0.52,133513325,1378944,134892269,1.02
20140428,2599204314,13148636,2612352950,0.5,113786285,1382357,115168642,1.2
20140429,2551742935,13542134,2565285069,0.53,112205059,1405648,113610707,1.24
20140430,2537646537,13402954,2551049491,0.53,112197905,1422529,113620434,1.25
20140501,2215029537,11571845,2226601382,0.52,102448277,1353164,103801441,1.3
20140502,2132009077,11256608,2143265685,0.53,89512943,1285681,90798624,1.42
20140503,1955405178,10416369,1965821547,0.53,79019192,1137245,80156437,1.42
20140504,1889684767,10084685,1899769452,0.53,80086586,1337343,81423929,1.64
20140505,2359762116,12096662,2371858778,0.51,105592574,1214931,106807505,1.14
20140506,2455394351,12458867,2467853218,0.5,119451067,1233787,120684854,1.02
20140507,5437769135,29258328,5467027463,0.54,197415925,1849201,199265126,0.93
20140508,3260778800,15541149,3276319949,0.47,136607140,1290112,137897252,0.94
20140509,2447687393,12141380,2459828773,0.49,105572957,1537363,107110320,1.44
20140510,2225249139,10280682,2235529821,0.46,97490072,1225018,98715090,1.24
20140511,2185364046,10267636,2195631682,0.47,105804696,1185498,106990194,1.11
20140512,2436813722,11660328,2448474050,0.48,94738212,1130822,95869034,1.18
20140513,2265102898,11931867,2277034765,0.52,79749585,1034297,80783882,1.28
20140514,2332293494,11986144,2344279638,0.51,90669232,748338,91417570,0.82
20140515,2330886060,11538096,2342424156,0.49,110730522,790893,111521415,0.71
20140516,2332315999,11904683,2344220682,0.51,112207590,793330,113000920,0.7
20140517,1972787987,10332760,1983120747,0.52,102925862,723590,103649452,0.7
20140518,2022574266,10421603,2032995869,0.51,98120244,741651,98861895,0.75
20140519,2444101461,12010810,2456112271,0.49,111123795,791577,111915372,0.71
20140520,2440095094,12574698,2452669792,0.51,113589790,834487,114424277,0.73
20140521,2473768805,12607492,2486376297,0.51,108519507,986874,109506381,0.9
20140522,2459398824,13359084,2472757908,0.54,113299974,962941,114262915,0.84
20140523,2315212398,12617900,2327830298,0.54,107452561,981853,108434414,0.91
20140524,2049411168,11300490,2060711658,0.55,94781972,947404,95729376,0.99
20140525,1967967822,10955148,1978922970,0.55,101237430,885361,102122791,0.87
20140526,2520679800,12373403,2533053203,0.49,108998000,991744,109989744,0.9
20140527,2691197955,13015673,2704213628,0.48,115224496,1098010,116322506,0.94
20140528,2429798150,12654573,2442452723,0.52,119868032,1145616,121013648,0.95
20140529,1576490978,9796947,1586287925,0.62,118717196,1153931,119871127,0.96
20140530,1590942363,9879247,1600821610,0.62,117537234,1156253,118693487,0.97
20140531,1595518216,8505890,1604024106,0.53,106392183,1097515,107489698,1.02
20140601,1719992865,11256983,1731249848,0.65,111374477,1250349,112624826,1.11
20140602,1842024907,8811357,1850836264,0.48,113630660,1224190,114854850,1.07
20140603,1823652262,9210985,1832863247,0.5,113581603,1255236,114836839,1.09
20140604,1883724790,9666296,1893391086,0.51,118716311,1266387,119982698,1.06
20140605,1828360025,9590986,1837951011,0.52,117901045,1266140,119167185,1.06
20140606,1735665875,9349664,1745015539,0.54,113186004,1289579,114475583,1.13
20140607,1590889194,8230275,1599119469,0.51,102284907,1304161,103589068,1.26
20140608,1652419736,8277309,1660697045,0.5,100601434,1431325,102032759,1.4
20140609,1800043401,9616147,1809659548,0.53,110191455,1482920,111674375,1.33
20140610,1829393474,9431571,1838825045,0.51,116091452,1442470,117533922,1.23
20140611,1792918943,9688857,1802607800,0.54,116276439,1249278,117525717,1.06
20140612,1789622787,9566613,1799189400,0.53,118199491,1180744,119380235,0.99
20140613,1788514910,9281549,1797796459,0.52,116789914,1367509,118157423,1.16
20140614,1548067918,8184493,1556252411,0.53,105078013,1276097,106354110,1.2
20140615,1515395263,7869654,1523264917,0.52,105024109,1254414,106278523,1.18
20140616,1708609130,8713014,1717322144,0.51,109133160,1530779,110663939,1.38
20140617,1628616155,7525373,1636141528,0.46,87929239,1206638,89135877,1.35
20140618,1637057534,9267906,1646325440,0.56,92723155,1342384,94065539,1.43
20140619,1404119260,8053783,1412173043,0.57,92601559,1211173,93812732,1.29
20140621,1403543957,8475685,1412019642,0.6,104575588,798228,105373816,0.76
20140622,1472890140,8186140,1481076280,0.55,103660245,725096,104385341,0.69
20140624,2056782792,15859715,2072642507,0.77,140394709,905814,141300523,0.64
20140625,1594660191,8838415,1603498606,0.55,122167575,764568,122932143,0.62
20140626,1695726657,11458554,1707185211,0.67,130872473,784923,131657396,0.6
20140627,1837183539,14331038,1851514577,0.77,119891501,795467,120686968,0.66
20140628,1611296753,12682188,1623978941,0.78,107977337,723306,108700643,0.67
20140629,1904992706,13962016,1918954722,0.73,104922832,734394,105657226,0.7
20140630,2144678869,14304163,2158983032,0.66,113988241,770172,114758413,0.67
20140701,2113420053,13566589,2126986642,0.64,121276112,817527,122093639,0.67
20140702,2234156521,16863003,2251019524,0.75,123515222,877778,124393000,0.71
20140703,2160999688,12780742,2173780430,0.59,111499358,840371,112339729,0.75
20140704,1947517352,12648334,1960165686,0.65,107119213,808172,107927385,0.75
20140705,1911620629,12291768,1923912397,0.64,107315484,755206,108070690,0.7
20140706,1874932842,12423294,1887356136,0.66,100708151,718746,101426897,0.71
20140707,2172673188,13735698,2186408886,0.63,115341125,832375,116173500,0.72
20140708,2252438018,13657302,2266095320,0.6,119669401,819027,120488428,0.68
20140709,2111108252,18717264,2129825516,0.88,129112735,1047653,130160388,0.8
20140710,2191463317,22375285,2213838602,1.01,135078914,970460,136049374,0.71
20140711,2463904062,24778343,2488682405,1.0,158798721,1407476,160206197,0.88
20140712,1760506535,14794146,1775300681,0.83,116446008,1194548,117640556,1.02
20140713,1686662871,12914614,1699577485,0.76,109581614,1158725,110740339,1.05
20140714,1932976732,14930979,1947907711,0.77,119257271,1281983,120539254,1.06
20140715,2108911131,20993037,2129904168,0.99,138161060,1413635,139574695,1.01
20140716,2025305152,24246275,2049551427,1.18,139179243,1295999,140475242,0.92
20140717,2545701701,38196478,2583898179,1.48,170291200,2287370,172578570,1.33
20140718,1646484166,16746898,1663231064,1.01,93270430,1180777,94451207,1.25
20140719,1374867364,12077476,1386944840,0.87,76960502,1147154,78107656,1.47
20140720,1431771640,11686972,1443458612,0.81,78436456,1147400,79583856,1.44
20140721,1636134208,14064629,1650198837,0.85,102958849,1164984,104123833,1.12
20140722,1808928848,14918852,1823847700,0.82,124455188,1104700,125559888,0.88
20140723,2018918606,20522910,2039441516,1.01,132729791,1416344,134146135,1.06
20140724,1986810316,15897173,2002707489,0.79,125104265,1221075,126325340,0.97
20140725,1773830217,14154354,1787984571,0.79,118589894,1142763,119732657,0.95
20140726,1626940958,13193729,1640134687,0.8,104135067,1027303,105162370,0.98
20140727,1561688560,14664917,1576353477,0.93,105633224,1025200,106658424,0.96
20140728,1403615449,12835200,1416450649,0.91,90943861,922220,91866081,1.0
20140729,1759973911,15141715,1775115626,0.85,116583289,1104603,117687892,0.94
20140730,1789359634,15410278,1804769912,0.85,117678511,1033038,118711549,0.87
20140731,1725837112,16319075,1742156187,0.94,116795958,1143260,117939218,0.97
20140801,1701767525,14770402,1716537927,0.86,122064476,1143342,123207818,0.93
20140802,1552411579,13577823,1565989402,0.87,105933351,1095524,107028875,1.02
20140803,1488426356,14415464,1502841820,0.96,104547121,1081526,105628647,1.02
20140804,1567355316,15076624,1582431940,0.95,105019502,1053544,106073046,0.99
20140805,1512840886,14839192,1527680078,0.97,106493675,894194,107387869,0.83
20140806,1545235531,15471633,1560707164,0.99,94406130,883862,95289992,0.93
20140807,1552565384,14491923,1567057307,0.92,91880708,855739,92736447,0.92
20140808,1512318786,14121911,1526440697,0.93,89573593,830960,90404553,0.92
20140809,1462448387,13552259,1476000646,0.92,80025002,766245,80791247,0.95
20140810,1676363236,17138116,1693501352,1.01,93767087,899919,94667006,0.95
20140811,1478031363,13446096,1491477459,0.9,87305680,821229,88126909,0.93
20140812,1569189882,14928935,1584118817,0.94,90771940,829758,91601698,0.91
20140813,1661282039,18548948,1679830987,1.1,91210417,811103,92021520,0.88
20140814,1590029187,16939937,1606969124,1.05,93561973,829927,94391900,0.88
20140815,1717142907,18047022,1735189929,1.04,114147386,1241608,115388994,1.08
20140816,1916576034,21549172,1938125206,1.11,125845008,1861471,127706479,1.46
20140817,1884706929,22443307,1907150236,1.18,124846608,1899349,126745957,1.5
20140818,2084129569,22305297,2106434866,1.06,141652691,1931737,143584428,1.35
20140819,2088172191,22289361,2110461552,1.06,144383175,1939717,146322892,1.33
20140820,2028769737,18910811,2047680548,0.92,143765801,1932814,145698615,1.33
20140821,1899962141,13857090,1913819231,0.72,142722142,1929006,144651148,1.33
20140822,1988180589,14235061,2002415650,0.71,155607014,1977298,157584312,1.25
20140823,1704545703,12641542,1717187245,0.74,134001927,1857953,135859880,1.37
20140824,1706503067,12805749,1719308816,0.74,131297271,1938373,133235644,1.45
20140825,1932733164,14632515,1947365679,0.75,150263818,1993010,152256828,1.31
20140826,1858653381,14192884,1872846265,0.76,150765309,2048136,152813445,1.34
20140827,1907170154,14718191,1921888345,0.77,146455326,2143673,148598999,1.44
20140828,1920093476,12929700,1933023176,0.67,150642551,2101459,152744010,1.38
20140829,1762114552,12606088,1774720640,0.71,142081738,1569048,143650786,1.09
20140830,1604434480,11477847,1615912327,0.71,128701551,1583091,130284642,1.22
20140831,1588965818,11309729,1600275547,0.71,135075717,1612645,136688362,1.18
20140901,2032476371,21658310,2054134681,1.05,157046865,1678432,158725297,1.06
20140902,1976687058,17561224,1994248282,0.88,152179109,1566185,153745294,1.02
20140903,3142341223,32814300,3175155523,1.03,222527773,2368349,224896122,1.05
20140904,1954245784,13359123,1967604907,0.68,147192322,1910771,149103093,1.28
20140905,1854162988,12729563,1866892551,0.68,148064174,1679096,149743270,1.12
20140906,1701542043,11335715,1712877758,0.66,131525749,1417649,132943398,1.07
20140907,1746018738,11304481,1757323219,0.64,131657856,1741853,133399709,1.31
20140908,2021208052,13145049,2034353101,0.65,148742663,1707339,150450002,1.13
20140909,2099351914,14113257,2113465171,0.67,146632286,1565402,148197688,1.06
20140910,2095042986,13691090,2108734076,0.65,146477893,1532312,148010205,1.04
20140911,2118903545,13796016,2132699561,0.65,154942249,1711743,156653992,1.09
20140912,2139390620,13712763,2153103383,0.64,155387779,1993761,157381540,1.27
20140913,1882167232,12155547,1894322779,0.64,139791233,1699098,141490331,1.2
20140914,1723628793,11325931,1734954724,0.65,132322444,1479330,133801774,1.11
20140915,1927066665,13216813,1940283478,0.68,145643042,1677353,147320395,1.14
20140916,1418518238,9586317,1428104555,0.67,121845032,1080716,122925748,0.88
20140917,1383166085,10553837,1393719922,0.76,110563335,1029946,111593281,0.92
20140918,2114747184,13929300,2128676484,0.65,156878244,1574414,158452658,0.99
20140919,2489002132,16314006,2505316138,0.65,174365599,1649857,176015456,0.94
20140920,2233277025,15793075,2249070100,0.7,157218021,1556435,158774456,0.98
20140921,2106994463,14159745,2121154208,0.67,156621489,1600332,158221821,1.01
20140922,2563751894,17491773,2581243667,0.68,179949885,1728509,181678394,0.95
20140923,2701590318,16450175,2718040493,0.61,176606689,1733527,178340216,0.97
20140924,2789470252,16607007,2806077259,0.59,187880408,1815449,189695857,0.96
20140925,2636777751,16709751,2653487502,0.63,223372528,1995398,225367926,0.89
20140926,2486341513,17381144,2503722657,0.69,217232053,2001938,219233991,0.91
20140927,2777442405,31591249,2809033654,1.12,245378748,2334437,247713185,0.94
20140928,2154912891,14086673,2168999564,0.65,191736864,1834213,193571077,0.95
20140929,2483809573,15977130,2499786703,0.64,216609059,1963197,218572256,0.9
20140930,2767399142,26771586,2794170728,0.96,209006811,1963369,210970180,0.93
20141001,2485367146,17431071,2502798217,0.7,125414947,1684682,127099629,1.33
20141002,2617512857,19613684,2637126541,0.74,162714961,1907078,164622039,1.16
20141003,2389543885,14062215,2403606100,0.59,120464291,1757253,122221544,1.44
20141004,2149093566,11851083,2160944649,0.55,117538064,1600747,119138811,1.34
20141005,2340674229,14966502,2355640731,0.64,156596071,1841974,158438045,1.16
20141006,2613800198,16305389,2630105587,0.62,172196827,1930334,174127161,1.11
20141007,2707260215,17515227,2724775442,0.64,173894700,1860148,175754848,1.06
20141008,2855973596,17883082,2873856678,0.62,178172503,1750628,179923131,0.97
20141009,2910798144,17612023,2928410167,0.6,181647264,1820575,183467839,0.99
20141010,2863355268,17651239,2881006507,0.61,182178101,1840069,184018170,1.0
20141011,2438177190,15673405,2453850595,0.64,162049073,1660244,163709317,1.01
20141012,2420229044,15362619,2435591663,0.63,159813670,1717285,161530955,1.06
20141013,2756377539,17104043,2773481582,0.62,173859398,1798132,175657530,1.02
20141014,2762951873,18583595,2781535468,0.67,177824484,2046289,179870773,1.14
20141015,2819450334,24560552,2844010886,0.86,178460453,1944001,180404454,1.08
20141016,2798780280,19404560,2818184840,0.69,177345433,2023112,179368545,1.13
20141017,2607151681,17414730,2624566411,0.66,170807766,2013353,172821119,1.16
20141018,2473573374,15978238,2489551612,0.64,157697781,1801020,159498801,1.13
20141019,2300720107,15035517,2315755624,0.65,155344871,1759226,157104097,1.12
20141020,2964891536,18567027,2983458563,0.62,177771910,1879026,179650936,1.05
20141021,3015819410,18450497,3034269907,0.61,186037640,1901102,187938742,1.01
20141022,2860757518,17934891,2878692409,0.62,181637831,1926846,183564677,1.05
20141023,2957827820,20109880,2977937700,0.68,190084320,1979727,192064047,1.03
20141024,3992019429,51667004,4043686433,1.28,280954184,2731126,283685310,0.96
20141025,4027161221,60734182,4087895403,1.49,292966361,2961621,295927982,1.0
20141026,2350094348,14879101,2364973449,0.63,169756494,1717363,171473857,1.0
20141027,3746324906,47724834,3794049740,1.26,250297411,2487282,252784693,0.98
20141028,2965101575,23533151,2988634726,0.79,203146842,2139782,205286624,1.04
20141029,2858958100,18053568,2877011668,0.63,193597961,1905555,195503516,0.97
20141030,2839904781,17920905,2857825686,0.63,195023285,1915276,196938561,0.97
20141031,2634090505,17225656,2651316161,0.65,188699418,1887998,190587416,0.99
20141101,2273128020,15393122,2288521142,0.67,174835942,1799025,176634967,1.02
20141102,2395618290,15259004,2410877294,0.63,175810941,1802614,177613555,1.01
20141103,2729770352,17486098,2747256450,0.64,194291484,1894736,196186220,0.97
20141104,2675921285,17815831,2693737116,0.66,195701319,1870070,197571389,0.95
20141105,2716387016,17806885,2734193901,0.65,195915343,1862382,197777725,0.94
20141106,2892365517,18210499,2910576016,0.63,201742479,1637670,203380149,0.81
20141107,2693291008,18005960,2711296968,0.66,199695999,1977947,201673946,0.98
20141109,2362625835,14803073,2377428908,0.62,182990194,1809886,184800080,0.98
20141110,2826000461,17818071,2843818532,0.63,209912357,1938707,211851064,0.92
20141111,2784701943,18768381,2803470324,0.67,210786011,1990149,212776160,0.94
20141112,2790950100,19440500,2810390600,0.69,208777732,2066536,210844268,0.98
20141113,2821056099,19105214,2840161313,0.67,204692071,1901945,206594016,0.92
20141114,2719451389,18104111,2737555500,0.66,206760602,2034170,208794772,0.97
20141115,2398045045,15182184,2413227229,0.63,188700801,1989466,190690267,1.04
20141116,2357246944,14636399,2371883343,0.62,187145518,2056688,189202206,1.09
20141117,2668816721,16555798,2685372519,0.62,208751904,2130670,210882574,1.01
20141118,2725259030,16625246,2741884276,0.61,200778029,2200350,202978379,1.08
20141119,2904985160,16993708,2921978868,0.58,200639944,2284963,202924907,1.13
20141120,2753494514,16461853,2769956367,0.59,199293356,2294968,201588324,1.14
20141121,2644630924,16499701,2661130625,0.62,201508040,2276755,203784795,1.12
20141122,2168653289,14256417,2182909706,0.65,178366180,2149707,180515887,1.19
20141123,2273047667,14125307,2287172974,0.62,178662241,2132190,180794431,1.18
20141124,2642281817,16157828,2658439645,0.61,198234556,2264198,200498754,1.13
20141125,2582455542,19415468,2601871010,0.75,193515277,2311689,195826966,1.18
20141126,2640743339,18526595,2659269934,0.7,201189782,2344766,203534548,1.15
20141127,2789791021,18350110,2808141131,0.65,193580484,2335564,195916048,1.19
20141128,2739932459,18465760,2758398219,0.67,192403742,2316202,194719944,1.19
20141129,2304327571,17882698,2322210269,0.77,179646844,2223871,181870715,1.22
20141130,2275748257,16823091,2292571348,0.73,182306329,2216266,184522595,1.2
20141201,2867472619,18735119,2886207738,0.65,201139589,2356051,203495640,1.16
20141202,2983646730,19599694,3003246424,0.65,200469018,2425534,202894552,1.2
20141203,2781980235,18641224,2800621459,0.67,257358492,3343985,260702477,1.28
20141204,2721622507,18265204,2739887711,0.67,195032248,2568775,197601023,1.3
20141205,2843214659,17642186,2860856845,0.62,185960062,2297855,188257917,1.22
20141206,2667231245,17535183,2684766428,0.65,177173135,2109168,179282303,1.18
20141207,2288591347,15788796,2304380143,0.69,169696432,2027164,171723596,1.18
20141208,2696038087,18164736,2714202823,0.67,187557977,2211309,189769286,1.17
20141209,3208081622,18648473,3226730095,0.58,199492395,2007933,201500328,1.0
20141210,3320296476,20017796,3340314272,0.6,213233040,3400943,216633983,1.57
20141211,2828449121,20258214,2848707335,0.71,210807906,2171788,212979694,1.02
20141212,2602463286,19866103,2622329389,0.76,192806245,2305285,195111530,1.18
20141213,2516419061,17901845,2534320906,0.71,175556718,2308178,177864896,1.3
20141214,2408218673,16986298,2425204971,0.7,173735482,2295210,176030692,1.3
20141215,2574364528,17518470,2591882998,0.68,192179321,2412017,194591338,1.24
20141216,2683308098,15807998,2699116096,0.59,198492874,2437839,200930713,1.21
20141217,2887199721,15252779,2902452500,0.53,197913550,2438735,200352285,1.22
20141218,2925593836,15260048,2940853884,0.52,199569467,2398885,201968352,1.19
20141219,2738699540,15384220,2754083760,0.56,199240264,2379941,201620205,1.18
20141220,2400641724,13373629,2414015353,0.55,183711286,2294420,186005706,1.23
20141221,2494188617,13233300,2507421917,0.53,177916865,2326347,180243212,1.29
20141222,2796475120,14917964,2811393084,0.53,195213882,2407556,197621438,1.22
20141223,2626772188,15454764,2642226952,0.58,202640943,2493184,205134127,1.22
20141224,2311595881,13988954,2325584835,0.6,186534239,2436972,188971211,1.29
20141225,2304398594,12852671,2317251265,0.55,177800719,2392828,180193547,1.33
20141226,2428068699,13480693,2441549392,0.55,180288062,2361188,182649250,1.29
20141227,2196768877,13258678,2210027555,0.6,176419550,2300644,178720194,1.29
20141228,2202521563,13099077,2215620640,0.59,179226571,2345612,181572183,1.29
20141229,2739427828,14564811,2753992639,0.53,196287645,2432184,198719829,1.22
20141230,2662615778,13940119,2676555897,0.52,191609332,2404469,194013801,1.24
20141231,2312328704,15203157,2327531861,0.65,185263005,2326082,187589087,1.24
20150101,2655141541,34854323,2689995864,1.3,202603175,2699530,205302705,1.31
20150102,2655275972,16910587,2672186559,0.63,190791725,2255203,193046928,1.17
20150103,2513783338,15613129,2529396467,0.62,185326585,2289150,187615735,1.22
20150104,2395397579,20757783,2416155362,0.86,187151571,2333204,189484775,1.23
20150105,2672543840,17658514,2690202354,0.66,191001981,2359628,193361609,1.22
20150106,3019049439,19152700,3038202139,0.63,194633997,2480073,197114070,1.26
20150107,2908904629,18884077,2927788706,0.64,207892461,2490340,210382801,1.18
20150108,2928506658,19095011,2947601669,0.65,211430351,2494496,213924847,1.17
20150109,2785507012,17778568,2803285580,0.63,209087978,2441558,211529536,1.15
20150110,2664859039,14579058,2679438097,0.54,190497698,2299489,192797187,1.19
20150111,2498596880,14281872,2512878752,0.57,193105190,2320982,195426172,1.19
20150112,4236765716,32541695,4269307411,0.76,276908646,3242935,280151581,1.16
20150113,2869346382,16762669,2886109051,0.58,216564997,2438653,219003650,1.11
20150114,10534610854,122989078,10657599932,1.15,612041076,5562836,617603912,0.9
20150115,2908947298,15761610,2924708908,0.54,214402430,2517380,216919810,1.16
20150116,2679258843,15404165,2694663008,0.57,215301422,2409227,217710649,1.11
20150117,2416413424,13640296,2430053720,0.56,204818931,2296556,207115487,1.11
20150118,2581829106,13473957,2595303063,0.52,203400660,2266119,205666779,1.1
20150119,3010094655,15913844,3026008499,0.53,220991467,2438575,223430042,1.09
20150120,2826898751,15610178,2842508929,0.55,221002274,2421349,223423623,1.08
20150121,2864305320,15896658,2880201978,0.55,224049615,2406852,226456467,1.06
20150122,3251049409,16764217,3267813626,0.51,238828880,2592659,241421539,1.07
20150123,2935476594,15789984,2951266578,0.54,220464800,2377013,222841813,1.07
20150124,2569637844,16050781,2585688625,0.62,210338960,2323364,212662324,1.09
20150125,2579965644,15551958,2595517602,0.6,203590747,2468263,206059010,1.2
20150126,3089706952,17799701,3107506653,0.57,223782163,2436464,226218627,1.08
20150127,3049773076,15848137,3065621213,0.52,223816599,2188916,226005515,0.97
20150128,2902033281,16099593,2918132874,0.55,238087914,2182466,240270380,0.91
20150129,3004552935,16566294,3021119229,0.55,236534136,2236146,238770282,0.94
20150130,2986628483,15946867,3002575350,0.53,220504506,2138384,222642890,0.96
20150131,2669991466,14617728,2684609194,0.54,206331386,1961900,208293286,0.94
20150201,2447106720,13371913,2460478633,0.54,190967891,2113115,193081006,1.09
20150202,2821567972,16137596,2837705568,0.57,195720756,2182041,197902797,1.1
20150203,3079981555,16237132,3096218687,0.52,207540863,2186228,209727091,1.04
20150204,3179450896,17578559,3197029455,0.55,222760521,2222512,224983033,0.99
20150205,2824212138,17035389,2841247527,0.6,217997536,2175419,220172955,0.99
20150206,2882877658,17257478,2900135136,0.6,215047390,1573082,216620472,0.73
20150207,2740020794,15489798,2755510592,0.56,206366187,1352890,207719077,0.65
20150208,2764430611,15447717,2779878328,0.56,203717386,1717000,205434386,0.84
20150209,3071590288,17821127,3089411415,0.58,224373593,1788261,226161854,0.79
20150210,3067897997,16872552,3084770549,0.55,228288518,1820836,230109354,0.79
20150211,3125336451,16501457,3141837908,0.53,223856412,1879869,225736281,0.83
20150212,3172671528,15795917,3188467445,0.5,222901436,1779526,224680962,0.79
20150213,3387023844,21306075,3408329919,0.63,222543757,1909849,224453606,0.85
20150214,2690270596,14479988,2704750584,0.54,200116632,1959846,202076478,0.97
20150215,2724558364,14368538,2738926902,0.52,200835880,2004469,202840349,0.99
20150216,2795902588,15412893,2811315481,0.55,221684505,2056488,223740993,0.92
20150217,2772094565,14868298,2786962863,0.53,216310735,2040190,218350925,0.93
20150218,2944401209,15266337,2959667546,0.52,210794878,1993347,212788225,0.94
20150219,2952674733,16724797,2969399530,0.56,227407168,1961796,229368964,0.86
20150220,2717827334,16575573,2734402907,0.61,233783770,2139221,235922991,0.91
20150221,2398718449,15695752,2414414201,0.65,218062336,2086067,220148403,0.95
20150222,2537179245,15468394,2552647639,0.61,217620847,2090058,219710905,0.95
20150223,2913150178,17259013,2930409191,0.59,226822397,2363496,229185893,1.03
20150224,2782819616,17790021,2800609637,0.64,227561418,2378226,229939644,1.03
20150225,2794865465,18274806,2813140271,0.65,227224943,2430875,229655818,1.06
20150226,2981467805,17225789,2998693594,0.57,221152602,2211251,223363853,0.99
20150227,2966088252,16153472,2982241724,0.54,221203308,2137738,223341046,0.96
20150228,2487627528,14410746,2502038274,0.58,208296747,2117555,210414302,1.01
20150302,2880617251,16444771,2897062022,0.57,221193996,2009208,223203204,0.9
20150303,2982077567,16737184,2998814751,0.56,225372207,2180784,227552991,0.96
20150304,2871724103,17143144,2888867247,0.59,222499727,2164042,224663769,0.96
20150305,2866492283,17327628,2883819911,0.6,224802110,2265518,227067628,1.0
20150306,3134968811,19319331,3154288142,0.61,236429920,2296458,238726378,0.96
20150307,2691781004,18086221,2709867225,0.67,207503964,2193320,209697284,1.05
20150308,2433493899,16709398,2450203297,0.68,204289266,2182248,206471514,1.06
20150309,2855411826,19393698,2874805524,0.67,230700958,2548519,233249477,1.09
20150310,3123423448,19940961,3143364409,0.63,234925250,2273649,237198899,0.96
20150311,3069876774,18983107,3088859881,0.61,236105348,2338673,238444021,0.98
20150312,2872019101,19036991,2891056092,0.66,227359367,2481460,229840827,1.08
20150313,3094951744,21145686,3116097430,0.68,240578598,2505705,243084303,1.03
20150314,2623681947,17692365,2641374312,0.67,211974417,2287094,214261511,1.07
20150315,2577339281,17235531,2594574812,0.66,213365526,2309064,215674590,1.07
20150316,2847742505,22102845,2869845350,0.77,229952055,2429847,232381902,1.05
20150317,2909076723,20247486,2929324209,0.69,232290387,2409509,234699896,1.03
20150318,3399621979,31507647,3431129626,0.92,262685892,2550772,265236664,0.96
20150319,2916347661,17330627,2933678288,0.59,239516531,2559223,242075754,1.06
20150320,2743527121,18718066,2762245187,0.68,230559311,2316691,232876002,0.99
20150321,2446773335,17723427,2464496762,0.72,211477499,2046716,213524215,0.96
20150322,2570898496,16739584,2587638080,0.65,212727990,2015568,214743558,0.94
20150323,2853753246,19613961,2873367207,0.68,232437564,2189748,234627312,0.93
20150324,2850535361,20889708,2871425069,0.73,236325666,2123091,238448757,0.89
20150325,3230631079,27200698,3257831777,0.83,289619953,2663617,292283570,0.91
20150326,2867877143,20707552,2888584695,0.72,241621126,2161921,243783047,0.89
20150327,2762377260,19904432,2782281692,0.72,236793599,2060399,238853998,0.86
20150328,2670444096,19716779,2690160875,0.73,226875520,2016945,228892465,0.88
20150329,2470004888,17432343,2487437231,0.7,216867642,1970557,218838199,0.9
20150330,2968709139,19627985,2988337124,0.66,233803416,2100405,235903821,0.89
20150401,3156683569,20861491,3177545060,0.66,240226568,2267624,242494192,0.94
20150402,2853385525,22133416,2875518941,0.77,232784233,3172464,235956697,1.34
20150403,2682293915,21012810,2703306725,0.78,211270747,3009146,214279893,1.4
20150404,2559043964,20699524,2579743488,0.8,209884324,3189793,213074117,1.5
20150405,2467471821,20772031,2488243852,0.83,209603692,3169686,212773378,1.49
20150406,2852686478,21729667,2874416145,0.76,222712815,3244930,225957745,1.44
20150407,3091953471,22948840,3114902311,0.74,234461227,3293463,237754690,1.39
20150409,3234963966,29992982,3264956948,0.92,236169688,3393655,239563343,1.42
20150410,3003251018,21946859,3025197877,0.73,230116322,3411428,233527750,1.46
20150411,2656932523,20975294,2677907817,0.78,225367788,2983939,228351727,1.31
20150412,2624464112,19918883,2644382995,0.75,221685678,2501244,224186922,1.12
20150413,3040948234,21835695,3062783929,0.71,232704536,2586158,235290694,1.1
20150414,3178420684,23248266,3201668950,0.73,244583591,2630077,247213668,1.06
20150415,3278207984,24936581,3303144565,0.75,244760975,2680852,247441827,1.08
20150416,3221690701,23281581,3244972282,0.72,235833246,2510595,238343841,1.05
20150417,3025273227,19805238,3045078465,0.65,235308570,2482072,237790642,1.04
20150418,2721484469,18417234,2739901703,0.67,227550670,2420285,229970955,1.05
20150419,2703984194,18321447,2722305641,0.67,227553311,2418489,229971800,1.05
20150420,3057324497,20019297,3077343794,0.65,236922257,2571166,239493423,1.07
20150421,3059321311,20294483,3079615794,0.66,244421948,2582828,247004776,1.05
20150422,3050823253,20676773,3071500026,0.67,241847787,2620406,244468193,1.07
20150423,2971521740,21091712,2992613452,0.7,248225139,2871155,251096294,1.14
20150424,2920991612,20509097,2941500709,0.7,234894398,2813779,237708177,1.18
20150425,2483001826,18488461,2501490287,0.74,224886294,2413896,227300190,1.06
20150426,2447422186,18104887,2465527073,0.73,218899959,2387780,221287739,1.08
20150427,3082071067,20093675,3102164742,0.65,242683265,2438056,245121321,0.99
20150428,3146801583,20850123,3167651706,0.66,243294065,2223486,245517551,0.91
20150429,3225576600,24118943,3249695543,0.74,255604392,2536662,258141054,0.98
20150507,2835076603,22835883,2857912486,0.8,213742872,2162642,215905514,1.0
20150508,2798197236,21360012,2819557248,0.76,212192767,1668181,213860948,0.78
20150509,2401765869,21309848,2423075717,0.88,198026138,1916742,199942880,0.96
20150510,2426290188,25754032,2452044220,1.05,201870328,1855283,203725611,0.91
20150511,2640643316,21224508,2661867824,0.8,208910119,2011176,210921295,0.95
20150512,2939257522,22366947,2961624469,0.76,222903149,2100822,225003971,0.93
20150513,3357862665,22259425,3380122090,0.66,212282857,2205640,214488497,1.03
20150514,5379606262,60336207,5439942469,1.11,304281776,3396800,307678576,1.1
20150515,3609761523,33409547,3643171070,0.92,229840882,2918352,232759234,1.25
20150516,3016642664,21177065,3037819729,0.7,213331508,2641052,215972560,1.22
20150517,2987081185,21881785,3008962970,0.73,217930857,2659128,220589985,1.21
20150518,3615526858,23106588,3638633446,0.64,234739671,2770113,237509784,1.17
20150519,3536834526,22456670,3559291196,0.63,241404220,2687679,244091899,1.1
20150520,3835533986,22349507,3857883493,0.58,233368220,2869053,236237273,1.21
20150521,3686468035,20727619,3707195654,0.56,235582374,3076185,238658559,1.29
20150522,3347233989,19644049,3366878038,0.58,224274203,3010915,227285118,1.32
20150523,2721420430,17478615,2738899045,0.64,200505005,2813235,203318240,1.38
20150524,2575052008,16897788,2591949796,0.65,199589124,2808950,202398074,1.39
20150525,2820775219,18245977,2839021196,0.64,210025378,3193443,213218821,1.5
20150526,3015867005,18891145,3034758150,0.62,215024722,3273619,218298341,1.5
20150527,3118997590,18341417,3137339007,0.58,185723868,2540115,188263983,1.35
20150528,2816248103,19379460,2835627563,0.68,188332231,2403825,190736056,1.26
20150529,2744567142,18579634,2763146776,0.67,185847727,2174958,188022685,1.16
20150530,2379672013,16858480,2396530493,0.7,162296280,2161799,164458079,1.31
20150601,2785012322,17885062,2802897384,0.64,200090740,2497562,202588302,1.23
20150602,2780061573,18986739,2799048312,0.68,238257582,2884419,241142001,1.2
20150603,2756392351,17952949,2774345300,0.65,244927344,2898680,247826024,1.17
20150604,2740688538,17646482,2758335020,0.64,241310769,3069034,244379803,1.26
20150605,2754723974,18840256,2773564230,0.68,238793689,4211840,243005529,1.73
20150606,2577068850,17157158,2594226008,0.66,198324022,4531940,202855962,2.23
20150607,2473221537,16107363,2489328900,0.65,192547713,4546614,197094327,2.31
20150608,2823513742,18428540,2841942282,0.65,219577200,5198121,224775321,2.31
20150609,2991101579,18995567,3010097146,0.63,222725877,5207506,227933383,2.28
20150610,2879679693,18372462,2898052155,0.63,231187314,8478756,239666070,3.54
20150611,2847214114,17536127,2864750241,0.61,224535040,8285956,232820996,3.56
20150612,2735290182,17003461,2752293643,0.62,216957860,7970483,224928343,3.54
20150613,2470577387,15242058,2485819445,0.61,197237179,7853306,205090485,3.83
20150614,2499240821,15982860,2515223681,0.64,198553959,7812039,206365998,3.79
20150615,3114826364,16845582,3131671946,0.54,220684688,7695676,228380364,3.37
20150616,3189889638,17021114,3206910752,0.53,225101948,7159590,232261538,3.08
20150617,2891679238,17178695,2908857933,0.59,230500556,6443789,236944345,2.72
20150618,2911975677,17670447,2929646124,0.6,240845199,8751824,249597023,3.51
20150619,3075635930,16865254,3092501184,0.55,234620036,8772710,243392746,3.6
20150620,2260481376,15123138,2275604514,0.66,209432581,8254122,217686703,3.79
20150621,2338003778,15049624,2353053402,0.64,204321182,8420567,212741749,3.96
20150622,2752989893,16717841,2769707734,0.6,247184520,8518353,255702873,3.33
20150629,2976818971,17546005,2994364976,0.59,256668474,9151632,265820106,3.44
20150630,3065303083,18214507,3083517590,0.59,271889858,9295521,281185379,3.31
20150701,2957179670,18163812,2975343482,0.61,267996665,9171315,277167980,3.31
20150702,2956870711,18796101,2975666812,0.63,280417020,10013020,290430040,3.45
20150703,3471080740,24598782,3495679522,0.7,291127487,10231479,301358966,3.4
20150704,4054519098,34502580,4089021678,0.84,343513341,10402092,353915433,2.94
20150705,2707753974,19295125,2727049099,0.71,264352477,9821974,274174451,3.58
20150706,2877452163,18383034,2895835197,0.63,270070413,9637408,279707821,3.45
20150707,3055405877,19562637,3074968514,0.64,274621365,10048049,284669414,3.53
20150708,3157730857,19282642,3177013499,0.61,286858683,9858948,296717631,3.32
20150709,3062252278,19176810,3081429088,0.62,277858942,10334169,288193111,3.59
20150710,3485031600,18235594,3503267194,0.52,264125435,10581923,274707358,3.85
20150711,4303249028,17184628,4320433656,0.4,244517882,10405662,254923544,4.08
20150712,4118763992,17238445,4136002437,0.42,252109897,10397765,262507662,3.96
20150713,4398189792,18635108,4416824900,0.42,261996990,10623821,272620811,3.9
20150714,4548897575,19707946,4568605521,0.43,270067458,10854401,280921859,3.86
20150715,4777786109,21140460,4798926569,0.44,275778992,10897862,286676854,3.8
20150716,4610521101,19572716,4630093817,0.42,274208437,10318305,284526742,3.63
20150717,4441429008,19164421,4460593429,0.43,274848393,10577650,285426043,3.71
20150718,4778925266,16509457,4795434723,0.34,252754404,10381947,263136351,3.95
20150719,4603305911,15570306,4618876217,0.34,232906320,9423093,242329413,3.89
20150720,5595656529,19462161,5615118690,0.35,311588272,11700579,323288851,3.62
20150721,5387700708,19726225,5407426933,0.36,294214264,11678465,305892729,3.82
20150722,4568022790,18352249,4586375039,0.4,290187790,10809710,300997500,3.59
20150723,4695709248,18895986,4714605234,0.4,277862578,11691795,289554373,4.04
20150724,4641249816,18304541,4659554357,0.39,270570121,11506942,282077063,4.08
20150725,4155488216,16358556,4171846772,0.39,248480894,11320726,259801620,4.36
20150726,4163854592,16276766,4180131358,0.39,247167552,11336481,258504033,4.39
20150727,4728437928,18127740,4746565668,0.38,284064373,11428884,295493257,3.87
20150728,4730614134,18009999,4748624133,0.38,290823842,11097623,301921465,3.68
20150729,4577581221,18676310,4596257531,0.41,273073682,10589856,283663538,3.73
20150730,4658851412,18714212,4677565624,0.4,275271897,9681449,284953346,3.4
20150731,4583543421,18394240,4601937661,0.4,261729216,11704455,273433671,4.28
20150801,4210378271,17731505,4228109776,0.42,246219542,9581685,255801227,3.75
20150802,4131426801,17351674,4148778475,0.42,249255082,9554778,258809860,3.69
20150803,4477289183,18904379,4496193562,0.42,277275916,9713921,286989837,3.38
20150804,4681490143,20187807,4701677950,0.43,283886963,9846624,293733587,3.35
20150805,4780721206,19765598,4800486804,0.41,278515664,9864904,288380568,3.42
20150806,4774873688,19091526,4793965214,0.4,288962320,11274855,300237175,3.76
20150807,4646829790,19330603,4666160393,0.41,284075430,11203356,295278786,3.79
20150808,4287857651,16633671,4304491322,0.39,261487366,10451551,271938917,3.84
20150809,4194117567,15922068,4210039635,0.38,266407863,10392685,276800548,3.75
20150810,4605989105,18662307,4624651412,0.4,286493501,10421777,296915278,3.51
20150811,4575150234,18636546,4593786780,0.41,303244024,10052993,313297017,3.21
20150812,4285684694,20314402,4305999096,0.47,270137082,10139820,280276902,3.62
20150813,3786962307,17221876,3804184183,0.45,240192120,10051566,250243686,4.02
20150814,3605467287,18828792,3624296079,0.52,192106682,8788365,200895047,4.37
20150815,3323969410,17557428,3341526838,0.53,172161711,8527298,180689009,4.72
20150816,3456445709,16977642,3473423351,0.49,171560978,8347819,179908797,4.64
20150817,3804069968,16766815,3820836783,0.44,192927042,8606370,201533412,4.27
20150818,3686847692,19895400,3706743092,0.54,195750211,8648579,204398790,4.23
20150819,3657309296,19397673,3676706969,0.53,196367871,8826556,205194427,4.3
20150820,3538415061,16164515,3554579576,0.45,189659079,8475303,198134382,4.28
20150821,3826257385,17302813,3843560198,0.45,185613592,8917385,194530977,4.58
20150822,3781270033,16404917,3797674950,0.43,185406631,8891914,194298545,4.58
20150823,3735922046,17301833,3753223879,0.46,182813948,8701774,191515722,4.54
20150824,4187214923,16871895,4204086818,0.4,204909338,8351893,213261231,3.92
20150825,4307452177,16787512,4324239689,0.39,209630218,4423995,214054213,2.07
20150826,4677142469,19015740,4696158209,0.4,279983723,8883934,288867657,3.08
20150827,4663921102,20695293,4684616395,0.44,288798395,11010167,299808562,3.67
20150829,4564567287,19346651,4583913938,0.42,256945080,10212181,267157261,3.82
20150830,4296625452,19389257,4316014709,0.45,251862433,9863373,261725806,3.77
20150831,4719453733,20970662,4740424395,0.44,273788569,10078936,283867505,3.55
20150902,5056080871,21038004,5077118875,0.41,277486336,8512613,285998949,2.98
20150903,4759500970,19399367,4778900337,0.41,272901167,10802498,283703665,3.81
20150904,4657159611,18287113,4675446724,0.39,278053662,9935890,287989552,3.45
20150905,4399191799,17178736,4416370535,0.39,257158165,9689797,266847962,3.63
20150906,4426841368,19015219,4445856587,0.43,253310263,9665917,262976180,3.68
20150907,4711877333,18835032,4730712365,0.4,271085713,9789192,280874905,3.49
20150908,4877442643,19857132,4897299775,0.41,282582735,9904621,292487356,3.39
20150909,5267014363,20498724,5287513087,0.39,284549709,10041827,294591536,3.41
20150911,4834700024,20857655,4855557679,0.43,287281611,10410259,297691870,3.5
20150912,4594996947,19317657,4614314604,0.42,265971411,9734915,275706326,3.53
20150913,4551865458,19766158,4571631616,0.43,281728085,9781672,291509757,3.36
20150914,4677958871,19633897,4697592768,0.42,286124547,10208615,296333162,3.44
20150915,4870496374,20674977,4891171351,0.42,292189659,11224001,303413660,3.7
20150916,5040029161,23634469,5063663630,0.47,315878564,11221173,327099737,3.43
20150917,4892823591,22982010,4915805601,0.47,277236847,10107791,287344638,3.52
20150918,4471215704,20784847,4492000551,0.46,275424121,8045420,283469541,2.84
20150919,4164835149,22279975,4187115124,0.53,258161801,7958192,266119993,2.99
20150920,4332525052,19244458,4351769510,0.44,260216827,7934283,268151110,2.96
20150921,4421511343,21228677,4442740020,0.48,273236360,8868209,282104569,3.14
20150922,3013014724,24573309,3037588033,0.81,295142460,11111220,306253680,3.63
20150923,3218344199,23685078,3242029277,0.73,307665337,11050946,318716283,3.47
20150924,3335757426,22427249,3358184675,0.67,305071460,11034586,316106046,3.49
20150925,3388779091,21010894,3409789985,0.62,295266290,11014096,306280386,3.6
20150926,2854212414,19132257,2873344671,0.67,283986859,10846740,294833599,3.68
20150927,2871775694,19005264,2890780958,0.66,256617687,10807039,267424726,4.04
20150928,3364004917,21632749,3385637666,0.64,300427787,10844619,311272406,3.48
20150929,3284122759,20937387,3305060146,0.63,266656059,9170575,275826634,3.32
20150930,3247076861,19834044,3266910905,0.61,266721868,8223886,274945754,2.99
20151001,3310525387,22924710,3333450097,0.69,279819861,10223748,290043609,3.52
20151002,3294209237,19785004,3313994241,0.6,306197826,9680329,315878155,3.06
20151003,3048816350,19454038,3068270388,0.63,287932312,9155658,297087970,3.08
20151004,2878898951,21313224,2900212175,0.73,298433932,9124919,307558851,2.97
20151005,3345215996,20910820,3366126816,0.62,309017571,9384532,318402103,2.95
20151006,3381471951,21811685,3403283636,0.64,312063249,9587505,321650754,2.98
20151007,3449734261,22262181,3471996442,0.64,313503399,9275260,322778659,2.87
20151008,3412222795,21187987,3433410782,0.62,262486489,8590668,271077157,3.17
20151009,3017253685,19995019,3037248704,0.66,238423140,7102510,245525650,2.89
20151010,2697027317,18015579,2715042896,0.66,273854786,6941128,280795914,2.47
20151011,2632462458,16713496,2649175954,0.63,268467870,6847919,275315789,2.49
20151012,2792345463,18327968,2810673431,0.65,139284723,5219018,144503741,3.61
20151013,3377014425,20960782,3397975207,0.62,4632352,4005559,8637911,46.37
20151014,3548029619,21013947,3569043566,0.59,4575106,3882848,8457954,45.91
20151015,3493693751,20029466,3513723217,0.57,4508494,3825751,8334245,45.9
20151016,3032868069,20136230,3053004299,0.66,46707148,3946756,50653904,7.79
20151017,2695039024,19096663,2714135687,0.7,222835177,4790565,227625742,2.1
20151018,2770496438,20043017,2790539455,0.72,219886168,4718854,224605022,2.1
20151019,3252803219,22081328,3274884547,0.67,260611420,4953506,265564926,1.87
20151020,3266372992,22958097,3289331089,0.7,303482178,4855172,308337350,1.57
20151021,3444020491,22503713,3466524204,0.65,302718183,5600687,308318870,1.82
20151022,3588883911,22496935,3611380846,0.62,304776262,5837273,310613535,1.88
20151023,3316180112,21582283,3337762395,0.65,304578780,5279008,309857788,1.7
20151024,2582822873,18263478,2601086351,0.7,267512885,4948889,272461774,1.82
20151025,2639608561,18733267,2658341828,0.7,277763829,5001658,282765487,1.77
20151026,3029948799,20286812,3050235611,0.67,302253559,4930030,307183589,1.6
20151027,3122317739,21346074,3143663813,0.68,305109093,4070643,309179736,1.32
20151028,3168188313,21934985,3190123298,0.69,312200728,3654591,315855319,1.16
20151029,3259770815,24425313,3284196128,0.74,319635099,5234186,324869285,1.61
20151030,3387989303,22309875,3410299178,0.65,320865361,4797252,325662613,1.47
20151101,3027324372,21033649,3048358021,0.69,295604183,4866878,300471061,1.62
20151102,3530487860,23660588,3554148448,0.67,311353746,4754822,316108568,1.5
20151103,3623058671,22620333,3645679004,0.62,319444667,2829405,322274072,0.88
20151104,3632182400,22052230,3654234630,0.6,309550722,2537638,312088360,0.81
20151105,3749672072,22691034,3772363106,0.6,321969933,2430484,324400417,0.75
20151106,3494770680,22302679,3517073359,0.63,323637796,2213450,325851246,0.68
20151107,3454588406,20119027,3474707433,0.58,292299367,1980733,294280100,0.67
20151108,3460904530,19269279,3480173809,0.55,301775732,1962946,303738678,0.65
20151109,3589070154,21649785,3610719939,0.6,314560764,2235557,316796321,0.71
20151110,3657223695,22516029,3679739724,0.61,316327907,2260727,318588634,0.71
20151111,3781193874,22018168,3803212042,0.58,309809479,2172053,311981532,0.7
20151112,3896412322,24154221,3920566543,0.62,306631515,2192396,308823911,0.71
20151113,3535451582,19607068,3555058650,0.55,311121061,2137530,313258591,0.68
20151114,3228170304,17814081,3245984385,0.55,292337433,1868134,294205567,0.63
20151115,3458511106,17109158,3475620264,0.49,285768055,1758666,287526721,0.61
20151116,3923584822,20222082,3943806904,0.51,314203923,2006526,316210449,0.63
20151117,3645255919,22367909,3667623828,0.61,320329224,1878392,322207616,0.58
20151118,3644093810,21289733,3665383543,0.58,314690736,1915192,316605928,0.6
20151119,3734141029,20497907,3754638936,0.55,313332846,1714026,315046872,0.54
20151120,3582936122,20760902,3603697024,0.58,308559110,2022449,310581559,0.65
20151121,3040373303,19715559,3060088862,0.64,265085539,1510233,266595772,0.57
20151122,2850813213,19882440,2870695653,0.69,260746399,1609258,262355657,0.61
20151123,3301903585,20458945,3322362530,0.62,281864778,1659470,283524248,0.59
20151124,3745284579,21954463,3767239042,0.58,304593860,1766889,306360749,0.58
20151125,4026475766,33035058,4059510824,0.81,315180581,1900238,317080819,0.6
20151126,3706345198,30926147,3737271345,0.83,303945205,2131110,306076315,0.7
20151127,3619830998,29604112,3649435110,0.81,301779041,2023122,303802163,0.67
20151128,3431027794,29990337,3461018131,0.87,278224752,1809107,280033859,0.65
20151129,3524919235,30818802,3555738037,0.87,277469223,1713579,279182802,0.61
20151130,52828159800,47142221,52875302021,0.09,338697832,2898650,341596482,0.85
20151201,22405025010,40064043,22445089053,0.18,330551799,2620134,333171933,0.79
20151202,4435630083,37238711,4472868794,0.83,335883335,2185577,338068912,0.65
20151203,4425803233,33116618,4458919851,0.74,325287055,2224996,327512051,0.68
20151204,4294690467,35999517,4330689984,0.83,319846658,2186805,322033463,0.68
20151205,3885436401,41694413,3927130814,1.06,290572223,1954504,292526727,0.67
20151206,4088972385,39224559,4128196944,0.95,292146383,1859362,294005745,0.63
20151207,4550686036,46542612,4597228648,1.01,315956870,2135064,318091934,0.67
20151208,4449095803,43044912,4492140715,0.96,328913447,2426291,331339738,0.73
20151209,4362698963,47350396,4410049359,1.07,321293262,2526515,323819777,0.78
20151210,4127834750,45130279,4172965029,1.08,310669757,2402653,313072410,0.77
20151211,3749757144,32268208,3782025352,0.85,289276137,2178255,291454392,0.75
20151212,3413800036,30610408,3444410444,0.89,204636289,1534559,206170848,0.74
20151213,3322181342,29857683,3352039025,0.89,210809551,1993167,212802718,0.94
20151214,4144323604,32494078,4176817682,0.78,225395981,2020668,227416649,0.89
20151215,4277887010,32417948,4310304958,0.75,227906289,1929570,229835859,0.84
20151216,4195250700,32167093,4227417793,0.76,220439788,2104613,222544401,0.95
20151217,3986572309,28715482,4015287791,0.72,198429966,1562314,199992280,0.78
20151218,7234326254,23932874,7258259128,0.33,184046638,1234014,185280652,0.67
20151219,2716579483,22981961,2739561444,0.84,154715101,1180656,155895757,0.76
20151220,2725633704,24020769,2749654473,0.87,152516512,1053948,153570460,0.69
20151221,2968233335,26482602,2994715937,0.88,166170787,1223429,167394216,0.73
20151222,3133135170,23242501,3156377671,0.74,181401601,1345323,182746924,0.74
20151223,3798568627,28058985,3826627612,0.73,210719807,1686856,212406663,0.79
20151224,3531310409,27175372,3558485781,0.76,195091265,1497767,196589032,0.76
20151225,3274725715,25734019,3300459734,0.78,184136617,1465358,185601975,0.79
20151226,3334536647,25428814,3359965461,0.76,189321741,1376349,190698090,0.72
20151227,3374750842,24684842,3399435684,0.73,192646423,1464567,194110990,0.75
20151228,3814113026,27650646,3841763672,0.72,208908705,1608952,210517657,0.76
20151229,3805037255,28065465,3833102720,0.73,208714648,1676061,210390709,0.8
20151230,4167610226,58094618,4225704844,1.37,209459442,1634417,211093859,0.77
20151231,4535826804,62524962,4598351766,1.36,206804611,1585266,208389877,0.76
20160101,4172948209,52823651,4225771860,1.25,198112796,1481265,199594061,0.74
20160102,4257193409,59836554,4317029963,1.39,200545033,1420888,201965921,0.7
20160103,4271509345,56306985,4327816330,1.3,204243394,1472523,205715917,0.72
20160104,4964060774,60033936,5024094710,1.19,218830481,1622972,220453453,0.74
20160105,4936899257,54959550,4991858807,1.1,222791800,1665094,224456894,0.74
20160106,4929010549,60456473,4989467022,1.21,261261178,1871286,263132464,0.71
20160107,5179037821,70171539,5249209360,1.34,329351465,2052017,331403482,0.62
20160108,5113104157,65898751,5179002908,1.27,315850084,2105029,317955113,0.66
20160109,4752651247,57340285,4809991532,1.19,300653461,2112928,302766389,0.7
20160110,4179048753,51579828,4230628581,1.22,301397158,2069053,303466211,0.68
20160111,4695547147,57755862,4753303009,1.22,323408831,2322239,325731070,0.71
20160112,4883708545,58357316,4942065861,1.18,326908116,2239736,329147852,0.68
20160113,4758704724,41911649,4800616373,0.87,323508173,2086005,325594178,0.64
20160114,4426731098,29632369,4456363467,0.66,323025051,2138175,325163226,0.66
20160115,4935331291,53966240,4989297531,1.08,322525060,2068173,324593233,0.64
20160116,4370350289,54255712,4424606001,1.23,297555862,1936163,299492025,0.65
20160117,4474711289,51454984,4526166273,1.14,299294679,2011749,301306428,0.67
20160118,5027108130,67980340,5095088470,1.33,334085461,2420051,336505512,0.72
20160119,4900575514,62164701,4962740215,1.25,330645156,2386740,333031896,0.72
20160120,4741560617,56894127,4798454744,1.19,334982404,2335738,337318142,0.69
20160121,4268392926,55123405,4323516331,1.27,303210309,2157339,305367648,0.71
20160122,4289787890,50998107,4340785997,1.17,264623667,2042302,266665969,0.77
20160123,3851644207,57403807,3909048014,1.47,249733868,1861582,251595450,0.74
20160124,3845835511,61026364,3906861875,1.56,254857787,1996740,256854527,0.78
20160125,4559069139,60222424,4619291563,1.3,286976802,2040632,289017434,0.71
20160126,4895566143,50034964,4945601107,1.01,335673436,2056423,337729859,0.61
20160127,4976698792,57933747,5034632539,1.15,336796529,2167799,338964328,0.64
20160128,5076544492,62062610,5138607102,1.21,337795910,2103982,339899892,0.62
20160129,3743993009,60458963,3804451972,1.59,268034284,1578632,269612916,0.59
20160130,3729126527,69256382,3798382909,1.82,248733237,1395171,250128408,0.56
20160131,3472193118,68110645,3540303763,1.92,237039633,1432803,238472436,0.6
20160201,4247885039,51792078,4299677117,1.2,276617307,1827571,278444878,0.66
20160202,3761827423,43965875,3805793298,1.16,264402832,1650162,266052994,0.62
20160203,3728266424,55445382,3783711806,1.47,310570767,1784252,312355019,0.57
20160204,4712427707,57999610,4770427317,1.22,338700322,2193880,340894202,0.64
20160205,4443659388,51466408,4495125796,1.14,308726943,1904222,310631165,0.61
20160206,3620224498,46195979,3666420477,1.26,214922729,1153180,216075909,0.53
20160207,3534272367,45654515,3579926882,1.28,218747026,1145553,219892579,0.52
20160208,4176323388,42892261,4219215649,1.02,273810400,1465414,275275814,0.53
20160209,4982159087,54062827,5036221914,1.07,346982360,1977981,348960341,0.57
20160210,5072576084,62966954,5135543038,1.23,355525908,2098944,357624852,0.59
20160211,5007607804,60060293,5067668097,1.19,363117405,2016815,365134220,0.55
20160212,5063000762,69338185,5132338947,1.35,357697171,2004509,359701680,0.56
20160213,4691671592,68951434,4760623026,1.45,335863327,1779838,337643165,0.53
20160214,4615987088,69023014,4685010102,1.47,332361950,1677480,334039430,0.5
20160215,5200779846,73577091,5274356937,1.39,332404086,1924874,334328960,0.58
20160216,5308635514,79359526,5387995040,1.47,339849915,2096656,341946571,0.61
20160217,5218930332,79155803,5298086135,1.49,339130041,2913089,342043130,0.85
20160218,5419843681,79891028,5499734709,1.45,351954499,3303012,355257511,0.93
20160219,5429709095,81368208,5511077303,1.48,346719962,3299813,350019775,0.94
20160220,4795813788,73707053,4869520841,1.51,307527788,2951158,310478946,0.95
20160221,4851402447,78012470,4929414917,1.58,319506133,2908024,322414157,0.9
20160222,5391983569,80689324,5472672893,1.47,342018754,3310797,345329551,0.96
20160223,5427843934,78472659,5506316593,1.43,335405038,3229502,338634540,0.95
20160224,5438729462,81687209,5520416671,1.48,360701054,3356958,364058012,0.92
20160225,5608622425,86610208,5695232633,1.52,361670265,3343136,365013401,0.92
20160226,5620501839,89133420,5709635259,1.56,355968505,3459509,359428014,0.96
20160227,5002854352,85048204,5087902556,1.67,328247478,3212308,331459786,0.97
20160228,4718529282,78343151,4796872433,1.63,316165113,2869409,319034522,0.9
20160229,4706272322,36344696,4742617018,0.77,354442294,3279769,357722063,0.92
20160301,4453120464,28147396,4481267860,0.63,374743031,3620670,378363701,0.96
20160302,4098252011,31256527,4129508538,0.76,350346470,3203871,353550341,0.91
20160303,4057641212,31531065,4089172277,0.77,344579343,3281335,347860678,0.94
20160304,4074523752,29171908,4103695660,0.71,343937479,3471968,347409447,1.0
20160305,3739630030,29936387,3769566417,0.79,314305137,3353997,317659134,1.06
20160306,2108465250,15379142,2123844392,0.72,191423931,1732765,193156696,0.9
20160307,4333765945,32020449,4365786394,0.73,353721848,3702026,357423874,1.04
20160308,4458066757,31134753,4489201510,0.69,365385034,4006818,369391852,1.08
20160309,4388486332,32168613,4420654945,0.73,368527286,4215084,372742370,1.13
20160310,4422996899,30495556,4453492455,0.68,375300360,4053459,379353819,1.07
20160311,4248612397,29898267,4278510664,0.7,378931763,4198138,383129901,1.1
20160312,3939135226,31892199,3971027425,0.8,350192511,3947224,354139735,1.11
20160313,3697446309,26860221,3724306530,0.72,344696908,3763888,348460796,1.08
20160314,4296828745,29252529,4326081274,0.68,371034404,4207927,375242331,1.12
20160315,3777276734,32430823,3809707557,0.85,265825009,3593681,269418690,1.33
20160316,4123235017,64694795,4187929812,1.54,191389060,2386052,193775112,1.23
20160317,5560995929,75400260,5636396189,1.34,351917283,4650047,356567330,1.3
20160318,5443318969,68179072,5511498041,1.24,350942627,4421323,355363950,1.24
20160319,4994325600,66442524,5060768124,1.31,321588051,4076037,325664088,1.25
20160320,5067001870,74569077,5141570947,1.45,316699549,3900333,320599882,1.22
20160321,5339935855,72909676,5412845531,1.35,328094059,4424107,332518166,1.33
20160322,5057660138,68090580,5125750718,1.33,316415743,4133464,320549207,1.29
20160323,5440013084,77569246,5517582330,1.41,332603481,3162103,335765584,0.94
20160324,5507841746,65981525,5573823271,1.18,339009129,2879414,341888543,0.84
20160325,5384040279,81213143,5465253422,1.49,352856354,2979561,355835915,0.84
20160326,5260759986,131384359,5392144345,2.44,328775175,2839480,331614655,0.86
20160327,5586945712,143855907,5730801619,2.51,325696235,2714977,328411212,0.83
20160328,5787932202,151835465,5939767667,2.56,355612610,3164696,358777306,0.88
20160329,6057004186,127654960,6184659146,2.06,365536359,3332030,368868389,0.9
20160330,5945431414,91420903,6036852317,1.51,378716523,3500834,382217357,0.92
20160331,5586684149,93039517,5679723666,1.64,371235837,3272721,374508558,0.87
20160401,5769720998,87159544,5856880542,1.49,353411905,3177500,356589405,0.89
20160402,5198512833,82197519,5280710352,1.56,318684604,2816901,321501505,0.88
20160403,4831505563,87444736,4918950299,1.78,329359698,2946764,332306462,0.89
20160404,5320106718,65894460,5386001178,1.22,357990230,3164265,361154495,0.88
20160405,5582365988,62509483,5644875471,1.11,355439685,3331305,358770990,0.93
20160406,5525732919,68849181,5594582100,1.23,352397624,3593298,355990922,1.01
20160407,4814702146,44901108,4859603254,0.92,338513321,3354788,341868109,0.98
20160408,5502697070,64058376,5566755446,1.15,341586545,3361146,344947691,0.97
20160409,5158076979,90164980,5248241959,1.72,319294842,3130895,322425737,0.97
20160410,4889094421,79772938,4968867359,1.61,320893931,2917098,323811029,0.9
20160411,5443652408,82373030,5526025438,1.49,357942767,3200502,361143269,0.89
20160412,5538446707,78846132,5617292839,1.4,360348897,3389567,363738464,0.93
20160413,5269053912,69150563,5338204475,1.3,358698707,3337422,362036129,0.92
20160414,5479691278,69298520,5548989798,1.25,367189197,3476997,370666194,0.94
20160415,5348381142,69747223,5418128365,1.29,353969254,3413758,357383012,0.96
20160416,4913229721,71837443,4985067164,1.44,327522803,3133117,330655920,0.95
20160417,4847077365,68305688,4915383053,1.39,317095405,2977892,320073297,0.93
20160418,5315462176,58691192,5374153368,1.09,343858263,3427783,347286046,0.99
20160419,5355050940,68748077,5423799017,1.27,349728617,3880567,353609184,1.1
20160420,5341079839,71716236,5412796075,1.32,353795688,3558509,357354197,1.0
20160421,6009266561,94350028,6103616589,1.55,377012025,4032604,381044629,1.06
20160422,5352911612,73389939,5426301551,1.35,332734442,3396804,336131246,1.01
20160423,4994073360,72945095,5067018455,1.44,310900482,3248012,314148494,1.03
20160424,4674036984,71061871,4745098855,1.5,315578468,3164855,318743323,0.99
20160425,5400168223,72978348,5473146571,1.33,393367486,3408732,396776218,0.86
20160426,5572620869,71962228,5644583097,1.27,336373792,3970617,340344409,1.17
20160427,5560691739,73050853,5633742592,1.3,337921959,5292979,343214938,1.54
20160428,5198463595,38721672,5237185267,0.74,323999067,5233169,329232236,1.59
20160429,5372753193,69202016,5441955209,1.27,321351194,5149854,326501048,1.58
20160430,5137098403,67044431,5204142834,1.29,295076981,4717394,299794375,1.57
20160501,4787233083,60897942,4848131025,1.26,293606931,4668580,298275511,1.57
20160502,5339689280,63813341,5403502621,1.18,320246345,4519887,324766232,1.39
20160503,5423536992,73695173,5497232165,1.34,351417856,3716517,355134373,1.05
20160504,5053615746,74395846,5128011592,1.45,349324529,4739745,354064274,1.34
20160505,4830343875,79662553,4910006428,1.62,350625695,4658248,355283943,1.31
20160506,4617023378,37851609,4654874987,0.81,347583448,4855629,352439077,1.38
20160507,3848795929,38007144,3886803073,0.98,317554495,5817482,323371977,1.8
20160508,3182376507,32270598,3214647105,1.0,312437209,6513588,318950797,2.04
20160509,3720567076,33144479,3753711555,0.88,346467274,6392366,352859640,1.81
20160510,4845483097,43992373,4889475470,0.9,360522915,5234210,365757125,1.43
20160511,4948643371,98041587,5046684958,1.94,363677322,5306185,368983507,1.44
20160512,4868581832,75053466,4943635298,1.52,370663838,4848879,375512717,1.29
20160513,8349588223,76208989,8425797212,0.9,550147658,4902337,555049995,0.88
20160514,8916406345,80940271,8997346616,0.9,794076829,4542679,798619508,0.57
20160515,8589536252,90121545,8679657797,1.04,743027208,4766369,747793577,0.64
20160516,8324232402,96248404,8420480806,1.14,703861578,4748650,708610228,0.67
20160517,8224045473,89074169,8313119642,1.07,593631735,5097850,598729585,0.85
20160518,7662662606,81731112,7744393718,1.06,459288256,5001610,464289866,1.08
20160519,7452440083,85472551,7537912634,1.13,461438308,5336743,466775051,1.14
20160520,7128327149,79002392,7207329541,1.1,442811949,5315290,448127239,1.19
20160521,6378967477,76781848,6455749325,1.19,384066598,4910280,388976878,1.26
20160522,6188068039,71303105,6259371144,1.14,390440938,4811359,395252297,1.22
20160523,6896561507,74517138,6971078645,1.07,428959453,5326292,434285745,1.23
20160524,6970249755,90517109,7060766864,1.28,455521391,6293748,461815139,1.36
20160525,6797269021,77931797,6875200818,1.13,455016602,5467578,460484180,1.19
20160526,6329626675,77878088,6407504763,1.22,426720208,5164289,431884497,1.2
20160527,6160258718,88395062,6248653780,1.41,407656920,5148193,412805113,1.25
20160528,3931024397,61676019,3992700416,1.54,242040786,3181226,245222012,1.3
20160529,5565840114,65381527,5631221641,1.16,359758870,4768103,364526973,1.31
20160530,5855344639,74142305,5929486944,1.25,391495179,5087268,396582447,1.28
20160531,4471306631,72611473,4543918104,1.6,286387099,3826429,290213528,1.32
20160601,5893084125,80705601,5973789726,1.35,418413664,5032118,423445782,1.19
20160602,5906043942,84043503,5990087445,1.4,424401050,5338997,429740047,1.24
20160603,5662753215,81251028,5744004243,1.41,435817418,5251217,441068635,1.19
20160604,5312254001,74783417,5387037418,1.39,399424869,5209124,404633993,1.29
20160605,5244265575,79555799,5323821374,1.49,423253903,5123848,428377751,1.2
20160606,5713209088,82279307,5795488395,1.42,426452265,5513802,431966067,1.28
20160607,5758384609,81619701,5840004310,1.4,418092235,5923901,424016136,1.4
20160608,6057648181,82830740,6140478921,1.35,438854932,5638200,444493132,1.27
20160609,5777456680,80061057,5857517737,1.37,451312199,5444407,456756606,1.19
20160610,5507574885,80013556,5587588441,1.43,471359433,5371786,476731219,1.13
20160611,5221526961,79293327,5300820288,1.5,383850949,5309158,389160107,1.36
20160612,5373500112,78461430,5451961542,1.44,364742338,5383836,370126174,1.45
20160613,5530108163,79385581,5609493744,1.42,441623282,5565440,447188722,1.24
20160614,5428671903,78826868,5507498771,1.43,423879947,5956195,429836142,1.39
20160615,10699096689,81779404,10780876093,0.76,427378147,5801425,433179572,1.34
20160616,5377003334,78212270,5455215604,1.43,466501682,5697493,472199175,1.21
20160617,4704874808,80039304,4784914112,1.67,496739367,5896965,502636332,1.17
20160618,4320890484,78940394,4399830878,1.79,459071867,5655411,464727278,1.22
20160619,4274487994,75484618,4349972612,1.74,420712292,5702344,426414636,1.34
20160620,4613962073,74939849,4688901922,1.6,442118197,6322285,448440482,1.41
20160621,4565154396,72606433,4637760829,1.57,465865258,8083869,473949127,1.71
20160622,4427095738,71595861,4498691599,1.59,494813776,8828323,503642099,1.75
20160623,4115532716,67371260,4182903976,1.61,476401196,9747202,486148398,2.0
20160624,4273656336,65602875,4339259211,1.51,387802722,8357437,396160159,2.11
20160625,4187291561,1179164783,5366456344,21.97,393122037,8286340,401408377,2.06
20160626,2248463684,63746867,2312210551,2.76,403049974,7791467,410841441,1.9
20160628,4331568958,69014665,4400583623,1.57,465365817,6956735,472322552,1.47
20160629,4350645489,73342235,4423987724,1.66,479088423,6883310,485971733,1.42
20160630,4460510165,74749702,4535259867,1.65,458831927,6758723,465590650,1.45
20160701,4404518654,70835584,4475354238,1.58,430746141,6355290,437101431,1.45
20160702,4076278312,68163260,4144441572,1.64,421494590,6078167,427572757,1.42
20160703,3958277811,68684799,4026962610,1.71,420326698,6225123,426551821,1.46
20160704,4322537220,74745500,4397282720,1.7,452609836,6476507,459086343,1.41
20160705,4411574802,77182331,4488757133,1.72,432066753,6876379,438943132,1.57
20160706,4404848092,75189794,4480037886,1.68,518680326,7076611,525756937,1.35
20160707,4511802239,73190597,4584992836,1.6,519780145,7505757,527285902,1.42
20160708,4358833991,67609970,4426443961,1.53,525410188,7304579,532714767,1.37
20160709,3371716907,33404534,3405121441,0.98,474489467,8139275,482628742,1.69
20160710,3162962455,33850008,3196812463,1.06,473332488,8140853,481473341,1.69
20160711,3876261721,47503382,3923765103,1.21,484691647,7866474,492558121,1.6
20160712,4642069136,90307315,4732376451,1.91,499386541,7325471,506712012,1.45
20160713,4625251799,86897787,4712149586,1.84,515697643,8136193,523833836,1.55
20160714,4369218419,86624985,4455843404,1.94,516247049,7150546,523397595,1.37
20160715,4316243614,78036491,4394280105,1.78,481360797,7179433,488540230,1.47
20160716,3228997946,37409129,3266407075,1.15,460646820,8238951,468885771,1.76
20160717,3177551546,35518854,3213070400,1.11,448099423,8037908,456137331,1.76
20160718,3968243246,49120595,4017363841,1.22,492846663,7810023,500656686,1.56
20160719,4497232941,80815104,4578048045,1.77,502292961,6888348,509181309,1.35
20160720,4442214895,85319161,4527534056,1.88,494899384,7130240,502029624,1.42
20160721,4256094576,83031087,4339125663,1.91,485889074,7202904,493091978,1.46
20160722,3930800172,91887755,4022687927,2.28,465531553,9317814,474849367,1.96
20160723,3637167233,93281583,3730448816,2.5,432566925,8887680,441454605,2.01
20160724,3628011291,94676206,3722687497,2.54,456570437,8680074,465250511,1.87
20160725,4036922579,96500049,4133422628,2.33,496995407,8786413,505781820,1.74
20160726,3959401049,79359119,4038760168,1.96,489492217,8152887,497645104,1.64
20160727,4096538978,99740476,4196279454,2.38,491766441,8341958,500108399,1.67
20160728,4142330166,95167524,4237497690,2.25,478834932,8325344,487160276,1.71
20160729,3825334294,92819495,3918153789,2.37,445399153,7213628,452612781,1.59
20160730,3222334517,90488695,3312823212,2.73,388145470,5793006,393938476,1.47
20160731,3241732471,88153901,3329886372,2.65,388706046,5677439,394383485,1.44
20160801,3645822739,88207281,3734030020,2.36,440547190,6130773,446677963,1.37
20160802,3681486352,88974449,3770460801,2.36,451080068,6219588,457299656,1.36
20160803,3521203717,73460839,3594664556,2.04,431183804,5979299,437163103,1.37
20160804,2778055466,66068962,2844124428,2.32,338552177,5736835,344289012,1.67
20160805,3689187283,79278669,3768465952,2.1,422105103,4692743,426797846,1.1
20160806,3725425393,82535654,3807961047,2.17,453032252,5064032,458096284,1.11
20160807,3737803587,84251811,3822055398,2.2,445010731,5087263,450097994,1.13
20160808,4206339188,94024673,4300363861,2.19,490066600,5158517,495225117,1.04
20160809,3706363693,57721920,3764085613,1.53,487646990,5327125,492974115,1.08
20160810,3491876996,48666194,3540543190,1.37,465812712,5046123,470858835,1.07
20160811,3526050318,48815787,3574866105,1.37,477558382,5759048,483317430,1.19
20160812,3521925545,51130265,3573055810,1.43,525439149,5831956,531271105,1.1
20160813,3149513003,48468390,3197981393,1.52,480862789,5548949,486411738,1.14
20160814,3230386319,46329356,3276715675,1.41,469555341,5319392,474874733,1.12
20160815,3600860163,50483914,3651344077,1.38,494122958,5511058,499634016,1.1
20160816,3685670920,54068013,3739738933,1.45,510315896,5541336,515857232,1.07
20160817,3705439424,54236307,3759675731,1.44,514261391,5656019,519917410,1.09
20160818,3759458379,53119037,3812577416,1.39,475994485,5552853,481547338,1.15
20160819,3522469814,50815172,3573284986,1.42,476504913,5661772,482166685,1.17
20160820,3241038073,49661800,3290699873,1.51,449772927,5433028,455205955,1.19
20160821,3148550578,49439726,3197990304,1.55,443970825,5324330,449295155,1.19
20160822,3673241387,53584172,3726825559,1.44,485200524,5489654,490690178,1.12
20160823,3674920596,54093508,3729014104,1.45,483103370,5560790,488664160,1.14
20160824,3661284569,54457725,3715742294,1.47,497349163,5697714,503046877,1.13
20160825,3651555213,55854786,3707409999,1.51,486544622,5659126,492203748,1.15
20160826,3656784001,56743343,3713527344,1.53,470954397,5844425,476798822,1.23
20160827,3230874265,54148184,3285022449,1.65,437443893,5523585,442967478,1.25
20160828,3095218812,50882456,3146101268,1.62,418577184,5482187,424059371,1.29
20160829,3698038017,60387398,3758425415,1.61,462279757,6936647,469216404,1.48
20160830,3895159164,67211908,3962371072,1.7,482901132,8210161,491111293,1.67
20160831,4473339702,106026848,4579366550,2.32,477976383,6247760,484224143,1.29
20160901,4527346416,121158400,4648504816,2.61,467202620,6127578,473330198,1.29
20160902,4630722056,115630408,4746352464,2.44,477884530,6098893,483983423,1.26
20160903,4166036708,105827320,4271864028,2.48,445408929,5695291,451104220,1.26
20160904,4280629802,108767532,4389397334,2.48,452821172,5753120,458574292,1.25
20160905,4810010622,118974330,4928984952,2.41,477336290,6068264,483404554,1.26
20160906,5049891068,120777282,5170668350,2.34,492716216,6339740,499055956,1.27
20160907,4901482194,112910185,5014392379,2.25,497154472,6033567,503188039,1.2
20160908,4863342789,108707598,4972050387,2.19,477151783,5973494,483125277,1.24
20160909,4703037558,115359294,4818396852,2.39,487325194,5748700,493073894,1.17
20160910,4235045616,105016858,4340062474,2.42,451211645,5430170,456641815,1.19
20160911,4097728316,99169668,4196897984,2.36,455773814,5514236,461288050,1.2
20160912,4795766433,115765869,4911532302,2.36,489049535,5813457,494862992,1.17
20160913,5071052710,118238040,5189290750,2.28,518187795,5949182,524136977,1.14
20160914,5122956354,121316042,5244272396,2.31,527826485,6321563,534148048,1.18
20160915,4804874686,114536453,4919411139,2.33,506158234,6327445,512485679,1.23
20160916,4643738106,126825119,4770563225,2.66,465168278,6468141,471636419,1.37
20160917,4077952499,107453129,4185405628,2.57,421624202,5666898,427291100,1.33
20160918,4318479643,113243273,4431722916,2.56,441928243,5675860,447604103,1.27
20160919,4823171811,122813181,4945984992,2.48,509025060,6365192,515390252,1.24
20160920,4723882425,119460866,4843343291,2.47,506971477,6330567,513302044,1.23
20160921,4592620594,112040119,4704660713,2.38,444241623,6308523,450550146,1.4
20160922,4581182427,110233812,4691416239,2.35,432383419,5904076,438287495,1.35
20160923,4334477215,114636057,4449113272,2.58,406077498,5161410,411238908,1.26
20160924,4022252326,103859882,4126112208,2.52,403150744,4895926,408046670,1.2
20160925,4685577016,108285998,4793863014,2.26,417656640,5067995,422724635,1.2
20160926,4733221786,113556556,4846778342,2.34,430397880,5274666,435672546,1.21
20160927,4896297141,116935986,5013233127,2.33,445552632,5256694,450809326,1.17
20160928,4894959609,119768897,5014728506,2.39,425136747,5346275,430483022,1.24
20160929,6245448424,140239068,6385687492,2.2,541623981,5611787,547235768,1.03
20160930,5756729741,136529387,5893259128,2.32,521896215,5317442,527213657,1.01
20161001,5208817392,159550812,5368368204,2.97,428349646,5904366,434254012,1.36
20161002,4627696597,156519582,4784216179,3.27,409170178,6616402,415786580,1.59
20161003,4914129771,164522501,5078652272,3.24,439123017,7215586,446338603,1.62
20161004,4578994256,172081770,4751076026,3.62,417661658,9041254,426702912,2.12
20161005,4476360207,173083284,4649443491,3.72,402853283,8569511,411422794,2.08
20161006,4512734729,158836633,4671571362,3.4,414762323,6579945,421342268,1.56
20161007,4443204884,140021808,4583226692,3.06,396937230,7918265,404855495,1.96
20161008,3768860964,118847055,3887708019,3.06,332878885,8101668,340980553,2.38
20161009,3718401207,123608647,3842009854,3.22,327993399,5437015,333430414,1.63
20161010,4128122189,134010614,4262132803,3.14,367148021,5969255,373117276,1.6
20161011,4203586002,130534034,4334120036,3.01,377047316,6029210,383076526,1.57
20161012,4215833509,133480835,4349314344,3.07,367612767,6354318,373967085,1.7
20161013,4132587636,135174175,4267761811,3.17,385545229,7256587,392801816,1.85
20161014,3969800126,108919579,4078719705,2.67,385040630,8753698,393794328,2.22
20161015,3760337195,128448708,3888785903,3.3,357189739,6342373,363532112,1.74
20161016,3823270497,130944272,3954214769,3.31,356178700,6035284,362213984,1.67
20161017,4260337684,137178315,4397515999,3.12,385135425,7120014,392255439,1.82
20161018,4157842659,137588798,4295431457,3.2,378470339,6932124,385402463,1.8
20161019,4158140983,138839197,4296980180,3.23,362413230,7090174,369503404,1.92
20161020,4268377164,140732603,4409109767,3.19,364455640,7241917,371697557,1.95
20161021,4640424424,134021553,4774445977,2.81,415243928,8746687,423990615,2.06
20161022,4456076731,129703356,4585780087,2.83,408278791,7811054,416089845,1.88
20161023,4452307348,133663107,4585970455,2.91,391736910,7835955,399572865,1.96
20161024,5028656626,146462549,5175119175,2.83,416666268,8218878,424885146,1.93
20161025,5033695847,148133788,5181829635,2.86,416389560,8559269,424948829,2.01
20161026,5087265851,155781137,5243046988,2.97,426369161,8787347,435156508,2.02
20161027,5277943199,169084632,5447027831,3.1,453723492,16294875,470018367,3.47
20161028,5152735294,193429167,5346164461,3.62,464389941,14443729,478833670,3.02
20161029,4295881839,154610976,4450492815,3.47,418788283,8061433,426849716,1.89
20161030,4486843189,152207061,4639050250,3.28,393593704,7643023,401236727,1.9
20161031,4760279938,180661340,4940941278,3.66,449901993,8930248,458832241,1.95
20161101,4827112547,194860476,5021973023,3.88,438307970,7907930,446215900,1.77
20161102,5305246568,214053870,5519300438,3.88,451449030,8305539,459754569,1.81
20161103,5246739956,201533280,5448273236,3.7,461699537,8182409,469881946,1.74
20161104,4953572408,201856134,5155428542,3.92,445638937,8201951,453840888,1.81
20161105,4210983644,172527881,4383511525,3.94,405884030,7381612,413265642,1.79
20161106,4404983192,158824920,4563808112,3.48,397736795,7761062,405497857,1.91
20161107,4753413834,180328949,4933742783,3.66,430652082,8081781,438733863,1.84
20161108,4878669306,200741840,5079411146,3.95,428279894,8839993,437119887,2.02
20161109,4981280511,208652697,5189933208,4.02,445527960,8759345,454287305,1.93
20161110,4902078208,202384703,5104462911,3.96,448869014,8660642,457529656,1.89
20161111,4581052051,191761330,4772813381,4.02,422035522,8564111,430599633,1.99
20161112,4128269501,168541377,4296810878,3.92,397932623,8210923,406143546,2.02
20161113,4305257896,160687975,4465945871,3.6,399045230,8578687,407623917,2.1
20161114,4827440554,163680367,4991120921,3.28,419679678,8735674,428415352,2.04
20161115,4965036880,174628024,5139664904,3.4,418954085,8574758,427528843,2.01
20161116,4805164051,171740164,4976904215,3.45,432885358,9857841,442743199,2.23
20161117,4554809253,169367454,4724176707,3.59,422374290,8755614,431129904,2.03
20161118,4394403956,170658603,4565062559,3.74,429540561,8573354,438113915,1.96
20161119,4081239039,167142713,4248381752,3.93,379890732,8443878,388334610,2.17
20161120,3916899653,165732170,4082631823,4.06,381869761,8537569,390407330,2.19
20161121,4530935896,188560678,4719496574,4.0,406739053,9388433,416127486,2.26
20161122,4816191250,209050019,5025241269,4.16,424858997,9894720,434753717,2.28
20161123,4817183521,215728928,5032912449,4.29,450299679,11083407,461383086,2.4
20161124,4836481284,219275920,5055757204,4.34,429203506,10528325,439731831,2.39
20161125,4878949262,220460222,5099409484,4.32,429044509,10507008,439551517,2.39
20161126,4244320509,176435197,4420755706,3.99,405709717,9507510,415217227,2.29
20161127,4206408184,175683557,4382091741,4.01,408518448,9689931,418208379,2.32
20161128,4919045035,200920102,5119965137,3.92,454570860,10781855,465352715,2.32
20161129,5066530172,212072429,5278602601,4.02,448720415,8034747,456755162,1.76
20161130,5235055028,210108429,5445163457,3.86,453546366,7212287,460758653,1.57
20161201,5335289397,216942613,5552232010,3.91,458256901,7757923,466014824,1.66
20161202,5399231298,220428226,5619659524,3.92,468633137,7920655,476553792,1.66
20161203,4717178406,192783456,4909961862,3.93,434426870,7388804,441815674,1.67
20161204,4560621403,182160619,4742782022,3.84,439002836,7204587,446207423,1.61
20161205,5464258399,220998935,5685257334,3.89,475847602,8255514,484103116,1.71
20161206,5527818049,239804158,5767622207,4.16,489520095,9421558,498941653,1.89
20161207,5373245994,235872098,5609118092,4.21,506947470,8510713,515458183,1.65
20161208,4894663230,226532563,5121195793,4.42,497771081,8324294,506095375,1.64
20161209,4823431955,228651271,5052083226,4.53,505757499,8215122,513972621,1.6
20161210,4200815288,202324426,4403139714,4.6,475532641,7810127,483342768,1.62
20161211,4144986617,191897135,4336883752,4.42,470097911,7516996,477614907,1.57
20161212,5276627408,224717689,5501345097,4.08,513108574,8699530,521808104,1.67
20161213,5065473907,227617337,5293091244,4.3,515923270,8468692,524391962,1.61
20161214,5453663593,234245677,5687909270,4.12,523289509,8443520,531733029,1.59
20161215,5340538849,218273921,5558812770,3.93,520380020,8658121,529038141,1.64
20161216,4764068856,222439723,4986508579,4.46,522740130,8042113,530782243,1.52
20161217,4020310134,198199901,4218510035,4.7,479619168,7416729,487035897,1.52
20161218,3960562167,168808893,4129371060,4.09,470852872,6990243,477843115,1.46
20161219,4528912915,189965174,4718878089,4.03,494887204,7390551,502277755,1.47
20161220,4877899515,212919241,5090818756,4.18,511433208,8218972,519652180,1.58
20161221,4809419189,206323058,5015742247,4.11,488060259,8278897,496339156,1.67
20161222,4619655716,190928277,4810583993,3.97,483620831,8020770,491641601,1.63
20161223,4396060827,177620367,4573681194,3.88,474655249,8205907,482861156,1.7
20161224,3878592665,169013364,4047606029,4.18,440520638,7375182,447895820,1.65
20161225,3837088597,172026932,4009115529,4.29,443944580,7881679,451826259,1.74
20161226,4055691785,173169937,4228861722,4.09,463943969,7257981,471201950,1.54
20161227,4232546890,163678495,4396225385,3.72,465545649,6994101,472539750,1.48
20161228,4366044994,172315039,4538360033,3.8,469137655,7471025,476608680,1.57
20161229,4414241879,171038563,4585280442,3.73,468358139,7222692,475580831,1.52
20161230,4347595351,172970111,4520565462,3.83,471023880,7354622,478378502,1.54
20161231,4029178757,171439081,4200617838,4.08,450634430,7399219,458033649,1.62
20170101,4051382741,170288979,4221671720,4.03,447630403,7974123,455604526,1.75
20170102,4380251188,174759431,4555010619,3.84,469848250,7711241,477559491,1.61
20170103,4618164638,180652367,4798817005,3.76,488123134,8861859,496984993,1.78
20170104,4554001368,177237835,4731239203,3.75,492743986,7525604,500269590,1.5
20170105,4560310783,184725167,4745035950,3.89,487991910,7512397,495504307,1.52
20170106,5558754935,213116983,5771871918,3.69,589651797,9233769,598885566,1.54
20170107,4193521902,172192642,4365714544,3.94,455941549,7323187,463264736,1.58
20170108,4206383731,151381665,4357765396,3.47,455818354,6997843,462816197,1.51
20170109,8570083720,275219795,8845303515,3.11,799433218,12331571,811764789,1.52
20170110,8764023790,250963992,9014987782,2.78,806026717,11347006,817373723,1.39
20170111,4865163459,132909028,4998072487,2.66,498139960,10508072,508648032,2.07
20170112,4730027994,95857537,4825885531,1.99,496819628,10605360,507424988,2.09
20170113,4706126027,120061696,4826187723,2.49,481760229,10657057,492417286,2.16
20170114,3983237569,129087669,4112325238,3.14,456278842,9795482,466074324,2.1
20170115,3877351619,128639518,4005991137,3.21,455297928,9385680,464683608,2.02
20170116,4484450503,133516026,4617966529,2.89,481478742,9211935,490690677,1.88
20170117,4584146847,142145128,4726291975,3.01,490043748,9983130,500026878,2.0
20170118,4621985987,146705216,4768691203,3.08,498395306,10042336,508437642,1.98
20170119,4669066317,146510801,4815577118,3.04,495370350,9859554,505229904,1.95
20170120,4555762874,142999562,4698762436,3.04,495060667,14092843,509153510,2.77
20170121,4083000382,146010044,4229010426,3.45,455359742,7772313,463132055,1.68
20170122,4174125689,142437841,4316563530,3.3,450987079,8172280,459159359,1.78
20170123,4730678582,147551315,4878229897,3.02,480431054,8435140,488866194,1.73
20170124,4696247452,136836752,4833084204,2.83,489819663,8536228,498355891,1.71
20170125,4579216435,139724884,4718941319,2.96,485192972,8799396,493992368,1.78
20170126,4670258110,139796177,4810054287,2.91,495093237,8721949,503815186,1.73
20170127,4208383244,145538470,4353921714,3.34,478899946,7971584,486871530,1.64
20170128,3828400857,133075000,3961475857,3.36,447945425,7188814,455134239,1.58
20170129,4106832007,134540201,4241372208,3.17,432023767,7170041,439193808,1.63
20170130,4444639398,140696382,4585335780,3.07,467967109,7885496,475852605,1.66
20170131,4509765497,146812741,4656578238,3.15,482636266,8077423,490713689,1.65
20170201,4616985572,148532372,4765517944,3.12,500192618,8457268,508649886,1.66
20170202,4584472624,140431624,4724904248,2.97,502760571,8734744,511495315,1.71
20170203,4548726572,143153536,4691880108,3.05,497548653,8971636,506520289,1.77
20170204,4506929674,149765212,4656694886,3.22,468730905,7925851,476656756,1.66
20170205,4418307883,148545041,4566852924,3.25,461261757,8218718,469480475,1.75
20170206,4670193384,160947031,4831140415,3.33,493164837,8680905,501845742,1.73
20170207,4716338059,159280257,4875618316,3.27,496540359,8274195,504814554,1.64
20170208,4817715135,157190729,4974905864,3.16,496733869,7871382,504605251,1.56
20170209,4729484156,154267476,4883751632,3.16,510276515,8044016,518320531,1.55
20170210,4778191602,155000756,4933192358,3.14,518756708,8610102,527366810,1.63
20170211,4337484451,144972323,4482456774,3.23,463405592,7523685,470929277,1.6
20170212,4271395458,145439561,4416835019,3.29,454060066,7230851,461290917,1.57
20170213,4811428965,155425624,4966854589,3.13,492104481,8633043,500737524,1.72
20170214,4919102783,156352165,5075454948,3.08,502526597,8877183,511403780,1.74
20170215,4883250673,190555273,5073805946,3.76,494231322,8911730,503143052,1.77
20170216,4898319667,185960124,5084279791,3.66,491760645,8715584,500476229,1.74
20170217,4363788037,87847814,4451635851,1.97,466930643,9739460,476670103,2.04
20170218,4481079866,182566638,4663646504,3.91,463574951,8362662,471937613,1.77
20170219,4262830810,178640351,4441471161,4.02,452282809,8172053,460454862,1.77
20170220,4965409689,189881598,5155291287,3.68,503736765,9698835,513435600,1.89
20170221,7575369602,282956934,7858326536,3.6,772148769,12253078,784401847,1.56
20170222,4374852482,184932209,4559784691,4.06,486491092,9770306,496261398,1.97
20170223,4480830959,191826512,4672657471,4.11,489213965,9275317,498489282,1.86
20170224,4715577029,180562279,4896139308,3.69,500536285,8804100,509340385,1.73
20170225,4228712173,181982059,4410694232,4.13,468352144,8044004,476396148,1.69
20170226,4614289784,185996144,4800285928,3.87,465865240,8140892,474006132,1.72
20170227,4964088048,189650649,5153738697,3.68,491140338,9704217,500844555,1.94
20170228,4985472852,189487166,5174960018,3.66,493899172,9685656,503584828,1.92
20170301,4995778429,187597179,5183375608,3.62,500253322,10761871,511015193,2.11
20170302,4933857469,171433514,5105290983,3.36,497935939,9908184,507844123,1.95
20170303,4754218744,185819831,4940038575,3.76,487953162,8965493,496918655,1.8
20170304,4189412770,180915387,4370328157,4.14,467779523,7687602,475467125,1.62
20170305,4386953429,179945834,4566899263,3.94,483306516,7957161,491263677,1.62
20170306,11187945978,499901207,11687847185,4.28,1126074676,16657304,1142731980,1.46
20170307,4893279853,187715566,5080995419,3.69,529294245,9944070,539238315,1.84
20170308,4982287572,189357027,5171644599,3.66,531482611,9246371,540728982,1.71
20170309,5091359543,186595610,5277955153,3.54,516926988,9390422,526317410,1.78
20170310,5123116832,196250117,5319366949,3.69,545170466,9652032,554822498,1.74
20170311,4705096644,183293983,4888390627,3.75,479782090,7462305,487244395,1.53
20170312,4676159579,188074595,4864234174,3.87,463846508,7456699,471303207,1.58
20170313,5051543210,195707383,5247250593,3.73,494225608,8874724,503100332,1.76
20170314,5260625527,197107383,5457732910,3.61,495495964,9190216,504686180,1.82
20170315,4851221941,181799184,5033021125,3.61,506132599,8744545,514877144,1.7
20170316,4953679205,185702260,5139381465,3.61,503019596,8715744,511735340,1.7
20170317,5172694605,200470049,5373164654,3.73,561245665,10983785,572229450,1.92
20170318,4293047576,174290967,4467338543,3.9,470544936,8047954,478592890,1.68
20170319,4145796957,169525442,4315322399,3.93,462211610,7557124,469768734,1.61
20170320,4910923457,191304966,5102228423,3.75,500530465,9121171,509651636,1.79
20170321,4677567523,184129958,4861697481,3.79,518833774,9087228,527921002,1.72
20170322,4813164045,196230096,5009394141,3.92,517606717,10312675,527919392,1.95
20170323,5035762455,199177530,5234939985,3.8,506440538,8967542,515408080,1.74
20170324,5046866458,202725240,5249591698,3.86,504662119,8990151,513652270,1.75
20170325,5177528536,174288339,5351816875,3.26,463743309,7736934,471480243,1.64
20170326,4254351447,171014073,4425365520,3.86,458649589,7780420,466430009,1.67
20170327,4924019063,186982475,5111001538,3.66,499213034,9946414,509159448,1.95
20170328,4483914667,186978403,4670893070,4.0,502717919,10253016,512970935,2.0
20170329,4416751276,181665970,4598417246,3.95,493089440,9888452,502977892,1.97
20170330,4460012864,182539074,4642551938,3.93,493110896,9852770,502963666,1.96
20170331,4205566936,169558508,4375125444,3.88,486990819,9543722,496534541,1.92
20170401,3681757600,166328379,3848085979,4.32,438931559,8535346,447466905,1.91
20170402,3523492779,177479444,3700972223,4.8,431371615,8479129,439850744,1.93
20170403,3824941555,175348277,4000289832,4.38,434899477,8452182,443351659,1.91
20170404,3372996493,153366570,3526363063,4.35,463665879,9327106,472992985,1.97
20170405,4366307458,167487041,4533794499,3.69,481790476,9457783,491248259,1.93
20170406,4218481207,166765387,4385246594,3.8,477287651,9494313,486781964,1.95
20170407,4457930244,189841082,4647771326,4.08,485343539,9250421,494593960,1.87
20170408,3848739728,186281273,4035021001,4.62,446164828,7673032,453837860,1.69
20170409,3623351664,187029022,3810380686,4.91,435089476,7640698,442730174,1.73
20170410,4200337836,194071866,4394409702,4.42,466076590,8763662,474840252,1.85
20170411,4365859981,199396250,4565256231,4.37,478839118,8731451,487570569,1.79
20170412,4266782579,199546555,4466329134,4.47,481594288,8765448,490359736,1.79
20170413,4359316088,197482303,4556798391,4.33,476856774,9208474,486065248,1.89
20170414,4164443932,194250416,4358694348,4.46,451972827,8944741,460917568,1.94
20170415,3696787467,181396718,3878184185,4.68,425632108,7555210,433187318,1.74
20170416,3630629581,177589794,3808219375,4.66,410645830,7671424,418317254,1.83
20170417,4148619126,188795824,4337414950,4.35,440672074,8289214,448961288,1.85
20170418,4375946557,178434914,4554381471,3.92,456955501,8220209,465175710,1.77
20170419,4136803383,172144648,4308948031,4.0,450636206,7939098,458575304,1.73
20170420,4147589198,189419206,4337008404,4.37,447050180,8130980,455181160,1.79
20170421,4189542527,190713533,4380256060,4.35,430551733,7861820,438413553,1.79
20170422,3716109021,164159349,3880268370,4.23,396585997,7346306,403932303,1.82
20170423,3516102456,167881725,3683984181,4.56,394656784,7202444,401859228,1.79
20170424,4167137122,189120889,4356258011,4.34,431271039,8071875,439342914,1.84
20170425,5586236836,230780675,5817017511,3.97,504188472,8945317,513133789,1.74
20170426,4392952763,186537439,4579490202,4.07,429865581,8489891,438355472,1.94
20170427,4130764477,163502707,4294267184,3.81,429441902,8774392,438216294,2.0
20170428,4044451570,161506597,4205958167,3.84,426869299,8062907,434932206,1.85
20170429,3731150097,152460844,3883610941,3.93,375509047,7132019,382641066,1.86
20170430,3722101790,157954810,3880056600,4.07,396013516,7525612,403539128,1.86
20170501,3895769456,160665526,4056434982,3.96,405577915,8218734,413796649,1.99
20170502,4051263094,180508854,4231771948,4.27,385561821,8764456,394326277,2.22
20170503,4181529715,172087777,4353617492,3.95,395650076,8403179,404053255,2.08
20170504,3958422673,168892540,4127315213,4.09,385199386,8772096,393971482,2.23
20170505,3978523699,163353829,4141877528,3.94,381715942,8169951,389885893,2.1
20170506,3557501333,158067575,3715568908,4.25,355600196,7423800,363023996,2.04
20170507,3628655742,161472440,3790128182,4.26,351066767,7544886,358611653,2.1
20170508,4359709320,163551828,4523261148,3.62,373842293,8320175,382162468,2.18
20170509,4350705615,163795126,4514500741,3.63,376087148,8131443,384218591,2.12
20170510,4232592332,163520068,4396112400,3.72,381193001,7921415,389114416,2.04
20170511,4323320059,167295298,4490615357,3.73,378604684,8300190,386904874,2.15
20170512,3967698235,166901715,4134599950,4.04,379813980,7896396,387710376,2.04
20170513,3468115823,158566185,3626682008,4.37,359228517,7292144,366520661,1.99
20170514,3558571706,157300008,3715871714,4.23,358754715,7304944,366059659,2.0
20170515,3976751319,171733539,4148484858,4.14,378179800,8036138,386215938,2.08
20170516,4030053319,170970835,4201024154,4.07,377295043,8404700,385699743,2.18
20170517,4105404172,166068341,4271472513,3.89,385518327,8300196,393818523,2.11
20170518,3950307784,165124199,4115431983,4.01,384530663,8335108,392865771,2.12
20170519,3590404653,161617580,3752022233,4.31,355952920,7326157,363279077,2.02
20170520,3073653781,152040443,3225694224,4.71,331447872,6764020,338211892,2.0
20170521,3392213859,156234174,3548448033,4.4,368913349,7473576,376386925,1.99
20170522,3644906166,140793358,3785699524,3.72,381148435,8732279,389880714,2.24
20170523,3448960709,92105426,3541066135,2.6,420120524,9803714,429924238,2.28
20170524,3869802420,176982897,4046785317,4.37,434351263,8763103,443114366,1.98
20170525,3755010296,168492996,3923503292,4.29,434635244,8033034,442668278,1.81
20170526,3670620137,165802669,3836422806,4.32,428152801,7827350,435980151,1.8
20170527,3292580666,163568063,3456148729,4.73,403710337,7356873,411067210,1.79
20170528,3141020929,161094359,3302115288,4.88,395877386,7468937,403346323,1.85
20170529,3532901850,165016338,3697918188,4.46,417259453,8235171,425494624,1.94
20170530,3787347522,167716230,3955063752,4.24,432012787,8158916,440171703,1.85
20170531,3791924761,172462439,3964387200,4.35,440205606,8560988,448766594,1.91
20170601,3995278290,172355202,4167633492,4.14,443670384,8870075,452540459,1.96
20170602,3911501930,165819794,4077321724,4.07,429277953,8673825,437951778,1.98
20170603,3444031697,155959169,3599990866,4.33,410017520,7876654,417894174,1.88
20170604,3422564646,156253999,3578818645,4.37,407380608,7769786,415150394,1.87
20170605,3751361017,158507750,3909868767,4.05,420136926,8003189,428140115,1.87
20170606,3776407685,144650454,3921058139,3.69,370234670,8345304,378579974,2.2
20170607,3400811247,77466739,3478277986,2.23,353862342,8575189,362437531,2.37
20170608,3116775038,106163573,3222938611,3.29,347692083,8135220,355827303,2.29
20170609,2967939915,139961933,3107901848,4.5,323157064,6940034,330097098,2.1
20170610,2968787937,159340178,3128128115,5.09,313883518,6530558,320414076,2.04
20170611,2856307040,159588801,3015895841,5.29,316880412,6810224,323690636,2.1
20170612,3538140963,174315052,3712456015,4.7,370171612,8478520,378650132,2.24
20170613,3750539040,180549242,3931088282,4.59,385098935,9445652,394544587,2.39
20170614,3737098899,167558946,3904657845,4.29,383533826,9382600,392916426,2.39
20170615,3914186545,174400760,4088587305,4.27,408159917,11616772,419776689,2.77
20170616,3753627747,188984923,3942612670,4.79,409313007,11460163,420773170,2.72
20170617,3257478536,143087233,3400565769,4.21,376793789,9309124,386102913,2.41
20170618,3306163578,159724577,3465888155,4.61,382583245,8561724,391144969,2.19
20170619,3906134886,172542528,4078677414,4.23,405110594,9415246,414525840,2.27
20170620,3996694448,180564876,4177259324,4.32,413905358,9810555,423715913,2.32
20170621,3946574498,186557606,4133132104,4.51,404380045,9597027,413977072,2.32
20170622,3838027447,174580666,4012608113,4.35,399584449,9452611,409037060,2.31
20170623,3836976353,152764753,3989741106,3.83,390080378,9241826,399322204,2.31
20170624,3550850461,135368281,3686218742,3.67,365289817,8272724,373562541,2.21
20170625,3436575678,134005409,3570581087,3.75,369120173,8303963,377424136,2.2
20170626,3837983399,147931392,3985914791,3.71,396193940,9763982,405957922,2.41
20170627,4243687330,148250830,4391938160,3.38,414953459,9518928,424472387,2.24
20170628,4161665203,141124890,4302790093,3.28,403701496,9424640,413126136,2.28
20170629,4112498496,143604968,4256103464,3.37,410873393,9610829,420484222,2.29
20170630,4057490936,145486759,4202977695,3.46,403309947,9259015,412568962,2.24
20170701,3737167914,150255980,3887423894,3.87,379177307,8432337,387609644,2.18
20170702,3561979287,149164952,3711144239,4.02,374746789,8469294,383216083,2.21
20170703,4053065225,149629863,4202695088,3.56,394270460,9229778,403500238,2.29
20170704,4065949245,170467245,4236416490,4.02,404958206,9667712,414625918,2.33
20170705,4110423921,156610097,4267034018,3.67,395864782,9239940,405104722,2.28
20170706,4024656690,144667153,4169323843,3.47,377551069,9319827,386870896,2.41
20170707,4023664186,162594647,4186258833,3.88,372874154,9163314,382037468,2.4
20170708,3628833017,147478666,3776311683,3.91,357701809,8659888,366361697,2.36
20170709,3481930761,154157506,3636088267,4.24,354837837,8394699,363232536,2.31
20170710,3911146409,161846817,4072993226,3.97,381690679,8958358,390649037,2.29
20170711,3970225383,151901284,4122126667,3.69,387532469,9262287,396794756,2.33
20170712,4030124584,165494838,4195619422,3.94,390837692,9188691,400026383,2.3
20170713,4017523584,146700130,4164223714,3.52,389117140,9529616,398646756,2.39
20170714,3794947220,147476497,3942423717,3.74,387342890,9109265,396452155,2.3
20170715,3748995548,153566730,3902562278,3.94,367577809,8999550,376577359,2.39
20170716,3429628305,145905697,3575534002,4.08,362200043,8784389,370984432,2.37
20170717,3963475632,145203824,4108679456,3.53,390015190,9918966,399934156,2.48
20170718,3899835648,141845045,4041680693,3.51,386960080,9525160,396485240,2.4
20170719,3870660495,147733818,4018394313,3.68,388700610,9423844,398124454,2.37
20170720,3767632262,145145196,3912777458,3.71,384178635,9607175,393785810,2.44
20170721,3613456524,150040006,3763496530,3.99,381463222,9505023,390968245,2.43
20170722,3411861581,152121247,3563982828,4.27,347053282,8901649,355954931,2.5
20170723,3310145437,156409134,3466554571,4.51,355499653,9100322,364599975,2.5
20170724,3670523988,159370174,3829894162,4.16,374845772,9354563,384200335,2.43
20170725,3698863016,155266587,3854129603,4.03,378852323,9582819,388435142,2.47
20170726,3746457729,158446349,3904904078,4.06,385355713,9835257,395190970,2.49
20170727,3587971262,141915267,3729886529,3.8,379279744,10126452,389406196,2.6
20170728,3463885808,175362026,3639247834,4.82,360481850,10101546,370583396,2.73
20170729,3186839875,151164523,3338004398,4.53,336793622,9784477,346578099,2.82
20170730,3132878349,156585508,3289463857,4.76,332687053,9397188,342084241,2.75
20170731,3361055464,170438781,3531494245,4.83,333197793,10371472,343569265,3.02
20170801,3604381179,169160091,3773541270,4.48,372969739,10811451,383781190,2.82
20170802,3504322663,157877216,3662199879,4.31,379587163,11000498,390587661,2.82
20170803,3538270825,153866500,3692137325,4.17,374308504,10933365,385241869,2.84
20170804,3432024894,150196905,3582221799,4.19,373953469,11096032,385049501,2.88
20170805,3092728630,138788003,3231516633,4.29,344673446,9887051,354560497,2.79
20170806,3038058000,147282422,3185340422,4.62,343429903,10032630,353462533,2.84
20170807,3689935593,142877113,3832812706,3.73,383463736,11708430,395172166,2.96
20170808,3390040131,86711202,3476751333,2.49,349446963,11130672,360577635,3.09
20170809,3306668734,92029572,3398698306,2.71,338429338,10971969,349401307,3.14
20170810,3561396567,140275399,3701671966,3.79,395174793,11013540,406188333,2.71
20170811,3439653455,147131120,3586784575,4.1,387234741,10899803,398134544,2.74
20170812,3205142554,145066485,3350209039,4.33,366892869,9879027,376771896,2.62
20170813,3158706695,147186273,3305892968,4.45,356144363,9514601,365658964,2.6
20170814,3506548047,158256898,3664804945,4.32,383850289,10588225,394438514,2.68
20170815,3589989268,151126534,3741115802,4.04,385228335,11126979,396355314,2.81
20170816,3805434164,146574905,3952009069,3.71,380142095,11243030,391385125,2.87
20170817,3873616256,141321716,4014937972,3.52,379500138,11479303,390979441,2.94
20170818,3727024973,149538797,3876563770,3.86,369609313,11027082,380636395,2.9
20170819,3309813366,121648173,3431461539,3.55,347940319,10176817,358117136,2.84
20170820,3265026335,124890371,3389916706,3.68,346625081,9729887,356354968,2.73
20170821,4024992928,136648852,4161641780,3.28,367413558,10169975,377583533,2.69
20170822,3851515578,140233468,3991749046,3.51,382079534,10311603,392391137,2.63
20170823,3734004619,143429852,3877434471,3.7,397801131,10130926,407932057,2.48
20170824,3767488629,138486296,3905974925,3.55,424086964,10812329,434899293,2.49
20170825,3636583776,112709475,3749293251,3.01,414631960,10863050,425495010,2.55
20170826,3696786177,115383855,3812170032,3.03,400649234,10813925,411463159,2.63
20170827,3374819546,113143550,3487963096,3.24,388838217,10469993,399308210,2.62
20170828,3577545616,126219268,3703764884,3.41,403506754,10704706,414211460,2.58
20170829,3730977953,129864599,3860842552,3.36,404843803,10802946,415646749,2.6
20170830,3551294665,133821023,3685115688,3.63,387790060,10562230,398352290,2.65
20170831,3703131485,127366364,3830497849,3.33,402381585,10734700,413116285,2.6
20170901,3472158074,134031924,3606189998,3.72,414659161,10641586,425300747,2.5
20170902,3112855922,121229234,3234085156,3.75,386753792,10198692,396952484,2.57
20170903,3068920559,117650829,3186571388,3.69,390836820,10090419,400927239,2.52
20170904,3951325230,129371881,4080697111,3.17,409565919,10762119,420328038,2.56
20170905,3805761238,133564598,3939325836,3.39,418144411,10932920,429077331,2.55
20170906,3988304709,138337087,4126641796,3.35,436446901,11354553,447801454,2.54
20170907,3867260932,134123604,4001384536,3.35,422705323,10935055,433640378,2.52
20170908,3912813393,132311525,4045124918,3.27,428666481,10845493,439511974,2.47
20170909,3262932492,114397462,3377329954,3.39,433808458,10226271,444034729,2.3
20170910,3065775241,113049499,3178824740,3.56,440351141,10250836,450601977,2.27
20170911,3625259843,126445790,3751705633,3.37,425769861,10981049,436750910,2.51
20170912,3648641766,123738014,3772379780,3.28,426971031,10863633,437834664,2.48
20170913,3842279355,119101113,3961380468,3.01,426460496,11390436,437850932,2.6
20170914,3885895485,129434717,4015330202,3.22,427636067,11164543,438800610,2.54
20170915,4146084169,125345659,4271429828,2.93,427569863,10978454,438548317,2.5
20170916,3552688767,121822327,3674511094,3.32,417055372,10180209,427235581,2.38
20170917,3316298733,120756218,3437054951,3.51,408301236,10096297,418397533,2.41
20170918,3937947164,141597807,4079544971,3.47,428834485,10742642,439577127,2.44
20170919,3900270702,149741971,4050012673,3.7,434892477,11215798,446108275,2.51
20170920,4579415517,148123297,4727538814,3.13,421496516,10864507,432361023,2.51
20170921,4529171540,146221346,4675392886,3.13,425510096,10814794,436324890,2.48
20170922,4734126026,141993154,4876119180,2.91,422610327,11151986,433762313,2.57
20170923,5455858270,121602180,5577460450,2.18,412919433,10795812,423715245,2.55
20170924,5941105220,117500719,6058605939,1.94,400698110,10617064,411315174,2.58
20170925,5695342554,131918609,5827261163,2.26,406117721,11025331,417143052,2.64
20170926,4948117787,141860951,5089978738,2.79,426375626,11567730,437943356,2.64
20170927,3866647466,147546140,4014193606,3.68,431357502,11553428,442910930,2.61
20170928,3860753077,152239461,4012992538,3.79,433396904,12022621,445419525,2.7
20170929,3603804800,139428433,3743233233,3.72,427193047,11717729,438910776,2.67
20170930,3280368036,117784926,3398152962,3.47,398512302,11280872,409793174,2.75
20171001,3373138229,120769978,3493908207,3.46,391131423,11094390,402225813,2.76
20171002,3768923642,142217052,3911140694,3.64,404259109,11570683,415829792,2.78
20171003,3576655970,137405943,3714061913,3.7,412668831,11816714,424485545,2.78
20171004,3514089917,133326695,3647416612,3.66,417233030,12043149,429276179,2.81
20171005,3537633919,125079369,3662713288,3.41,427759431,11421935,439181366,2.6
20171006,3602873854,125997152,3728871006,3.38,431987181,11497857,443485038,2.59
20171007,3315162502,132076343,3447238845,3.83,414136619,11263095,425399714,2.65
20171008,3384503665,137812338,3522316003,3.91,405412757,11186332,416599089,2.69
20171009,3647435934,128746103,3776182037,3.41,418997297,11861422,430858719,2.75
20171010,3665143199,141272548,3806415747,3.71,415387501,12027431,427414932,2.81
20171011,3979153769,194535549,4173689318,4.66,461518071,11410469,472928540,2.41
20171012,4011667357,171193772,4182861129,4.09,498008586,11325020,509333606,2.22
20171013,3683645764,173904486,3857550250,4.51,438692326,10862675,449555001,2.42
20171014,3548804807,175358544,3724163351,4.71,411100408,10468161,421568569,2.48
20171015,3502704205,171096700,3673800905,4.66,406830265,10442571,417272836,2.5
20171016,3953755926,176212481,4129968407,4.27,426791042,11048011,437839053,2.52
20171017,3792424269,173352836,3965777105,4.37,443129106,11127513,454256619,2.45
20171018,3789286818,185904688,3975191506,4.68,442354545,11432170,453786715,2.52
20171019,3768858330,196777542,3965635872,4.96,424364088,12304014,436668102,2.82
20171020,3557920685,179968725,3737889410,4.81,408349262,12222125,420571387,2.91
20171021,3131148620,160885926,3292034546,4.89,398073269,11423613,409496882,2.79
20171022,3138790992,165597962,3304388954,5.01,405296794,11351031,416647825,2.72
20171023,3731201841,175960183,3907162024,4.5,421181283,11997593,433178876,2.77
20171024,3709523315,186500389,3896023704,4.79,435308929,12085420,447394349,2.7
20171025,3676841122,181052825,3857893947,4.69,430948812,12037872,442986684,2.72
20171026,3682511774,181974919,3864486693,4.71,428927777,12210299,441138076,2.77
20171027,3947166068,176975719,4124141787,4.29,433912361,12023322,445935683,2.7
20171028,3419255305,155155737,3574411042,4.34,415628320,11871730,427500050,2.78
20171029,3450451012,184407976,3634858988,5.07,412000927,11691217,423692144,2.76
20171030,3791017939,213336659,4004354598,5.33,434091840,12191927,446283767,2.73
20171031,3813092111,215523198,4028615309,5.35,442337440,12471571,454809011,2.74
20171101,3707434080,213318264,3920752344,5.44,437546698,12410401,449957099,2.76
20171102,3809310842,212146918,4021457760,5.28,434066286,12286418,446352704,2.75
20171103,4100610205,211322612,4311932817,4.9,424895591,12433714,437329305,2.84
20171104,3425603952,183340894,3608944846,5.08,404440301,11662314,416102615,2.8
20171105,3526215409,161508486,3687723895,4.38,411550631,11814315,423364946,2.79
20171106,3540881676,181882407,3722764083,4.89,421307384,12164646,433472030,2.81
20171107,4227085194,202162161,4429247355,4.56,425546830,12631151,438177981,2.88
20171108,3995114823,208882818,4203997641,4.97,432331676,12801924,445133600,2.88
20171109,4187756193,220230146,4407986339,5.0,438548201,13209899,451758100,2.92
20171110,3884711281,211794220,4096505501,5.17,437119971,12626585,449746556,2.81
20171111,3680209879,179980451,3860190330,4.66,397327793,12125146,409452939,2.96
20171112,3455674047,155706416,3611380463,4.31,390795013,11983210,402778223,2.98
20171113,3934147489,157227231,4091374720,3.84,411484010,12593315,424077325,2.97
20171114,5353127618,159595141,5512722759,2.9,402504484,13014556,415519040,3.13
20171115,3473295852,120678905,3593974757,3.36,399334877,12503891,411838768,3.04
20171116,3886437327,133076300,4019513627,3.31,405266386,12863935,418130321,3.08
20171117,3390502543,124302734,3514805277,3.54,398578423,12674265,411252688,3.08
20171118,2961347482,85974281,3047321763,2.82,363058264,11903695,374961959,3.17
20171119,2847307365,74699838,2922007203,2.56,356464773,11891448,368356221,3.23
20171120,3638930777,86032391,3724963168,2.31,380056348,13728355,393784703,3.49
20171121,3500417702,87437364,3587855066,2.44,386489331,16668379,403157710,4.13
20171122,3419586027,86977719,3506563746,2.48,382953121,13591757,396544878,3.43
20171123,3253702073,86352957,3340055030,2.59,377278322,13842532,391120854,3.54
20171124,3181773168,84595863,3266369031,2.59,373104477,13876328,386980805,3.59
20171125,3170306582,77714887,3248021469,2.39,358409685,12977207,371386892,3.49
20171126,3139154523,76767484,3215922007,2.39,358643443,12835438,371478881,3.46
20171127,3843539178,84802084,3928341262,2.16,367778817,13103156,380881973,3.44
20171128,3666615829,93717375,3760333204,2.49,371038351,13047705,384086056,3.4
20171129,4233130561,116717213,4349847774,2.68,414321320,13678543,427999863,3.2
20171130,4060798896,106352452,4167151348,2.55,423422444,13789738,437212182,3.15
20171201,4378194554,109649253,4487843807,2.44,417208204,13655329,430863533,3.17
20171202,3583690608,92448792,3676139400,2.51,393192574,12915518,406108092,3.18
20171203,3902311143,93530448,3995841591,2.34,385782256,12859375,398641631,3.23
20171204,5844683750,131458037,5976141787,2.2,394919196,13576764,408495960,3.32
20171205,5233679182,121304993,5354984175,2.27,413636160,13033501,426669661,3.05
20171206,4188648279,130147000,4318795279,3.01,425017528,12945926,437963454,2.96
20171207,4396266904,126699666,4522966570,2.8,410984314,12794150,423778464,3.02
20171208,3824117937,120047572,3944165509,3.04,393136387,12930234,406066621,3.18
20171209,4203010763,102197374,4305208137,2.37,378797975,12578471,391376446,3.21
20171210,5208536036,111155525,5319691561,2.09,386158098,12401473,398559571,3.11
20171211,6697966221,114929863,6812896084,1.69,403191384,12991305,416182689,3.12
20171212,6394882213,128900327,6523782540,1.98,400113114,13169336,413282450,3.19
20171213,5180244441,113095833,5293340274,2.14,405747219,13187594,418934813,3.15
20171214,4836672184,106538771,4943210955,2.16,404634987,13350869,417985856,3.19
20171215,4966195494,99263957,5065459451,1.96,402737078,13008027,415745105,3.13
20171216,4187807160,96971404,4284778564,2.26,408479798,12725717,421205515,3.02
20171217,3387183758,97716183,3484899941,2.8,408501429,12542155,421043584,2.98
20171218,5405916732,107447430,5513364162,1.95,420534700,12990614,433525314,3.0
20171219,7338431849,107031197,7445463046,1.44,404708000,13103477,417811477,3.14
20171220,5823014415,111476561,5934490976,1.88,398629069,13366685,411995754,3.24
20171221,5329252919,112112829,5441365748,2.06,392647649,13807595,406455244,3.4
20171222,4874998361,123865398,4998863759,2.48,393888629,13378129,407266758,3.28
20171223,5074176902,117722164,5191899066,2.27,377792727,12673096,390465823,3.25
20171224,5158991156,124448448,5283439604,2.36,361598275,12431548,374029823,3.32
20171225,5266127215,121258297,5387385512,2.25,364624965,12519558,377144523,3.32
20171226,5251009538,110624439,5361633977,2.06,376207174,12693183,388900357,3.26
20171227,4907559251,121657283,5029216534,2.42,389798986,13097351,402896337,3.25
20171228,4522913225,112773381,4635686606,2.43,391811334,14438445,406249779,3.55
20171229,4955198992,157564393,5112763385,3.08,394881903,14329609,409211512,3.5
20171230,4382790717,143841383,4526632100,3.18,413647038,13879804,427526842,3.25
20171231,4915025760,140322938,5055348698,2.78,383805029,13316845,397121874,3.35
20180101,3918523550,113623156,4032146706,2.82,379288194,13601694,392889888,3.46
20180102,4850073439,140408258,4990481697,2.81,390210654,14124829,404335483,3.49
20180103,5764368766,135418458,5899787224,2.3,440589106,14491914,455081020,3.18
20180104,7248253262,136781294,7385034556,1.85,411232707,14732562,425965269,3.46
20180105,7171741260,132886717,7304627977,1.82,445639865,14204426,459844291,3.09
20180106,4525662149,106392714,4632054863,2.3,401855670,12972408,414828078,3.13
20180107,4091798023,103573779,4195371802,2.47,394364480,13076528,407441008,3.21
20180108,4065343194,109051916,4174395110,2.61,408868738,13750533,422619271,3.25
20180109,4448377884,106211445,4554589329,2.33,409433502,13884483,423317985,3.28
20180110,4127727450,104422330,4232149780,2.47,409148080,13721441,422869521,3.24
20180111,4126860145,106292010,4233152155,2.51,418117661,13437208,431554869,3.11
20180112,4390802683,103935325,4494738008,2.31,406632704,13225823,419858527,3.15
20180113,3807257806,90191199,3897449005,2.31,396692553,12916752,409609305,3.15
20180114,3841637427,91132731,3932770158,2.32,404253255,12970656,417223911,3.11
20180115,4442522960,102014869,4544537829,2.24,425418449,13533900,438952349,3.08
20180116,4785092443,103192197,4888284640,2.11,436271247,13640514,449911761,3.03
20180117,4508888007,99816649,4608704656,2.17,435572145,14154238,449726383,3.15
20180118,4131046242,106002107,4237048349,2.5,427307763,15281849,442589612,3.45
20180119,4159274650,104306817,4263581467,2.45,408627077,14234005,422861082,3.37
20180120,3422423294,93542254,3515965548,2.66,398745399,13894586,412639985,3.37
20180121,3264526099,92843793,3357369892,2.77,402003609,14112227,416115836,3.39
20180122,3640584246,95646347,3736230593,2.56,407062972,14368891,421431863,3.41
20180123,3734010653,100961401,3834972054,2.63,419482362,14976574,434458936,3.45
20180124,3753954720,103583847,3857538567,2.69,422642666,14958357,437601023,3.42
20180125,3721900094,101898957,3823799051,2.66,411706728,14701329,426408057,3.45
20180126,3585338492,98909166,3684247658,2.68,401948820,14388324,416337144,3.46
20180127,3176943663,92743195,3269686858,2.84,426685748,13883221,440568969,3.15
20180128,3231858933,97609420,3329468353,2.93,393861309,14063676,407924985,3.45
20180129,3585380725,101476423,3686857148,2.75,404426351,14978619,419404970,3.57
20180130,3565553962,106104266,3671658228,2.89,409948326,15950736,425899062,3.75
20180131,3587751773,118257959,3706009732,3.19,420580925,16993458,437574383,3.88
20180201,3541633425,146696830,3688330255,3.98,448277365,19766526,468043891,4.22
20180202,3652937549,147749844,3800687393,3.89,435636067,21353284,456989351,4.67
20180203,3266725115,149600906,3416326021,4.38,415880987,17298404,433179391,3.99
20180204,3512576208,144278273,3656854481,3.95,400145322,16989047,417134369,4.07
20180205,3320890559,120542651,3441433210,3.5,422280550,16380080,438660630,3.73
20180206,3677816634,110643022,3788459656,2.92,432450002,15391566,447841568,3.44
20180207,3720794274,147137510,3867931784,3.8,442586385,18019115,460605500,3.91
20180208,3643187957,143971008,3787158965,3.8,412656135,18264361,430920496,4.24
20180209,3648297679,150981607,3799279286,3.97,417911597,17233481,435145078,3.96
20180210,3297005143,144803462,3441808605,4.21,408123478,15985120,424108598,3.77
20180211,3228421811,143671317,3372093128,4.26,396811959,15199021,412010980,3.69
20180212,3531921233,151083740,3683004973,4.1,415244245,15885474,431129719,3.68
20180213,3674558526,154732521,3829291047,4.04,425487453,15796759,441284212,3.58
20180214,3600493019,152915857,3753408876,4.07,419307278,16130418,435437696,3.7
20180215,3663768703,163934785,3827703488,4.28,395611144,16013686,411624830,3.89
20180216,3772371144,154256094,3926627238,3.93,382576942,15735621,398312563,3.95
20180217,2868050381,145357708,3013408089,4.82,359508718,14786651,374295369,3.95
20180218,3262173795,143351099,3405524894,4.21,360039222,14835658,374874880,3.96
20180219,3403892044,152149178,3556041222,4.28,365883256,15091098,380974354,3.96
20180220,3289469432,153906802,3443376234,4.47,373416118,15286918,388703036,3.93
20180221,3607852089,152955916,3760808005,4.07,376941796,15178417,392120213,3.87
20180222,3746187360,150596930,3896784290,3.86,379485702,15075985,394561687,3.82
20180223,3530643052,144542264,3675185316,3.93,377860838,15280872,393141710,3.89
20180224,3315021047,155126470,3470147517,4.47,363752505,14527809,378280314,3.84
20180225,3301325327,165040393,3466365720,4.76,360085398,14564917,374650315,3.89
20180226,4015528769,162400338,4177929107,3.89,377345479,15350528,392696007,3.91
20180227,4336789870,140952093,4477741963,3.15,434616201,15333833,449950034,3.41
20180228,4203090815,146611871,4349702686,3.37,395155637,15199277,410354914,3.7
20180301,4382013407,159652778,4541666185,3.52,398299101,15164306,413463407,3.67
20180302,4301819186,154381233,4456200419,3.46,388492404,15517819,404010223,3.84
20180303,3404367651,157540081,3561907732,4.42,388981240,14742340,403723580,3.65
20180304,3493650804,160923161,3654573965,4.4,412552361,15035132,427587493,3.52
20180305,3762902254,163646072,3926548326,4.17,440533724,16384752,456918476,3.59
20180306,3782644270,150335326,3932979596,3.82,426666227,16365891,443032118,3.69
20180307,3856693769,139414845,3996108614,3.49,447163372,16690596,463853968,3.6
20180308,3928531567,149262213,4077793780,3.66,427557336,16073118,443630454,3.62
20180309,4065334794,143231996,4208566790,3.4,361205189,16454658,377659847,4.36
20180310,3547016591,139624958,3686641549,3.79,343354966,15215445,358570411,4.24
20180311,3391145678,149824148,3540969826,4.23,343456110,14789221,358245331,4.13
20180312,3708296694,149763234,3858059928,3.88,363710791,16261246,379972037,4.28
20180313,4389117583,154313592,4543431175,3.4,365102280,16197292,381299572,4.25
20180314,4503040822,148971677,4652012499,3.2,370328489,16358928,386687417,4.23
20180315,3972804185,143397411,4116201596,3.48,375920172,16207946,392128118,4.13
20180316,3814991676,149868578,3964860254,3.78,363829497,16290139,380119636,4.29
20180317,3339400982,140518415,3479919397,4.04,343950046,15834359,359784405,4.4
20180318,3749141409,145909147,3895050556,3.75,343852293,15775846,359628139,4.39
20180319,4202726283,146329398,4349055681,3.36,364197493,17581388,381778881,4.61
20180320,4237288272,148362363,4385650635,3.38,368690984,17438441,386129425,4.52
20180321,5105817341,150058183,5255875524,2.86,367583318,16902440,384485758,4.4
20180322,5085943181,143494685,5229437866,2.74,366028080,17678768,383706848,4.61
20180323,3255513489,134107486,3389620975,3.96,367553949,18665418,386219367,4.83
20180324,3210204710,126921023,3337125733,3.8,347373467,17767066,365140533,4.87
20180325,3595620156,134591230,3730211386,3.61,340017766,16352746,356370512,4.59
20180326,3578377624,114336303,3692713927,3.1,351016931,16150071,367167002,4.4
20180327,3641899945,104382373,3746282318,2.79,358414871,15476830,373891701,4.14
20180328,3622287609,111296262,3733583871,2.98,372575844,15753716,388329560,4.06
20180329,3345042006,111522036,3456564042,3.23,402348632,15710438,418059070,3.76
20180330,3754893256,110697359,3865590615,2.86,363096368,15011909,378108277,3.97
20180331,3215069104,106356279,3321425383,3.2,334267060,14640146,348907206,4.2
20180401,3556005643,104685769,3660691412,2.86,328611660,14562944,343174604,4.24
20180402,4264339482,115325286,4379664768,2.63,345380458,14904483,360284941,4.14
20180403,4696553023,122191305,4818744328,2.54,391203014,15410903,406613917,3.79
20180404,5105442492,116321739,5221764231,2.23,402457214,15504575,417961789,3.71
20180405,5933994705,114936743,6048931448,1.9,425338607,15974267,441312874,3.62
20180406,6013860182,115318921,6129179103,1.88,416709749,15660371,432370120,3.62
20180407,5488243404,107507467,5595750871,1.92,348021637,15095776,363117413,4.16
20180408,4583427615,109414879,4692842494,2.33,346989084,15132788,362121872,4.18
20180409,4344648323,113227142,4457875465,2.54,381636656,15609276,397245932,3.93
20180410,4091256354,106348463,4197604817,2.53,372588746,15246604,387835350,3.93
20180411,4669110570,115321943,4784432513,2.41,396798855,15910841,412709696,3.86
20180412,3937311548,107820634,4045132182,2.67,375714236,15733349,391447585,4.02
20180413,4015378505,109587213,4124965718,2.66,368542880,15750646,384293526,4.1
20180414,3335511113,108999509,3444510622,3.16,344694739,15218974,359913713,4.23
20180415,3717382752,107253417,3824636169,2.8,343224107,15160074,358384181,4.23
20180416,4613963588,109129274,4723092862,2.31,362729718,15527635,378257353,4.11
20180417,4806882804,111910122,4918792926,2.28,390227003,15818764,406045767,3.9
20180418,4415051828,103751343,4518803171,2.3,375850931,15026099,390877030,3.84
20180419,4139747286,112900821,4252648107,2.65,387106245,15388056,402494301,3.82
20180420,4141219501,114380415,4255599916,2.69,384572975,15547258,400120233,3.89
20180421,3510433356,105193307,3615626663,2.91,367776987,14849966,382626953,3.88
20180422,3434101219,105892785,3539994004,2.99,369236462,14200225,383436687,3.7
20180423,3997286223,114327888,4111614111,2.78,443753733,14628370,458382103,3.19
20180424,4147382384,103010476,4250392860,2.42,452299053,14500096,466799149,3.11
20180425,4216004814,111740462,4327745276,2.58,438416081,14654852,453070933,3.23
20180426,3512120248,109004482,3621124730,3.01,351111198,14645141,365756339,4.0
20180427,3805640472,111926410,3917566882,2.86,344483504,14411069,358894573,4.02
20180428,3678266010,108719439,3786985449,2.87,330754076,13709938,344464014,3.98
20180429,3518122515,103216097,3621338612,2.85,367224798,13616942,380841740,3.58
20180430,3305974054,99398643,3405372697,2.92,344642704,13673152,358315856,3.82
20180501,3633521375,106164599,3739685974,2.84,323670574,12708233,336378807,3.78
20180502,3430885488,103040034,3533925522,2.92,309607332,12893507,322500839,4.0
20180503,3377665616,107721679,3485387295,3.09,402915075,13451587,416366662,3.23
20180504,3421885085,114192695,3536077780,3.23,372757713,13562684,386320397,3.51
20180505,3938968797,119276148,4058244945,2.94,328631641,13311301,341942942,3.89
20180506,3832314534,126400297,3958714831,3.19,318600399,13354297,331954696,4.02
20180507,3949826773,118177741,4068004514,2.91,322979328,13375451,336354779,3.98
20180508,4390596094,123856552,4514452646,2.74,322734112,13549584,336283696,4.03
20180509,4809898155,127881656,4937779811,2.59,321961284,13646052,335607336,4.07
20180510,4143706145,123974818,4267680963,2.9,310717411,13176920,323894331,4.07
20180511,4809858028,119492000,4929350028,2.42,321777458,13397726,335175184,4.0
20180512,4972390495,114161816,5086552311,2.24,301443735,13260885,314704620,4.21
20180513,4437110821,117552403,4554663224,2.58,299812548,13615606,313428154,4.34
20180514,4040662951,123578622,4164241573,2.97,339528007,14762211,354290218,4.17
20180515,4491589069,126979538,4618568607,2.75,364139576,14919393,379058969,3.94
20180516,4614877890,132164514,4747042404,2.78,351633695,14551397,366185092,3.97
20180517,5286871336,124631401,5411502737,2.3,370979225,15153679,386132904,3.92
20180518,6692520422,135773387,6828293809,1.99,376082846,16058071,392140917,4.09
20180519,4969968956,121115023,5091083979,2.38,347533131,15970439,363503570,4.39
20180520,3792097517,106825947,3898923464,2.74,337697515,15969871,353667386,4.52
20180521,4629358634,114884520,4744243154,2.42,378419679,18156802,396576481,4.58
20180522,7506939576,113682021,7620621597,1.49,373567656,16122054,389689710,4.14
20180523,5857135048,98962355,5956097403,1.66,370483344,16277135,386760479,4.21
20180524,5829929100,117419785,5947348885,1.97,363203612,15851819,379055431,4.18
20180525,6419936354,105161320,6525097674,1.61,368340095,16045042,384385137,4.17
20180526,6497042313,100457780,6597500093,1.52,348518959,15557720,364076679,4.27
20180527,6318149804,102186282,6420336086,1.59,344770883,15556004,360326887,4.32
20180528,6403904908,112301711,6516206619,1.72,368402592,15922791,384325383,4.14
20180529,5924716921,111238531,6035955452,1.84,421538049,15783525,437321574,3.61
20180530,6227968966,106105957,6334074923,1.68,363726620,13830063,377556683,3.66
20180531,5989828660,91950455,6081779115,1.51,371177910,14152794,385330704,3.67
20180601,6393461385,101075305,6494536690,1.56,382632131,14343148,396975279,3.61
20180602,6316885435,100304718,6417190153,1.56,364459072,13887246,378346318,3.67
20180603,6570697643,94230827,6664928470,1.41,387884701,14004068,401888769,3.48
20180604,6614604594,98914889,6713519483,1.47,440109128,14077729,454186857,3.1
20180605,6960792510,97985470,7058777980,1.39,403539288,14122003,417661291,3.38
20180606,6993038909,95510081,7088548990,1.35,404192975,13996190,418189165,3.35
20180607,6355129257,102455602,6457584859,1.59,358441616,13336344,371777960,3.59
20180608,6392911974,112963815,6505875789,1.74,359004139,13771183,372775322,3.69
20180609,6612057416,141393925,6753451341,2.09,412767207,15858454,428625661,3.7
20180610,6906792987,137952859,7044745846,1.96,395222720,15869997,411092717,3.86
20180611,7784821581,140340768,7925162349,1.77,420487108,16386315,436873423,3.75
20180612,7871973085,144892468,8016865553,1.81,494031865,16695867,510727732,3.27
20180613,6714467165,126797426,6841264591,1.85,446922524,16699333,463621857,3.6
20180614,5903447089,133494632,6036941721,2.21,456702834,16594399,473297233,3.51
20180615,6080276818,125025194,6205302012,2.01,438358694,16615364,454974058,3.65
20180616,5412863024,118414464,5531277488,2.14,408185793,16426545,424612338,3.87
20180617,5695464283,117832877,5813297160,2.03,386114404,16495591,402609995,4.1
20180618,5979270995,132422495,6111693490,2.17,416416395,17097397,433513792,3.94
20180619,5916239307,137744293,6053983600,2.28,415949407,17096386,433045793,3.95
20180620,5929378015,143853632,6073231647,2.37,431178752,17660818,448839570,3.93
20180621,5837217278,140464528,5977681806,2.35,419185342,18032068,437217410,4.12
20180622,6163350442,133266472,6296616914,2.12,434261421,18413421,452674842,4.07
20180623,6126476452,123268128,6249744580,1.97,393482050,17403215,410885265,4.24
20180624,4992377197,118583040,5110960237,2.32,390759870,17228712,407988582,4.22
20180625,4087897470,130036153,4217933623,3.08,423701442,17837558,441539000,4.04
20180626,4146831487,140624340,4287455827,3.28,445949879,18246105,464195984,3.93
20180627,4129984479,132933013,4262917492,3.12,437311206,18198305,455509511,4.0
20180628,4007172751,116570359,4123743110,2.83,420544670,17898254,438442924,4.08
20180629,3947210530,125132560,4072343090,3.07,463676609,17966546,481643155,3.73
20180630,3634764193,121060058,3755824251,3.22,411097253,17669500,428766753,4.12
20180701,3547696151,112787083,3660483234,3.08,394689760,17686477,412376237,4.29
20180702,3974332892,123821756,4098154648,3.02,459107466,18337088,477444554,3.84
20180703,3957835767,128584761,4086420528,3.15,477090957,18623100,495714057,3.76
20180704,3817180805,126088105,3943268910,3.2,458677381,18249259,476926640,3.83
20180705,3769318494,121722678,3891041172,3.13,529653760,17988201,547641961,3.28
20180706,3596513573,116214514,3712728087,3.13,453546157,17736333,471282490,3.76
20180707,3281253934,110689789,3391943723,3.26,404599455,17600409,422199864,4.17
20180708,3168354404,104737170,3273091574,3.2,380643827,17540548,398184375,4.41
20180709,3588498552,120665323,3709163875,3.25,442916562,18072635,460989197,3.92
20180710,3798058876,121966308,3920025184,3.11,492902831,18902584,511805415,3.69
20180711,3857381118,127502479,3984883597,3.2,456905765,19168669,476074434,4.03
20180712,3708650166,124495430,3833145596,3.25,444498168,18407138,462905306,3.98
20180713,3685579939,130310244,3815890183,3.41,445499216,18074693,463573909,3.9
20180714,3366231071,120859398,3487090469,3.47,426294804,17604664,443899468,3.97
20180715,3301031354,116471980,3417503334,3.41,414857860,17699190,432557050,4.09
20180716,3671486600,124458015,3795944615,3.28,446609374,18204524,464813898,3.92
20180717,3716841896,122886387,3839728283,3.2,470590444,18225171,488815615,3.73
20180718,3658368664,122452332,3780820996,3.24,452820816,18208115,471028931,3.87
20180719,3689640067,123201810,3812841877,3.23,472621771,18012377,490634148,3.67
20180720,3804447432,122896229,3927343661,3.13,474117105,18649741,492766846,3.78
20180721,3550064560,116354193,3666418753,3.17,441252454,18086214,459338668,3.94
20180722,3606533924,110958216,3717492140,2.98,424524573,17978721,442503294,4.06
20180723,4011012849,126582401,4137595250,3.06,461973783,19041655,481015438,3.96
20180724,4127742846,121557378,4249300224,2.86,456208692,18815325,475024017,3.96
20180725,4191247090,122539165,4313786255,2.84,455714945,19029831,474744776,4.01
20180726,4076447127,124025205,4200472332,2.95,445314415,19551297,464865712,4.21
20180727,4112149795,111067909,4223217704,2.63,504108252,18947992,523056244,3.62
20180728,3950506152,133107079,4083613231,3.26,523316606,18077048,541393654,3.34
20180729,4466475966,127342870,4593818836,2.77,632621821,18860098,651481919,2.89
20180730,5175934876,117765761,5293700637,2.22,704109430,19300491,723409921,2.67
20180731,5118109790,115613222,5233723012,2.21,693328087,19258930,712587017,2.7
20180801,5236399941,115206553,5351606494,2.15,698618329,18817966,717436295,2.62
20180802,4247944617,110674331,4358618948,2.54,501752098,18636429,520388527,3.58
20180803,3861222159,106730648,3967952807,2.69,457334706,18636787,475971493,3.92
20180804,3522771866,101252411,3624024277,2.79,448443824,17962155,466405979,3.85
20180805,3618125644,103184530,3721310174,2.77,470976143,17745272,488721415,3.63
20180806,4006495032,109918631,4116413663,2.67,482911143,18773134,501684277,3.74
20180807,4026710318,113944335,4140654653,2.75,494661005,18582480,513243485,3.62
20180808,4349435499,113444244,4462879743,2.54,575648290,18896430,594544720,3.18
20180809,4048854471,112154459,4161008930,2.7,529853034,18714235,548567269,3.41
20180810,3921609583,108975502,4030585085,2.7,511521148,18777060,530298208,3.54
20180811,3516640257,100346124,3616986381,2.77,456448639,17729211,474177850,3.74
20180812,3478964605,100082498,3579047103,2.8,469532519,17743777,487276296,3.64
20180813,3943813547,110900767,4054714314,2.74,534077255,18322526,552399781,3.32
20180814,3773955553,112589266,3886544819,2.9,538564472,19256577,557821049,3.45
20180815,3744338900,109556144,3853895044,2.84,547888372,18978920,566867292,3.35
20180816,3833185727,115490435,3948676162,2.92,543842086,20154163,563996249,3.57
20180817,3661935398,109474673,3771410071,2.9,560432378,20435344,580867722,3.52
20180818,3324047609,101700262,3425747871,2.97,472747236,19627643,492374879,3.99
20180819,3218080187,100471712,3318551899,3.03,480921882,19538436,500460318,3.9
20180820,3723652373,107892200,3831544573,2.82,537062805,20579063,557641868,3.69
20180821,3649454494,111327520,3760782014,2.96,529228669,21469574,550698243,3.9
20180822,3813901085,106149376,3920050461,2.71,550005451,20928950,570934401,3.67
20180823,3891150554,116801151,4007951705,2.91,592222185,21578509,613800694,3.52
20180824,3650613419,113109721,3763723140,3.01,638764555,21132526,659897081,3.2
20180825,3250658377,102196952,3352855329,3.05,597866742,19720720,617587462,3.19
20180826,3214222521,104727279,3318949800,3.16,602694999,19292137,621987136,3.1
20180827,3777549152,111327729,3888876881,2.86,618160839,20249526,638410365,3.17
20180828,3964506192,113404867,4077911059,2.78,672474782,20516178,692990960,2.96
20180829,4002069519,120188764,4122258283,2.92,660127737,20275037,680402774,2.98
20180830,4041277279,117762078,4159039357,2.83,608797923,20400007,629197930,3.24
20180831,3985881534,111361003,4097242537,2.72,565351223,20112666,585463889,3.44
20180901,3638067156,108565432,3746632588,2.9,536342985,19240249,555583234,3.46
20180902,3579531097,106548825,3686079922,2.89,542067274,19364295,561431569,3.45
20180903,3991585916,108907100,4100493016,2.66,666563863,20171691,686735554,2.94
20180904,3998268794,115168295,4113437089,2.8,603583339,20142993,623726332,3.23
20180905,4036969769,113344408,4150314177,2.73,629640513,20065049,649705562,3.09
20180906,3994338461,107546447,4101884908,2.62,643987915,20242278,664230193,3.05
20180907,4048376990,112655627,4161032617,2.71,642555502,20302108,662857610,3.06
20180908,3692236732,102325153,3794561885,2.7,635660793,19126664,654787457,2.92
20180909,3976756060,98765142,4075521202,2.42,633855856,19030216,652886072,2.91
20180910,4029832602,107970823,4137803425,2.61,612886547,20451727,633338274,3.23
20180911,4142221296,108164885,4250386181,2.54,608792467,20770005,629562472,3.3
20180912,4173900245,112109351,4286009596,2.62,621436977,21061910,642498887,3.28
20180913,4250265068,112478013,4362743081,2.58,603764429,22089705,625854134,3.53
20180914,4183887233,113276108,4297163341,2.64,596427589,21771824,618199413,3.52
20180915,3741266013,105333448,3846599461,2.74,559253368,21297529,580550897,3.67
20180916,3678649145,103519424,3782168569,2.74,566648184,21012610,587660794,3.58
20180917,4126623451,111792304,4238415755,2.64,584294261,21744697,606038958,3.59
20180918,4375224505,122784296,4498008801,2.73,616493546,25153102,641646648,3.92
20180919,4342153301,115950079,4458103380,2.6,608730374,23724109,632454483,3.75
20180920,4324366485,113234483,4437600968,2.55,601898286,24269399,626167685,3.88
20180921,4837373660,110966192,4948339852,2.24,698259600,25989047,724248647,3.59
20180922,4594712101,103393669,4698105770,2.2,670465371,24039680,694505051,3.46
20180923,4378517486,103754182,4482271668,2.31,640317649,23572164,663889813,3.55
20180924,4193905138,109343704,4303248842,2.54,592072132,23711833,615783965,3.85
20180925,4305500995,113103784,4418604779,2.56,625594261,25203755,650798016,3.87
20180926,4273106072,126780136,4399886208,2.88,654479199,25342734,679821933,3.73
20180927,4244531039,116589709,4361120748,2.67,674968492,25708143,700676635,3.67
20180928,4255527953,118279597,4373807550,2.7,698662141,25033146,723695287,3.46
20180929,3981099069,109346298,4090445367,2.67,652555269,24356524,676911793,3.6
20180930,3840065673,110700825,3950766498,2.8,606113141,24491539,630604680,3.88
20181001,4270886940,115843415,4386730355,2.64,669255635,24737222,693992857,3.56
20181002,4238839655,121319346,4360159001,2.78,663981594,24383925,688365519,3.54
20181003,4350238059,122946974,4473185033,2.75,706064243,23913403,729977646,3.28
20181004,4306661935,114864173,4421526108,2.6,696456943,23953989,720410932,3.33
20181005,4221847794,112741361,4334589155,2.6,647221596,23797213,671018809,3.55
20181006,3862921950,107416714,3970338664,2.71,574142184,23668644,597810828,3.96
20181007,3801903955,104001721,3905905676,2.66,578557180,23957821,602515001,3.98
20181008,4255950252,109472441,4365422693,2.51,651806777,25213860,677020637,3.72
20181009,4347840191,111003070,4458843261,2.49,667852466,25745614,693598080,3.71
20181010,4290812906,112154717,4402967623,2.55,651713944,25946427,677660371,3.83
20181011,4281784866,108655236,4390440102,2.47,632795494,25582062,658377556,3.89
20181012,4227390284,111483262,4338873546,2.57,620760946,25625676,646386622,3.96
20181013,3867254009,105056428,3972310437,2.64,581971833,25954788,607926621,4.27
20181014,3800077617,101727368,3901804985,2.61,572383162,24190925,596574087,4.05
20181015,4332011532,112610270,4444621802,2.53,624685693,26059333,650745026,4.0
20181016,4516829156,113302901,4630132057,2.45,661710042,26136224,687846266,3.8
20181017,4554153557,118201850,4672355407,2.53,701079216,26797674,727876890,3.68
20181018,4558935430,116001218,4674936648,2.48,680071195,26249931,706321126,3.72
20181019,4558792108,120024462,4678816570,2.57,724549678,27479085,752028763,3.65
20181020,4229257412,112664105,4341921517,2.59,680351131,26732720,707083851,3.78
20181021,4196309657,111859055,4308168712,2.6,658720764,24983372,683704136,3.65
20181022,4868338008,129279639,4997617647,2.59,720738252,26000927,746739179,3.48
20181023,4987586084,136296845,5123882929,2.66,727893085,26808362,754701447,3.55
20181024,5011378058,144270794,5155648852,2.8,729564307,26832567,756396874,3.55
20181025,4920412896,176625678,5097038574,3.47,700365839,26183746,726549585,3.6
20181026,4696227316,157787670,4854014986,3.25,660618007,25872675,686490682,3.77
20181027,4228257384,132521452,4360778836,3.04,625122763,24201257,649324020,3.73
20181028,4132853374,119062159,4251915533,2.8,593540130,23743730,617283860,3.85
20181029,4717897331,129059780,4846957111,2.66,736465041,25393696,761858737,3.33
20181030,4822498832,144283938,4966782770,2.9,733026739,26350656,759377395,3.47
20181031,4729266538,141945354,4871211892,2.91,737628657,29664417,767293074,3.87
20181101,4484506364,128725457,4613231821,2.79,761738941,30226539,791965480,3.82
20181102,4331632525,119276238,4450908763,2.68,765514281,30667719,796182000,3.85
20181103,4004016643,116878887,4120895530,2.84,784274815,29648078,813922893,3.64
20181104,3915117813,108808966,4023926779,2.7,684196183,29813694,714009877,4.18
20181105,4387340002,116757884,4504097886,2.59,688218827,30394536,718613363,4.23
20181106,4490396891,131656668,4622053559,2.85,616102479,30678732,646781211,4.74
20181107,4510311179,131905441,4642216620,2.84,612179424,29968980,642148404,4.67
20181108,4569479416,161729327,4731208743,3.42,625993376,28811988,654805364,4.4
20181109,4543282456,141996607,4685279063,3.03,665523764,29280882,694804646,4.21
20181110,4222643286,127360247,4350003533,2.93,723715612,28359027,752074639,3.77
20181111,4209342005,121673219,4331015224,2.81,721099837,27964082,749063919,3.73
20181112,4679816005,137396865,4817212870,2.85,754337133,28890977,783228110,3.69
20181113,4888804226,152549930,5041354156,3.03,799156484,30085295,829241779,3.63
20181114,4929818430,201744667,5131563097,3.93,833811025,29937784,863748809,3.47
20181115,4862858851,154832868,5017691719,3.09,753623416,30115617,783739033,3.84
20181116,4691722402,170068005,4861790407,3.5,732074152,30254065,762328217,3.97
20181117,4094527958,135886281,4230414239,3.21,684395685,29528023,713923708,4.14
20181118,4085141962,131667185,4216809147,3.12,657748691,29435260,687183951,4.28
20181119,4626311967,141473038,4767785005,2.97,744740648,30531418,775272066,3.94
20181120,5085873168,158330375,5244203543,3.02,835856800,31858172,867714972,3.67
20181121,4505367455,152426021,4657793476,3.27,728348403,30938715,759287118,4.07
20181122,4502452294,155030749,4657483043,3.33,709589479,31437061,741026540,4.24
20181123,4397555877,141484591,4539040468,3.12,711948166,35415392,747363558,4.74
20181124,4133363612,189487758,4322851370,4.38,679142784,33644507,712787291,4.72
20181125,4048071576,170658042,4218729618,4.05,712783358,33563037,746346395,4.5
20181126,4639981063,142277733,4782258796,2.98,721814719,36277207,758091926,4.79
20181127,4882607172,146820451,5029427623,2.92,766593700,35289057,801882757,4.4
20181128,4821513319,156776852,4978290171,3.15,722251912,32956018,755207930,4.36
20181129,4740619730,114329800,4854949530,2.35,741403592,32303626,773707218,4.18
20181130,4718987710,143039642,4862027352,2.94,760316440,35381841,795698281,4.45
20181201,4312883821,135299061,4448182882,3.04,729076614,32481991,761558605,4.27
20181202,4309310173,130123507,4439433680,2.93,714215012,32802747,747017759,4.39
20181203,4896724395,139260619,5035985014,2.77,753863585,34839236,788702821,4.42
20181204,5001609609,137006165,5138615774,2.67,774586168,35458391,810044559,4.38
20181205,5010042017,136775927,5146817944,2.66,794763861,35087184,829851045,4.23
20181206,5059948026,140862219,5200810245,2.71,831860871,34104494,865965365,3.94
20181207,4843174218,140140353,4983314571,2.81,760391677,30546261,790937938,3.86
20181208,4309293632,135527789,4444821421,3.05,751888907,29311836,781200743,3.75
20181209,4245683909,127630305,4373314214,2.92,730285672,29894442,760180114,3.93
20181210,4817211880,131698263,4948910143,2.66,746920688,33922459,780843147,4.34
20181211,5009624390,134159841,5143784231,2.61,780514780,31684129,812198909,3.9
20181212,4938774574,142966957,5081741531,2.81,749058389,29971401,779029790,3.85
20181213,4882009674,130264611,5012274285,2.6,810989501,30709840,841699341,3.65
20181214,4760365310,136630460,4896995770,2.79,822405278,30347189,852752467,3.56
20181215,4411474313,125069314,4536543627,2.76,727944111,29540371,757484482,3.9
20181216,4321303981,121883650,4443187631,2.74,719575305,29119413,748694718,3.89
20181217,4777204424,134401726,4911606150,2.74,758256623,30281969,788538592,3.84
20181218,4854563754,139005165,4993568919,2.78,798925774,30206080,829131854,3.64
20181219,4893606249,140621859,5034228108,2.79,811511695,30299044,841810739,3.6
20181220,4882252599,139963713,5022216312,2.79,758436905,31140946,789577851,3.94
20181221,4868649005,136204522,5004853527,2.72,749457470,33092004,782549474,4.23
20181222,4444747105,128019975,4572767080,2.8,689436987,31362450,720799437,4.35
20181223,4260756172,124005604,4384761776,2.83,670610479,31820184,702430663,4.53
20181224,4479686239,125777568,4605463807,2.73,705625927,32417930,738043857,4.39
20181225,4374249647,126256701,4500506348,2.81,743326738,33257206,776583944,4.28
20181226,4587798231,138040166,4725838397,2.92,795545872,34679265,830225137,4.18
20181227,4729028106,137620585,4866648691,2.83,768814903,35142275,803957178,4.37
20181228,4725868648,140303412,4866172060,2.88,740441718,32712385,773154103,4.23
20181229,4353213172,138152062,4491365234,3.08,747277880,31205930,778483810,4.01
20181230,4273831682,137777379,4411609061,3.12,728880046,30080993,758961039,3.96
20181231,4397027404,145978689,4543006093,3.21,735432302,30758052,766190354,4.01
20190101,4346045965,135003078,4481049043,3.01,781829605,30223504,812053109,3.72
20190102,4733974481,141696740,4875671221,2.91,809526044,31645014,841171058,3.76
20190103,4907861897,143547862,5051409759,2.84,776690371,31858351,808548722,3.94
20190104,4818190266,136889908,4955080174,2.76,740879615,31486607,772366222,4.08
20190105,4360251097,128467815,4488718912,2.86,636396120,30438754,666834874,4.56
20190106,4135653566,102491388,4238144954,2.42,592523333,31236338,623759671,5.01
20190107,4537526255,109180979,4646707234,2.35,638938068,32399381,671337449,4.83
20190108,5057177038,110558566,5167735604,2.14,659868757,32858217,692726974,4.74
20190109,4894158793,137563184,5031721977,2.73,683437812,32347873,715785685,4.52
20190110,4947362022,196602353,5143964375,3.82,717149297,31578197,748727494,4.22
20190111,4935826075,187128946,5122955021,3.65,719807670,31703091,751510761,4.22
20190112,4683880465,188269611,4872150076,3.86,705771561,33838651,739610212,4.58
20190113,4675246560,189398844,4864645404,3.89,705864428,34396697,740261125,4.65
20190114,5259456697,184142190,5443598887,3.38,795228421,35299395,830527816,4.25
20190115,5196746628,189997183,5386743811,3.53,758857534,35185256,794042790,4.43
20190116,5250577102,173331945,5423909047,3.2,749547861,35440965,784988826,4.51
20190117,5134896042,178216643,5313112685,3.35,740917140,36139028,777056168,4.65
20190118,4917661167,211746410,5129407577,4.13,739371127,35923391,775294518,4.63
20190119,4565752653,202353076,4768105729,4.24,719428995,34762841,754191836,4.61
20190120,4642946644,255327718,4898274362,5.21,705874832,34282504,740157336,4.63
20190121,5024792958,237520945,5262313903,4.51,720140132,35538586,755678718,4.7
20190122,5157929190,216022282,5373951472,4.02,716935713,36286847,753222560,4.82
20190123,5249897556,195921318,5445818874,3.6,734626269,36200154,770826423,4.7
20190124,5265649219,208104880,5473754099,3.8,742369097,33342438,775711535,4.3
20190125,5235739566,217472043,5453211609,3.99,759898631,32200481,792099112,4.07
20190126,4837425644,196254256,5033679900,3.9,732647126,30095077,762742203,3.95
20190127,4885784331,178054871,5063839202,3.52,734899855,30147606,765047461,3.94
20190128,5266409749,163217149,5429626898,3.01,801839720,31453911,833293631,3.77
20190129,5707641887,164999570,5872641457,2.81,791252607,35227076,826479683,4.26
20190130,5620780543,189497743,5810278286,3.26,812112587,39541251,851653838,4.64
20190131,5691747986,207146241,5898894227,3.51,792206417,38419395,830625812,4.63
20190201,5775889437,170469958,5946359395,2.87,853154733,35102697,888257430,3.95
20190202,5073942645,166610699,5240553344,3.18,733051191,34306542,767357733,4.47
20190203,4794095244,149386476,4943481720,3.02,702211187,33477955,735689142,4.55
20190204,5307039801,154921287,5461961088,2.84,741013137,33475558,774488695,4.32
20190205,5390475389,150405724,5540881113,2.71,775473874,33876325,809350199,4.19
20190206,5464654363,173186978,5637841341,3.07,815142915,33496567,848639482,3.95
20190207,5600612295,176060690,5776672985,3.05,819545204,33982145,853527349,3.98
20190208,5660294886,192278979,5852573865,3.29,814991451,35110286,850101737,4.13
20190209,5175195710,177566970,5352762680,3.32,766504071,33238407,799742478,4.16
20190210,5220782310,161205186,5381987496,3.0,782048012,33848957,815896969,4.15
20190211,5722850854,173641527,5896492381,2.94,830173383,35419418,865592801,4.09
20190212,5756635340,174189676,5930825016,2.94,853777026,35919917,889696943,4.04
20190213,5797657004,177310120,5974967124,2.97,884925585,35471539,920397124,3.85
20190214,5695024930,172249382,5867274312,2.94,858547735,35220728,893768463,3.94
20190215,5785344213,168005780,5953349993,2.82,856885234,35538336,892423570,3.98
20190216,5195787283,153969243,5349756526,2.88,819602672,33607670,853210342,3.94
20190217,4959705079,118578370,5078283449,2.34,773451484,34224107,807675591,4.24
20190218,5530496982,131074320,5661571302,2.32,869944181,35392747,905336928,3.91
20190219,5598214941,134581407,5732796348,2.35,856571053,37306699,893877752,4.17
20190220,5930042383,174385103,6104427486,2.86,862645819,35983450,898629269,4.0
20190221,5721115899,169885422,5891001321,2.88,806235644,35765830,842001474,4.25
20190222,5874617737,176501007,6051118744,2.92,805897798,35136056,841033854,4.18
20190223,5598205953,172420357,5770626310,2.99,795735959,33984618,829720577,4.1
20190224,5229158354,157605598,5386763952,2.93,794535843,34275547,828811390,4.14
20190225,5870918194,171114061,6042032255,2.83,832016911,34978744,866995655,4.03
20190226,5968340124,177512661,6145852785,2.89,860487208,35322075,895809283,3.94
20190227,6056472405,174199108,6230671513,2.8,852940763,35023621,887964384,3.94
20190228,6228415085,157712244,6386127329,2.47,829844928,35780913,865625841,4.13
20190301,6198301109,182099492,6380400601,2.85,845298492,35212442,880510934,4.0
20190302,5866140733,164373558,6030514291,2.73,820216466,35140456,855356922,4.11
20190303,5734981927,163560608,5898542535,2.77,777451194,34503679,811954873,4.25
20190304,6291040732,175805300,6466846032,2.72,845522164,35445043,880967207,4.02
20190305,6355133245,184817678,6539950923,2.83,861201658,36617318,897818976,4.08
20190306,6325940584,183633020,6509573604,2.82,864832411,35715590,900548001,3.97
20190307,6397185380,201283195,6598468575,3.05,860555422,35685995,896241417,3.98
20190308,6165777907,189885033,6355662940,2.99,808740037,35667511,844407548,4.22
20190309,5421495094,178444748,5599939842,3.19,716151174,32842269,748993443,4.38
20190310,5477221515,180418140,5657639655,3.19,710217303,32423322,742640625,4.37
20190311,6009147884,184726549,6193874433,2.98,760125706,34346766,794472472,4.32
20190312,5963234146,186008882,6149243028,3.02,759290915,34255845,793546760,4.32
20190313,6285317944,190986324,6476304268,2.95,772226956,35511814,807738770,4.4
20190314,6379338997,192834520,6572173517,2.93,756904247,37152306,794056553,4.68
20190315,6362546440,206185872,6568732312,3.14,795680922,36570876,832251798,4.39
20190316,5796223612,213194897,6009418509,3.55,755030195,35117956,790148151,4.44
20190317,5811814586,222534271,6034348857,3.69,741255787,33968889,775224676,4.38
20190318,6232318232,225971685,6458289917,3.5,808998523,35928561,844927084,4.25
20190319,6152623227,201516073,6354139300,3.17,816701963,36913204,853615167,4.32
20190320,6287067156,211049336,6498116492,3.25,849443224,37333948,886777172,4.21
20190321,6314460633,215415192,6529875825,3.3,846783670,38485684,885269354,4.35
20190322,6119361158,212784111,6332145269,3.36,839089365,35103182,874192547,4.02
20190323,5193610458,207714378,5401324836,3.85,741625172,29002770,770627942,3.76
20190324,5130457230,203409763,5333866993,3.81,777172373,29550125,806722498,3.66
20190325,5668255790,206162657,5874418447,3.51,840386877,39623208,880010085,4.5
20190326,5782655641,225187626,6007843267,3.75,862416116,40780657,903196773,4.52
20190327,5762813171,213225227,5976038398,3.57,849021388,34305272,883326660,3.88
20190328,5663121550,183533328,5846654878,3.14,859053310,29766631,888819941,3.35
20190329,5727259062,203076867,5930335929,3.42,875558567,29831566,905390133,3.29
20190330,5097968514,218764254,5316732768,4.11,815849439,28623204,844472643,3.39
20190331,5149768089,233274042,5383042131,4.33,818121112,28560221,846681333,3.37
20190401,5719362443,226454441,5945816884,3.81,854235437,29569725,883805162,3.35
20190402,5790135523,230323315,6020458838,3.83,902511370,28747441,931258811,3.09
20190403,5761391211,217947083,5979338294,3.65,873598912,30016578,903615490,3.32
20190404,5873419212,234081384,6107500596,3.83,831039459,30984281,862023740,3.59
20190405,5813411287,220918411,6034329698,3.66,830144772,29884444,860029216,3.47
20190406,5162552863,210402013,5372954876,3.92,783499863,28602655,812102518,3.52
20190407,5098356249,212024160,5310380409,3.99,787174854,28818151,815993005,3.53
20190408,5737822312,214020582,5951842894,3.6,844376125,28492958,872869083,3.26
20190409,5759832154,192453472,5952285626,3.23,869376213,27876448,897252661,3.11
20190410,6113516546,193493419,6307009965,3.07,903313040,28575473,931888513,3.07
20190411,5773741430,197829020,5971570450,3.31,833277873,28242077,861519950,3.28
20190412,5909045769,202333202,6111378971,3.31,787681271,29399999,817081270,3.6
20190413,5455154494,195483897,5650638391,3.46,816315711,28851682,845167393,3.41
20190414,5430257936,198701230,5628959166,3.53,798186112,28989964,827176076,3.5
20190415,6063235437,203778371,6267013808,3.25,879927264,29245655,909172919,3.22
20190416,6034180262,199203690,6233383952,3.2,919902180,29065899,948968079,3.06
20190417,5939191674,178408694,6117600368,2.92,900006208,29976845,929983053,3.22
20190418,5805488960,145941642,5951430602,2.45,870239218,31738006,901977224,3.52
20190419,5651558707,190722090,5842280797,3.26,853972457,28248303,882220760,3.2
20190420,5288049062,190510649,5478559711,3.48,795374211,27615035,822989246,3.36
20190421,5337333079,189457745,5526790824,3.43,822779480,27860332,850639812,3.28
20190422,5779897208,193847226,5973744434,3.24,874896481,28788819,903685300,3.19
20190423,6016852698,205998681,6222851379,3.31,865927185,28794934,894722119,3.22
20190424,6028588823,216019437,6244608260,3.46,872800663,29285559,902086222,3.25
20190425,6094528994,211263053,6305792047,3.35,913147148,29466069,942613217,3.13
20190426,6175877371,216066064,6391943435,3.38,916561040,30368870,946929910,3.21
20190427,5722849526,193953242,5916802768,3.28,866064929,27938076,894003005,3.13
20190428,5624956605,202634029,5827590634,3.48,834670204,29104026,863774230,3.37
20190429,6218407824,225068594,6443476418,3.49,914264339,29393476,943657815,3.11
20190430,6478672815,200405332,6679078147,3.0,942304305,29153258,971457563,3.0
20190501,5838230723,197606909,6035837632,3.27,995051660,27294663,1022346323,2.67
20190502,5875535645,207764812,6083300457,3.42,959185298,27239909,986425207,2.76
20190503,5851886811,205057179,6056943990,3.39,983495713,26806097,1010301810,2.65
20190504,5386984243,209472415,5596456658,3.74,877757294,27099466,904856760,2.99
20190505,5177851115,207724632,5385575747,3.86,846083132,28019765,874102897,3.21
20190506,5751500306,208808525,5960308831,3.5,906869524,29318648,936188172,3.13
20190507,5950419413,213001025,6163420438,3.46,943189938,29267167,972457105,3.01
20190508,5962779176,218509200,6181288376,3.54,963509457,29324757,992834214,2.95
20190509,5938134927,196757589,6134892516,3.21,936122194,29395317,965517511,3.04
20190510,5815737082,183361163,5999098245,3.06,957321821,31738317,989060138,3.21
20190511,5331205943,170190878,5501396821,3.09,893573114,27361368,920934482,2.97
20190512,5437063441,174682041,5611745482,3.11,880069594,28499052,908568646,3.14
20190513,5733320299,171252526,5904572825,2.9,937749377,27864752,965614129,2.89
20190514,5930687033,194014794,6124701827,3.17,892740233,29707160,922447393,3.22
20190515,6351773557,202823529,6554597086,3.09,910349495,30022436,940371931,3.19
20190516,6102119574,178617361,6280736935,2.84,900891557,29177925,930069482,3.14
20190517,6024198859,173624563,6197823422,2.8,928168364,27316596,955484960,2.86
20190518,5446835108,163995590,5610830698,2.92,879498239,26566537,906064776,2.93
20190519,5464350707,160070004,5624420711,2.85,900184616,27305269,927489885,2.94
20190520,6060472357,166384596,6226856953,2.67,923687740,28583324,952271064,3.0
20190521,6213334247,176418911,6389753158,2.76,969113695,28915600,998029295,2.9
20190522,6104700396,169244658,6273945054,2.7,980867922,27990221,1008858143,2.77
20190523,6165553532,173780690,6339334222,2.74,972446974,27748723,1000195697,2.77
20190524,6068216608,188575319,6256791927,3.01,910787623,28053871,938841494,2.99
20190525,5439856957,177495254,5617352211,3.16,882394336,26942727,909337063,2.96
20190526,5344776313,157769134,5502545447,2.87,865921266,26614243,892535509,2.98
20190527,5760711542,152667424,5913378966,2.58,886899643,28310810,915210453,3.09
20190528,6022740833,153294681,6176035514,2.48,969741238,28393116,998134354,2.84
20190529,6104956756,148058343,6253015099,2.37,956166303,28681734,984848037,2.91
20190530,6037845093,148424266,6186269359,2.4,930251191,28832116,959083307,3.01
20190531,5884840018,141727811,6026567829,2.35,974841137,29388596,1004229733,2.93
20190601,5263338128,135047313,5398385441,2.5,1069740056,28050507,1097790563,2.56
20190602,5001958977,130445259,5132404236,2.54,1033504816,27656073,1061160889,2.61
20190603,5685948644,138434425,5824383069,2.38,1070602160,29356551,1099958711,2.67
20190604,5946793050,140397132,6087190182,2.31,1196115119,29468097,1225583216,2.4
20190605,5991756144,147713303,6139469447,2.41,1154050464,29846190,1183896654,2.52
20190606,5926530732,160918999,6087449731,2.64,1122405105,29809844,1152214949,2.59
20190607,5826170319,160754147,5986924466,2.69,1049221284,29731235,1078952519,2.76
20190608,5397839912,156759696,5554599608,2.82,1018181121,28951139,1047132260,2.76
20190609,5279887809,158971911,5438859720,2.92,1007058945,29063522,1036122467,2.81
20190610,5815359279,172405165,5987764444,2.88,1038496819,30508226,1069005045,2.85
20190611,5950459855,174578105,6125037960,2.85,1069570961,30689968,1100260929,2.79
20190612,5925564861,163017820,6088582681,2.68,1049131606,30994900,1080126506,2.87
20190613,5976460124,167212082,6143672206,2.72,1068769943,30944084,1099714027,2.81
20190614,5864340520,166035368,6030375888,2.75,1087383418,30938148,1118321566,2.77
20190615,5270512488,154675002,5425187490,2.85,1043671962,29788836,1073460798,2.78
20190616,5348388465,157250357,5505638822,2.86,1041115451,30766675,1071882126,2.87
20190617,5966202225,175501246,6141703471,2.86,1074535985,36750046,1111286031,3.31
20190618,5944115661,174236231,6118351892,2.85,1068640651,37704200,1106344851,3.41
20190619,6090442788,174850535,6265293323,2.79,1036877273,36713050,1073590323,3.42
20190620,6171131594,176910332,6348041926,2.79,1040554186,36072382,1076626568,3.35
20190621,6086856766,188683874,6275540640,3.01,1074587781,36259909,1110847690,3.26
20190622,5541689845,158100679,5699790524,2.77,1030758482,30065407,1060823889,2.83
20190623,5389276413,151800891,5541077304,2.74,1039826345,30239418,1070065763,2.83
20190624,5993027318,177230414,6170257732,2.87,1156849340,31911468,1188760808,2.68
20190625,6026076000,167049274,6193125274,2.7,1301970488,31878507,1333848995,2.39
20190626,6100390205,175672676,6276062881,2.8,1256760899,32587443,1289348342,2.53
20190627,6177907618,197745956,6375653574,3.1,1256734218,32376944,1289111162,2.51
20190628,6086572321,210374290,6296946611,3.34,1311575638,31905163,1343480801,2.37
20190629,5512782849,157517561,5670300410,2.78,1236052632,30845543,1266898175,2.43
20190630,5547338260,156846962,5704185222,2.75,1259018288,31016069,1290034357,2.4
20190701,6167131454,166289425,6333420879,2.63,1409404021,31770124,1441174145,2.2
20190702,6200183355,168926461,6369109816,2.65,1298812899,31808241,1330621140,2.39
20190703,6287221575,163583791,6450805366,2.54,1227557764,31431130,1258988894,2.5
20190704,6059602680,172806342,6232409022,2.77,1179161708,31850543,1211012251,2.63
20190705,6348020112,174058246,6522078358,2.67,1143302903,32466972,1175769875,2.76
20190706,5951963946,159271256,6111235202,2.61,1106463972,30855087,1137319059,2.71
20190707,5373443232,157190448,5530633680,2.84,1076696488,31149400,1107845888,2.81
20190708,5974200286,165785957,6139986243,2.7,1236285669,32523770,1268809439,2.56
20190709,6286303958,170231191,6456535149,2.64,1239137110,33158927,1272296037,2.61
20190710,6294201925,170500853,6464702778,2.64,1246592220,33492394,1280084614,2.62
20190711,6213451881,173530564,6386982445,2.72,1188219644,34655873,1222875517,2.83
20190712,6330060223,178801709,6508861932,2.75,1149202985,33333612,1182536597,2.82
20190713,5521755884,180760995,5702516879,3.17,1045744176,31358839,1077103015,2.91
20190714,5680422417,200725518,5881147935,3.41,1094009911,32094151,1126104062,2.85
20190715,6151937008,187912176,6339849184,2.96,1162695950,37204175,1199900125,3.1
20190716,6195715414,161985647,6357701061,2.55,1158348940,37524463,1195873403,3.14
20190717,6476145753,183506421,6659652174,2.76,1169775016,36189396,1205964412,3.0
20190718,6388224360,178304721,6566529081,2.72,1165234472,36273990,1201508462,3.02
20190719,6347947975,161582530,6509530505,2.48,1169797923,33023236,1202821159,2.75
20190720,5836362767,162818361,5999181128,2.71,1103976893,31353068,1135329961,2.76
20190721,5773305411,162418515,5935723926,2.74,1085307560,32038434,1117345994,2.87
20190722,6328608697,173007174,6501615871,2.66,1215758455,37844677,1253603132,3.02
20190723,6254551079,160452336,6415003415,2.5,1208898281,42386370,1251284651,3.39
20190724,6346142291,194646546,6540788837,2.98,1191137597,33142148,1224279745,2.71
20190725,6448070179,178084713,6626154892,2.69,1223536697,33518596,1257055293,2.67
20190726,6369019413,176771555,6545790968,2.7,1242380727,33254157,1275634884,2.61
20190727,5810850683,175140624,5985991307,2.93,1169717806,34409976,1204127782,2.86
20190728,5775438446,166417181,5941855627,2.8,1147228217,36813078,1184041295,3.11
20190729,6387294932,190043340,6577338272,2.89,1214315249,38483989,1252799238,3.07
20190730,6507086859,195657485,6702744344,2.92,1273179172,37793187,1310972359,2.88
20190731,6487899509,183326506,6671226015,2.75,1261558856,35013164,1296572020,2.7
20190801,6381142569,175505825,6556648394,2.68,1273565558,31884441,1305449999,2.44
20190802,6578483878,179451662,6757935540,2.66,1367276914,33555229,1400832143,2.4
20190803,6147159832,172285351,6319445183,2.73,1291891637,32745529,1324637166,2.47
20190804,6106016768,201386045,6307402813,3.19,1295860246,33809263,1329669509,2.54
20190805,6556917315,197897447,6754814762,2.93,1300760961,37834403,1338595364,2.83
20190806,6583541385,196016680,6779558065,2.89,1355553540,32233511,1387787051,2.32
20190807,6487041676,185013364,6672055040,2.77,1337854825,31514268,1369369093,2.3
20190808,6537889957,181690229,6719580186,2.7,1389223966,32120616,1421344582,2.26
20190809,6472277417,178871923,6651149340,2.69,1389912397,31464337,1421376734,2.21
20190810,5834939035,171450670,6006389705,2.85,1314273204,31157932,1345431136,2.32
20190811,5734919168,158184274,5893103442,2.68,1287856155,31143516,1318999671,2.36
20190812,6394284271,177883192,6572167463,2.71,1361336205,33012588,1394348793,2.37
20190813,6429477808,176765294,6606243102,2.68,1384694057,33852299,1418546356,2.39
20190814,6756802871,180767199,6937570070,2.61,1534567393,34872972,1569440365,2.22
20190815,8233297216,197902058,8431199274,2.35,1855987025,39759936,1895746961,2.1
20190816,8260127639,197600936,8457728575,2.34,1774686602,38610867,1813297469,2.13
20190817,5988150588,167385474,6155536062,2.72,1284732169,32825703,1317557872,2.49
20190818,5875832761,164344637,6040177398,2.72,1271262408,32638560,1303900968,2.5
20190819,6579415194,178997120,6758412314,2.65,1372506488,34747240,1407253728,2.47
20190820,6610218447,183373927,6793592374,2.7,1409200160,34313539,1443513699,2.38
20190821,6622177412,192101570,6814278982,2.82,1418663432,34377609,1453041041,2.37
20190822,6552770457,184376529,6737146986,2.74,1342209335,34253685,1376463020,2.49
20190823,6653524659,187907572,6841432231,2.75,1302077664,33969247,1336046911,2.54
20190824,6048209667,174282370,6222492037,2.8,1219178781,32900282,1252079063,2.63
20190825,5914331902,171244454,6085576356,2.81,1213692389,32771074,1246463463,2.63
20190826,6380715281,181624638,6562339919,2.77,1176168652,33529650,1209698302,2.77
20190827,6424870430,190238871,6615109301,2.88,1099842646,33924876,1133767522,2.99
20190828,6364504514,192544529,6557049043,2.94,1101514652,33645081,1135159733,2.96
20190829,6647535116,204107056,6851642172,2.98,1116091486,30876142,1146967628,2.69
20190830,6487337561,200425464,6687763025,3.0,1107404551,30797907,1138202458,2.71
20190831,5982570275,195720758,6178291033,3.17,1074899849,29915476,1104815325,2.71
20190901,6853867495,184847093,7038714588,2.63,1065048958,29389401,1094438359,2.69
20190902,7504825802,188230288,7693056090,2.45,1184779393,30222960,1215002353,2.49
20190903,6990509868,201263853,7191773721,2.8,1286510966,30797768,1317308734,2.34
20190904,6481426728,203002980,6684429708,3.04,1152333535,32111989,1184445524,2.71
20190905,6399310574,226920008,6626230582,3.42,1177409672,33799607,1211209279,2.79
20190906,6350758957,245196805,6595955762,3.72,1167273172,33188173,1200461345,2.76
20190907,6162701559,197883836,6360585395,3.11,1210355723,33174918,1243530641,2.67
20190908,6369862749,203452574,6573315323,3.1,1206726602,34267441,1240994043,2.76
20190909,6675344183,209896643,6885240826,3.05,1204569922,34147516,1238717438,2.76
20190910,6436511618,187914261,6624425879,2.84,1201162523,32511257,1233673780,2.64
20190911,6460909855,191643263,6652553118,2.88,1153771630,34337128,1188108758,2.89
20190912,6367559517,189346485,6556906002,2.89,1183382741,35159896,1218542637,2.89
20190913,6341791741,186480404,6528272145,2.86,1187119520,34385194,1221504714,2.81
20190914,5945726401,180179842,6125906243,2.94,1119218269,32769304,1151987573,2.84
20190915,5975875596,189114360,6164989956,3.07,1131608799,31167083,1162775882,2.68
20190916,6624295806,191539311,6815835117,2.81,1182445077,33843292,1216288369,2.78
20190917,6839575132,197521304,7037096436,2.81,1210581058,33324768,1243905826,2.68
20190918,6793828025,224246291,7018074316,3.2,1225462304,35858881,1261321185,2.84
20190919,6861743537,206199676,7067943213,2.92,1228901821,36320086,1265221907,2.87
20190920,6806026582,199835656,7005862238,2.85,1289812267,36155651,1325967918,2.73
20190921,6332758060,187119887,6519877947,2.87,1206503258,35094946,1241598204,2.83
20190922,6204028101,187067885,6391095986,2.93,1212928536,32086563,1245015099,2.58
20190923,6739903912,191639254,6931543166,2.76,1262582471,37356256,1299938727,2.87
20190924,6926433067,196648272,7123081339,2.76,1254572134,35414334,1289986468,2.75
20190925,6923132118,201834669,7124966787,2.83,1263384935,35304178,1298689113,2.72
20190926,6933771426,195581245,7129352671,2.74,1277967825,35075144,1313042969,2.67
20190927,6610809751,187037681,6797847432,2.75,1263528052,34183452,1297711504,2.63
20190928,6323838966,194099675,6517938641,2.98,1210471388,36229689,1246701077,2.91
20190929,6179775284,190367320,6370142604,2.99,1237671884,54030301,1291702185,4.18
20190930,6614458110,195093508,6809551618,2.86,1216802272,35758707,1252560979,2.85
20191001,6765446655,201038555,6966485210,2.89,1284099591,35035550,1319135141,2.66
20191002,6729000724,209195543,6938196267,3.02,1379876162,42720091,1422596253,3.0
20191003,6730184619,219030625,6949215244,3.15,1500175195,77774425,1577949620,4.93
20191004,6974575377,213095626,7187671003,2.96,1376006611,40015118,1416021729,2.83
20191005,6931346542,203787657,7135134199,2.86,1320750238,35644466,1356394704,2.63
20191006,6996398133,198272239,7194670372,2.76,1313113689,35752347,1348866036,2.65
20191007,7523412761,217915351,7741328112,2.81,1335110452,38557448,1373667900,2.81
20191008,6723037280,219705887,6942743167,3.16,1358580965,40807663,1399388628,2.92
20191009,6694385588,228242423,6922628011,3.3,1414862124,41191036,1456053160,2.83
20191010,6699033098,221278480,6920311578,3.2,1395816337,40768984,1436585321,2.84
20191011,6800847835,233880485,7034728320,3.32,1630950865,123004932,1753955797,7.01
20191012,6413436624,211086386,6624523010,3.19,1360256720,41636899,1401893619,2.97
20191013,6246214176,202928461,6449142637,3.15,1336871528,40978539,1377850067,2.97
20191014,6751658537,211486185,6963144722,3.04,1354475981,42330579,1396806560,3.03
20191015,6806027910,213553538,7019581448,3.04,1388427662,41813165,1430240827,2.92
20191016,6730042713,214711264,6944753977,3.09,1447594838,50468091,1498062929,3.37
20191017,6948436533,210867378,7159303911,2.95,1441632271,56677209,1498309480,3.78
20191018,8417450947,218349026,8635799973,2.53,1791698874,58266995,1849965869,3.15
20191019,6953532599,190633335,7144165934,2.67,1381296661,50413062,1431709723,3.52
20191020,6889006389,190514798,7079521187,2.69,1362236556,43921967,1406158523,3.12
20191021,7378581016,199617752,7578198768,2.63,1406371684,44554463,1450926147,3.07
20191022,6797949690,193240480,6991190170,2.76,1440122772,43757629,1483880401,2.95
20191023,6654558181,195478617,6850036798,2.85,1460287089,45955107,1506242196,3.05
20191024,6788400761,197403443,6985804204,2.83,1459006560,47122913,1506129473,3.13
20191025,6938319866,206462067,7144781933,2.89,1467390688,47084598,1514475286,3.11
20191026,6110411384,188710192,6299121576,3.0,1402398767,45863294,1448262061,3.17
20191027,6028352198,185137447,6213489645,2.98,1356816894,44034711,1400851605,3.14
20191028,6566554682,198506569,6765061251,2.93,1425928983,74513943,1500442926,4.97
20191029,6631741178,206160726,6837901904,3.01,1372163571,50098314,1422261885,3.52
20191030,6634086734,211250127,6845336861,3.09,1433800277,83566950,1517367227,5.51
20191031,6728323365,229278065,6957601430,3.3,1614492000,149265387,1763757387,8.46
20191101,6589687100,197508075,6787195175,2.91,1384134392,63948831,1448083223,4.42
20191102,6231656262,189478500,6421134762,2.95,1370789457,68407249,1439196706,4.75
20191103,6126964558,187800027,6314764585,2.97,1335869009,52301858,1388170867,3.77
20191104,6482776459,189836412,6672612871,2.85,1337262824,52228040,1389490864,3.76
20191105,6666978659,191441043,6858419702,2.79,1379292873,53081402,1432374275,3.71
20191106,6569471132,189958286,6759429418,2.81,1330751279,50932006,1381683285,3.69
