#date,queriesUDP_IPV4,queriesTCP_IPv4,queriesTOTAL_IPv4,ratioTCP_IPv4,queriesUDP_IPV6,queriesTCP_IPv6,queriesTOTAL_IPv6,ratioTCP_IPv6
20151215,2567633860,70242737,2637876597,2.66,197505785,735297,198241082,0.37
20151216,2470061481,68239994,2538301475,2.69,188151796,748127,188899923,0.4
20151217,2406554668,53604367,2460159035,2.18,197699913,625549,198325462,0.32
20151218,2418941394,47991456,2466932850,1.95,190311505,601241,190912746,0.31
20151219,2083933207,43887852,2127821059,2.06,173045239,685572,173730811,0.39
20151220,1996812973,45699351,2042512324,2.24,170321590,730249,171051839,0.43
20151221,2083425314,52656316,2136081630,2.47,186392195,597570,186989765,0.32
20151222,2044012698,50441767,2094454465,2.41,191590653,449791,192040444,0.23
20151223,1992739010,46717643,2039456653,2.29,189814618,546455,190361073,0.29
20151224,1874225308,44760408,1918985716,2.33,180037573,525236,180562809,0.29
20151225,1774915966,43677838,1818593804,2.4,168565255,807749,169373004,0.48
20151226,1781714274,43039805,1824754079,2.36,165659601,798870,166458471,0.48
20151227,1779824667,41503127,1821327794,2.28,169703528,1014279,170717807,0.59
20151228,2081504126,46933309,2128437435,2.21,187091332,788815,187880147,0.42
20151229,2013928820,51644111,2065572931,2.5,189008291,864572,189872863,0.46
20151230,1965060644,42101866,2007162510,2.1,179245646,649662,179895308,0.36
20151231,2068963711,43619955,2112583666,2.06,167759677,542575,168302252,0.32
20160101,1861422790,37667795,1899090585,1.98,156997121,634584,157631705,0.4
20160102,1825602156,37346963,1862949119,2.0,158626494,439818,159066312,0.28
20160103,1788977136,38563814,1827540950,2.11,161908529,491534,162400063,0.3
20160104,2106465204,42516319,2148981523,1.98,183599040,463822,184062862,0.25
20160105,2091584289,40278504,2131862793,1.89,181829869,582013,182411882,0.32
20160106,2026562416,41127406,2067689822,1.99,173904146,458580,174362726,0.26
20160107,2115860355,46333402,2162193757,2.14,195179144,3044150,198223294,1.54
20160108,2158306518,41377790,2199684308,1.88,186386923,507555,186894478,0.27
20160109,2031406835,40204137,2071610972,1.94,175308299,659507,175967806,0.37
20160110,1886382771,37951853,1924334624,1.97,171833656,521529,172355185,0.3
20160111,2113866887,39193132,2153060019,1.82,191790906,1253240,193044146,0.65
20160112,2136969411,39020227,2175989638,1.79,194637449,845322,195482771,0.43
20160113,2075329443,43626102,2118955545,2.06,195567796,2137187,197704983,1.08
20160114,2102491280,49780459,2152271739,2.31,193020526,458435,193478961,0.24
20160115,2053928556,43662899,2097591455,2.08,191305062,482045,191787107,0.25
20160116,1841393972,40668850,1882062822,2.16,176218608,587067,176805675,0.33
20160117,1851041042,42130329,1893171371,2.23,175475588,629839,176105427,0.36
20160118,2108945787,51475179,2160420966,2.38,196941385,4264517,201205902,2.12
20160119,2152208642,50669738,2202878380,2.3,198949723,648293,199598016,0.32
20160120,2109843402,46951334,2156794736,2.18,199549293,551965,200101258,0.28
20160121,2087300837,43672622,2130973459,2.05,194086677,680948,194767625,0.35
20160122,2073004507,43461870,2116466377,2.05,183592763,406981,183999744,0.22
20160123,1841986320,39991466,1881977786,2.12,169448703,435454,169884157,0.26
20160124,1815007835,38248184,1853256019,2.06,169582409,498692,170081101,0.29
20160125,2156873150,42586675,2199459825,1.94,187949942,412498,188362440,0.22
20160126,2193713915,47855952,2241569867,2.13,206790848,4518516,211309364,2.14
20160127,2160716120,50548901,2211265021,2.29,198725917,3379863,202105780,1.67
20160128,2244132704,48141100,2292273804,2.1,196391475,1495345,197886820,0.76
20160129,2268390701,45856534,2314247235,1.98,181957119,369105,182326224,0.2
20160130,2066265914,46477762,2112743676,2.2,173432271,408185,173840456,0.23
20160131,2025910472,46295299,2072205771,2.23,175243570,462641,175706211,0.26
20160201,2402631240,46456311,2449087551,1.9,194985612,654744,195640356,0.33
20160202,2469615873,41439170,2511055043,1.65,166903357,630134,167533491,0.38
20160203,2515617923,43856096,2559474019,1.71,173516119,594721,174110840,0.34
20160204,2470331849,47392793,2517724642,1.88,170698053,704295,171402348,0.41
20160205,2470093491,44828696,2514922187,1.78,165233326,586050,165819376,0.35
20160206,2219697610,42778550,2262476160,1.89,150529343,466771,150996114,0.31
20160207,2206726860,39725014,2246451874,1.77,148831800,494201,149326001,0.33
20160208,2337607598,40092831,2377700429,1.69,151117470,533115,151650585,0.35
20160209,2406125193,40741183,2446866376,1.67,162811827,601901,163413728,0.37
20160210,2503146126,41019810,2544165936,1.61,169531619,1069783,170601402,0.63
20160211,2398303276,43329751,2441633027,1.77,166586063,620217,167206280,0.37
20160212,2329781055,41985007,2371766062,1.77,159325291,535510,159860801,0.33
20160213,2191935537,38373846,2230309383,1.72,145241201,476045,145717246,0.33
20160214,2185456556,41536044,2226992600,1.87,144593614,637679,145231293,0.44
20160215,2438656041,44252548,2482908589,1.78,155798428,587366,156385794,0.38
20160216,2467637979,45054715,2512692694,1.79,158404353,505187,158909540,0.32
20160217,2435465608,43910562,2479376170,1.77,162900566,819872,163720438,0.5
20160218,2579758688,48100224,2627858912,1.83,173405084,1047130,174452214,0.6
20160219,2545147818,42778425,2587926243,1.65,167818677,987305,168805982,0.58
20160220,2375365660,44006077,2419371737,1.82,145174014,826433,146000447,0.57
20160221,2251928043,41818311,2293746354,1.82,141413603,685595,142099198,0.48
20160222,2500263043,42530096,2542793139,1.67,158960090,792982,159753072,0.5
20160223,2478105389,44030592,2522135981,1.75,173896189,792291,174688480,0.45
20160224,2439797357,45801017,2485598374,1.84,174103457,1506873,175610330,0.86
20160225,2470400966,50518487,2520919453,2.0,174495951,1255587,175751538,0.71
20160226,2448621192,49152479,2497773671,1.97,165997251,885284,166882535,0.53
20160227,2084484664,43136236,2127620900,2.03,148441089,865269,149306358,0.58
20160228,2102564309,40683342,2143247651,1.9,148808830,735263,149544093,0.49
20160229,2440669130,51292710,2491961840,2.06,166925739,916651,167842390,0.55
20160301,2575775397,54972576,2630747973,2.09,187867811,1115395,188983206,0.59
20160302,2584187990,55853712,2640041702,2.12,188081711,869585,188951296,0.46
20160303,2650391022,56812996,2707204018,2.1,188391222,850049,189241271,0.45
20160304,2522404173,57505797,2579909970,2.23,183509664,970552,184480216,0.53
20160305,2371342363,56479503,2427821866,2.33,171006701,1024886,172031587,0.6
20160306,2225419571,48191326,2273610897,2.12,163261854,1045534,164307388,0.64
20160307,2260411593,51475140,2311886733,2.23,164044620,933336,164977956,0.57
20160308,2586840403,55774060,2642614463,2.11,185026931,1095851,186122782,0.59
20160309,2593205617,62714412,2655920029,2.36,190510035,1268096,191778131,0.66
20160310,2571473057,55330872,2626803929,2.11,194878764,1106903,195985667,0.56
20160311,2383801071,46126064,2429927135,1.9,186589335,983115,187572450,0.52
20160312,2320182458,47765708,2367948166,2.02,171910916,1039279,172950195,0.6
20160313,2162010976,41714953,2203725929,1.89,172419767,1076311,173496078,0.62
20160314,2469464910,51470263,2520935173,2.04,189145904,1081691,190227595,0.57
20160315,2563356716,56097325,2619454041,2.14,191593787,1336402,192930189,0.69
20160316,2488368121,49969051,2538337172,1.97,188454057,1157931,189611988,0.61
20160317,2462544553,51246510,2513791063,2.04,183928592,1218422,185147014,0.66
20160318,2394387636,46048087,2440435723,1.89,181713702,1227718,182941420,0.67
20160319,2190377921,50180011,2240557932,2.24,172687113,1216911,173904024,0.7
20160320,2248414801,51619115,2300033916,2.24,178179027,1061353,179240380,0.59
20160321,2399834531,43746490,2443581021,1.79,198981814,1374674,200356488,0.69
20160322,2520529136,48378182,2568907318,1.88,194971145,1308197,196279342,0.67
20160323,2562909406,54526210,2617435616,2.08,190063913,717885,190781798,0.38
20160324,2509740704,49207997,2558948701,1.92,194291747,804711,195096458,0.41
20160325,2391513042,51543036,2443056078,2.11,177917148,630966,178548114,0.35
20160326,2277861963,59562928,2337424891,2.55,160968170,734945,161703115,0.45
20160327,2582297242,54175800,2636473042,2.05,161904749,552962,162457711,0.34
20160328,2515115736,52863532,2567979268,2.06,185692098,685172,186377270,0.37
20160329,2564932602,56085424,2621018026,2.14,191390042,706843,192096885,0.37
20160330,2439388994,49527183,2488916177,1.99,188967548,845307,189812855,0.45
20160331,2402228087,52240550,2454468637,2.13,182964244,659623,183623867,0.36
20160401,2457567508,66217613,2523785121,2.62,170365851,695571,171061422,0.41
20160402,2269228983,64924891,2334153874,2.78,168431015,582578,169013593,0.34
20160403,2227335312,53237364,2280572676,2.33,164717882,811282,165529164,0.49
20160404,2334772148,50791938,2385564086,2.13,175306757,715576,176022333,0.41
20160405,2442768472,52502617,2495271089,2.1,184041631,755717,184797348,0.41
20160406,2436170059,58460709,2494630768,2.34,187355102,977679,188332781,0.52
20160407,2488568468,60333274,2548901742,2.37,188321925,745253,189067178,0.39
20160408,2370978473,54268044,2425246517,2.24,175996312,839443,176835755,0.47
20160409,2318910449,66974762,2385885211,2.81,178052636,583273,178635909,0.33
20160410,2262028432,57631903,2319660335,2.48,181180674,826718,182007392,0.45
20160411,2445836718,58476049,2504312767,2.34,190301737,732711,191034448,0.38
20160412,2549758413,67175936,2616934349,2.57,190455229,777572,191232801,0.41
20160413,2424500084,51100945,2475601029,2.06,189260265,769165,190029430,0.4
20160414,2542765239,61674937,2604440176,2.37,203193064,928442,204121506,0.45
20160415,2387822026,55972889,2443794915,2.29,190738362,722459,191460821,0.38
20160416,2197008667,57766289,2254774956,2.56,180883652,795857,181679509,0.44
20160417,2135338166,57553752,2192891918,2.62,176974911,708986,177683897,0.4
20160418,2454587233,54923466,2509510699,2.19,191759049,1019026,192778075,0.53
20160419,2380530613,58526516,2439057129,2.4,195763793,884884,196648677,0.45
20160420,2390719085,52828589,2443547674,2.16,204667054,741341,205408395,0.36
20160421,2634648867,46055005,2680703872,1.72,221503740,761230,222264970,0.34
20160422,2538022324,39428296,2577450620,1.53,215443842,529621,215973463,0.25
20160423,2440615954,37545137,2478161091,1.52,212357584,527028,212884612,0.25
20160424,2334567709,33562093,2368129802,1.42,216133025,526612,216659637,0.24
20160425,2672081816,35968095,2708049911,1.33,242616650,554091,243170741,0.23
20160426,2616189280,39409342,2655598622,1.48,225260092,568439,225828531,0.25
20160427,2692149829,40490395,2732640224,1.48,225868787,542714,226411501,0.24
20160428,2763080588,36591320,2799671908,1.31,237755935,536875,238292810,0.23
20160429,2629369383,37350607,2666719990,1.4,238072058,520935,238592993,0.22
20160430,2358534124,35370085,2393904209,1.48,222187792,482805,222670597,0.22
20160501,2292600608,31815804,2324416412,1.37,215276352,516122,215792474,0.24
20160502,2511018985,35155361,2546174346,1.38,237526939,576815,238103754,0.24
20160503,2585025596,35623751,2620649347,1.36,251639754,514622,252154376,0.2
20160504,2663090600,34019746,2697110346,1.26,256749940,564275,257314215,0.22
20160505,2730931990,36585339,2767517329,1.32,259709642,569086,260278728,0.22
20160506,2350968924,32383628,2383352552,1.36,217989498,481698,218471196,0.22
20160529,2440926463,45181787,2486108250,1.82,252706218,855865,253562083,0.34
20160530,2559352378,47116642,2606469020,1.81,266298924,986747,267285671,0.37
20160531,2725574686,51066503,2776641189,1.84,286554531,664572,287219103,0.23
20160601,2709399418,46289610,2755689028,1.68,284886546,1107508,285994054,0.39
20160602,2655924509,46577527,2702502036,1.72,287756944,1377123,289134067,0.48
20160603,2588505679,46728081,2635233760,1.77,299528812,2553596,302082408,0.85
20160604,2409345101,46834486,2456179587,1.91,271760644,2624893,274385537,0.96
20160605,2313009008,46419308,2359428316,1.97,277164160,2706536,279870696,0.97
20160606,2497799262,51287101,2549086363,2.01,305759792,1649285,307409077,0.54
20160607,2624703516,47679601,2672383117,1.78,309332124,2073573,311405697,0.67
20160608,2741286552,46263405,2787549957,1.66,315630672,1768029,317398701,0.56
20160609,2601907755,46215477,2648123232,1.75,306998122,952515,307950637,0.31
20160610,2424849369,46766957,2471616326,1.89,311802781,1908688,313711469,0.61
20160611,2312785127,52044764,2364829891,2.2,289417288,3973993,293391281,1.35
20160612,2441774482,49354896,2491129378,1.98,270364361,2688677,273053038,0.98
20160613,2521110419,49110849,2570221268,1.91,303450695,3963296,307413991,1.29
20160614,2459651508,48841275,2508492783,1.95,298790968,2019103,300810071,0.67
20160615,2529154918,47884531,2577039449,1.86,293442139,2218406,295660545,0.75
20160616,2431671882,44744291,2476416173,1.81,306862398,3510496,310372894,1.13
20160617,2259364296,29730932,2289095228,1.3,318211247,4594691,322805938,1.42
20160618,2043234129,29043926,2072278055,1.4,298886747,4655281,303542028,1.53
20160619,1996906897,32609518,2029516415,1.61,294786243,5976156,300762399,1.99
20160620,2225703680,32990355,2258694035,1.46,324861225,7488804,332350029,2.25
20160621,2251643015,30909094,2282552109,1.35,313868025,5745643,319613668,1.8
20160622,2316508167,32153974,2348662141,1.37,337461937,6960554,344422491,2.02
20160623,2251212600,35343180,2286555780,1.55,321033435,7011852,328045287,2.14
20160624,2244914293,33093001,2278007294,1.45,287406163,1181376,288587539,0.41
20160625,1831197934,28368491,1859566425,1.53,263478014,4541797,268019811,1.69
20160626,1912723326,28860077,1941583403,1.49,297323476,5372146,302695622,1.77
20160627,2313221659,32431608,2345653267,1.38,302923452,2302194,305225646,0.75
20160628,2334260615,32110092,2366370707,1.36,322115757,4727581,326843338,1.45
20160629,2312474975,30317344,2342792319,1.29,331177267,4725813,335903080,1.41
20160630,2302625286,30944146,2333569432,1.33,331365051,3483699,334848750,1.04
20160701,2227271523,33027609,2260299132,1.46,324301012,4580226,328881238,1.39
20160702,2034351743,30414608,2064766351,1.47,277590271,4301669,281891940,1.53
20160703,1956530861,28744322,1985275183,1.45,260999777,3394204,264393981,1.28
20160704,2209745639,35114713,2244860352,1.56,281460829,4957586,286418415,1.73
20160705,2333637604,34757627,2368395231,1.47,312338725,6630488,318969213,2.08
20160706,2341592676,33210501,2374803177,1.4,370247843,2606294,372854137,0.7
20160707,2285528403,34264557,2319792960,1.48,368174072,2564189,370738261,0.69
20160708,2289990614,33442556,2323433170,1.44,360329425,3004020,363333445,0.83
20160709,2043884485,31377343,2075261828,1.51,358401696,4793749,363195445,1.32
20160710,1991347202,33164920,2024512122,1.64,350179393,4589784,354769177,1.29
20160711,2360638334,34766080,2395404414,1.45,372168853,5628549,377797402,1.49
20160712,2360369159,35472028,2395841187,1.48,360002323,6083444,366085767,1.66
20160713,2426051898,34477060,2460528958,1.4,369624596,4004304,373628900,1.07
20160714,2381632350,35497655,2417130005,1.47,351969140,2894815,354863955,0.82
20160715,2346615155,32135096,2378750251,1.35,345677573,2281977,347959550,0.66
20160716,2001749701,29100943,2030850644,1.43,341160599,2464813,343625412,0.72
20160717,1921121634,27379939,1948501573,1.41,346126619,2171031,348297650,0.62
20160719,2376476429,33491262,2409967691,1.39,357561192,2294803,359855995,0.64
20160720,2343673480,36387125,2380060605,1.53,392889842,2444304,395334146,0.62
20160721,2347370334,33768949,2381139283,1.42,423480318,2435067,425915385,0.57
20160722,2229746398,34631046,2264377444,1.53,408489716,2750552,411240268,0.67
20160723,2019822171,33544935,2053367106,1.63,380521349,2249184,382770533,0.59
20160724,2004275299,34711181,2038986480,1.7,413833132,2893040,416726172,0.69
20160725,2268593884,36372654,2304966538,1.58,395460398,2210521,397670919,0.56
20160726,2304064100,32365552,2336429652,1.39,393649111,1692213,395341324,0.43
20160727,2357403229,32214695,2389617924,1.35,388922216,1604771,390526987,0.41
20160728,2375959652,30572591,2406532243,1.27,387286625,1160796,388447421,0.3
20160729,2269898792,28497946,2298396738,1.24,399627994,1983844,401611838,0.49
20160730,1957643997,25663093,1983307090,1.29,303774713,1544605,305319318,0.51
20160731,1944873386,25808908,1970682294,1.31,280096900,2332480,282429380,0.83
20160801,2312811722,29584664,2342396386,1.26,305702536,1930542,307633078,0.63
20160802,2397787944,30556489,2428344433,1.26,308493244,2255638,310748882,0.73
20160803,2419741092,34540735,2454281827,1.41,301354335,1377243,302731578,0.45
20160804,2392679088,31079588,2423758676,1.28,308071609,2102877,310174486,0.68
20160805,2309845951,30307661,2340153612,1.3,302006631,1917849,303924480,0.63
20160806,2105720548,31557711,2137278259,1.48,287010643,1886175,288896818,0.65
20160807,2063896426,30182506,2094078932,1.44,281024559,1973199,282997758,0.7
20160808,2435978347,31344389,2467322736,1.27,304536001,2142371,306678372,0.7
20160809,2435229545,31443924,2466673469,1.27,300326787,1635664,301962451,0.54
20160810,2407263572,32368505,2439632077,1.33,307751493,1790228,309541721,0.58
20160811,2431374799,36411085,2467785884,1.48,293034350,1039078,294073428,0.35
20160812,2354669300,33346778,2388016078,1.4,316433014,1735569,318168583,0.55
20160813,2095450824,30272396,2125723220,1.42,293556259,1648064,295204323,0.56
20160814,2053852717,28827227,2082679944,1.38,286180352,1614911,287795263,0.56
20160815,2254742611,31072035,2285814646,1.36,295317223,1726413,297043636,0.58
20160816,2377291456,33336249,2410627705,1.38,301693794,1370667,303064461,0.45
20160817,2335703717,32119167,2367822884,1.36,292707399,987667,293695066,0.34
20160818,2370093414,34087439,2404180853,1.42,282193997,945528,283139525,0.33
20160819,2324090413,29725577,2353815990,1.26,298480825,1614568,300095393,0.54
20160820,2049061985,28847358,2077909343,1.39,279945076,1460425,281405501,0.52
20160821,2059525792,28353474,2087879266,1.36,281905042,1506104,283411146,0.53
20160822,2386708445,30529001,2417237446,1.26,300580387,1605552,302185939,0.53
20160823,2389049636,36058618,2425108254,1.49,293965732,1578694,295544426,0.53
20160824,2509111387,36325721,2545437108,1.43,306131858,1862113,307993971,0.6
20160825,2493047646,31889334,2524936980,1.26,304261745,1204645,305466390,0.39
20160826,2458280834,33855160,2492135994,1.36,287583066,1108539,288691605,0.38
20160827,2074338295,29413809,2103752104,1.4,262704023,1241747,263945770,0.47
20160828,1998310832,28168881,2026479713,1.39,245880281,1280416,247160697,0.52
20160829,2393906667,34901928,2428808595,1.44,276017932,3450355,279468287,1.23
20160830,2534188296,41451690,2575639986,1.61,272325969,4363490,276689459,1.58
20160831,2642981655,56362566,2699344221,2.09,275381078,1896392,277277470,0.68
20160901,2450790727,29903027,2480693754,1.21,276420525,2142851,278563376,0.77
20160902,2402496771,29671475,2432168246,1.22,278712747,2110890,280823637,0.75
20160903,2177521313,31818519,2209339832,1.44,247308464,1579058,248887522,0.63
20160904,2361191770,41051733,2402243503,1.71,251742693,2005912,253748605,0.79
20160905,2621980067,41782385,2663762452,1.57,258863322,1829669,260692991,0.7
20160906,2758766154,42532684,2801298838,1.52,272497817,2325464,274823281,0.85
20160908,2693219639,41104563,2734324202,1.5,260316508,1578208,261894716,0.6
20160909,2684541477,40463224,2725004701,1.48,263476813,1517906,264994719,0.57
20160910,2475797670,40728120,2516525790,1.62,256139517,2334066,258473583,0.9
20160911,2267433803,37988439,2305422242,1.65,254607292,2570733,257178025,1.0
20160912,2626765106,45892120,2672657226,1.72,269465288,2256625,271721913,0.83
20160913,2652027529,45148771,2697176300,1.67,278424034,2875866,281299900,1.02
20160914,2749139937,44752807,2793892744,1.6,282447787,2287527,284735314,0.8
20160915,2795169059,39553746,2834722805,1.4,279413218,2642257,282055475,0.94
20160916,2652744383,37927510,2690671893,1.41,268773526,2604759,271378285,0.96
20160917,2112383200,32272025,2144655225,1.5,267948404,3653600,271602004,1.35
20160918,2121844929,34232719,2156077648,1.59,260798162,3204225,264002387,1.21
20160919,2446997761,31232042,2478229803,1.26,271071478,1714910,272786388,0.63
20160920,2336071231,28055925,2364127156,1.19,265620324,3241387,268861711,1.21
20160921,2373781913,29220321,2403002234,1.22,218705717,1275333,219981050,0.58
20160922,2451779971,30579008,2482358979,1.23,222138626,1554426,223693052,0.69
20160923,2381603783,30782219,2412386002,1.28,204287566,1027264,205314830,0.5
20160924,2294805546,31572858,2326378404,1.36,194529623,1310880,195840503,0.67
20160925,2687271005,36021267,2723292272,1.32,215598412,3877590,219476002,1.77
20160926,2804553105,32472905,2837026010,1.14,238174095,4947493,243121588,2.03
20160927,2832898415,34273423,2867171838,1.2,235433795,4284576,239718371,1.79
20160928,2903143330,30175619,2933318949,1.03,226373289,2566010,228939299,1.12
20160929,3673806137,59590163,3733396300,1.6,288570320,3552189,292122509,1.22
20160930,3387644252,57243103,3444887355,1.66,272868403,4789000,277657403,1.72
20161001,2977684254,74568235,3052252489,2.44,213318277,3775836,217094113,1.74
20161002,2640775563,65749864,2706525427,2.43,194788186,5768893,200557079,2.88
20161003,2777947206,61580348,2839527554,2.17,221999767,7306958,229306725,3.19
20161004,2474551826,55544067,2530095893,2.2,227770686,8030970,235801656,3.41
20161005,2374448851,53265604,2427714455,2.19,217122537,6395047,223517584,2.86
20161006,2474811018,56636589,2531447607,2.24,225162414,6213589,231376003,2.69
20161007,2539195996,59416792,2598612788,2.29,248670468,8355812,257026280,3.25
20161008,2097783374,50840633,2148624007,2.37,217820324,7610027,225430351,3.38
20161009,2030565173,50141471,2080706644,2.41,198677897,5548537,204226434,2.72
20161010,2184399200,54712070,2239111270,2.44,232166956,8110793,240277749,3.38
20161011,2331839911,56292425,2388132336,2.36,235445441,6590111,242035552,2.72
20161012,2387978393,57249710,2445228103,2.34,232026272,6233000,238259272,2.62
20161013,2368055295,56591837,2424647132,2.33,245849695,6593516,252443211,2.61
20161014,2255616558,53334655,2308951213,2.31,264941320,6699641,271640961,2.47
20161015,1997061961,48563607,2045625568,2.37,251547669,6526411,258074080,2.53
20161016,2037585409,49127866,2086713275,2.35,226502536,5529126,232031662,2.38
20161017,2356515081,54654753,2411169834,2.27,234891574,5919748,240811322,2.46
20161018,2249913544,54491323,2304404867,2.36,227422326,5675494,233097820,2.43
20161019,2250428381,52513449,2302941830,2.28,221526360,5747845,227274205,2.53
20161020,2191030118,53498004,2244528122,2.38,235609587,6258004,241867591,2.59
20161021,2196296370,56226788,2252523158,2.5,240827149,7810483,248637632,3.14
20161022,2067330241,52857346,2120187587,2.49,245357375,8939381,254296756,3.52
20161023,2021959368,52973501,2074932869,2.55,217322922,6200710,223523632,2.77
20161024,2306245479,59923673,2366169152,2.53,221921753,6166627,228088380,2.7
20161025,2386718826,61963800,2448682626,2.53,219387300,5160552,224547852,2.3
20161026,2378371404,58167173,2436538577,2.39,218101410,4950052,223051462,2.22
20161027,2404797303,61435066,2466232369,2.49,231732028,5827718,237559746,2.45
20161028,2343882822,58112357,2401995179,2.42,236213469,6021095,242234564,2.49
20161029,1986109818,51770467,2037880285,2.54,225529914,5372742,230902656,2.33
20161030,1958935580,51576969,2010512549,2.57,226140226,6074445,232214671,2.62
20161031,2239319575,58152472,2297472047,2.53,247873941,7526705,255400646,2.95
20161101,2370746694,62228445,2432975139,2.56,247260966,6839484,254100450,2.69
20161102,2560718731,64958770,2625677501,2.47,271518270,9114748,280633018,3.25
20161103,2504605640,59325490,2563931130,2.31,263281674,8066838,271348512,2.97
20161104,2474362385,60175943,2534538328,2.37,246867240,7211128,254078368,2.84
20161105,2116301875,55141778,2171443653,2.54,256119064,8083306,264202370,3.06
20161106,2038454135,55766306,2094220441,2.66,253590077,9442324,263032401,3.59
20161107,2363222299,61800780,2425023079,2.55,253428572,7992362,261420934,3.06
20161108,2467372773,62605968,2529978741,2.47,255731200,6516468,262247668,2.48
20161109,2553692369,58291736,2611984105,2.23,255230417,6601457,261831874,2.52
20161110,2486220813,57469267,2543690080,2.26,268767501,7336083,276103584,2.66
20161111,2403665344,61186447,2464851791,2.48,254140344,6012454,260152798,2.31
20161112,2079680424,55365052,2135045476,2.59,242684972,5775981,248460953,2.32
20161113,2121420127,62986638,2184406765,2.88,237702183,5797194,243499377,2.38
20161114,2354936222,60293541,2415229763,2.5,253402428,7422411,260824839,2.85
20161115,2354798424,61227119,2416025543,2.53,250692440,6513658,257206098,2.53
20161116,2477939162,63323031,2541262193,2.49,245867890,6013984,251881874,2.39
20161117,2444349456,62147615,2506497071,2.48,253004691,6644132,259648823,2.56
20161118,2478256965,62828714,2541085679,2.47,255320043,7061830,262381873,2.69
20161119,2224823430,58233370,2283056800,2.55,231334114,6955381,238289495,2.92
20161120,2177952257,53629688,2231581945,2.4,228712367,6447238,235159605,2.74
20161121,2466596766,59919663,2526516429,2.37,222996736,6699081,229695817,2.92
20161122,2661650556,64658745,2726309301,2.37,267912016,9080062,276992078,3.28
20161123,2631815981,65658471,2697474452,2.43,261117303,7798672,268915975,2.9
20161124,2604422990,65279566,2669702556,2.45,258183231,7382157,265565388,2.78
20161125,2649900645,66342806,2716243451,2.44,257282003,7590211,264872214,2.87
20161126,2300475377,58536642,2359012019,2.48,252736457,7309216,260045673,2.81
20161127,2276870756,56771128,2333641884,2.43,251642696,6831885,258474581,2.64
20161128,2650845793,66211493,2717057286,2.44,288238268,11055073,299293341,3.69
20161130,2566266199,61383153,2627649352,2.34,343114614,6186722,349301336,1.77
20161201,2613565498,62337637,2675903135,2.33,352681690,6403384,359085074,1.78
20161202,2642782205,61450024,2704232229,2.27,351430861,6081499,357512360,1.7
20161203,2388209556,55762229,2443971785,2.28,353620758,7016541,360637299,1.95
20161204,2309341505,54363453,2363704958,2.3,353604886,6961166,360566052,1.93
20161205,2611838901,64471379,2676310280,2.41,381597845,9484500,391082345,2.43
20161206,2722872828,67629410,2790502238,2.42,365873270,7738302,373611572,2.07
20161207,2640414958,64224027,2704638985,2.37,368268464,6837153,375105617,1.82
20161208,2600377017,64240469,2664617486,2.41,372834425,8573259,381407684,2.25
20161209,2345399430,59499707,2404899137,2.47,358272112,8035288,366307400,2.19
20161210,2307260314,56608476,2363868790,2.39,393429233,7831668,401260901,1.95
20161211,2222877905,54879844,2277757749,2.41,386059004,7888710,393947714,2.0
20161212,2609363607,64398498,2673762105,2.41,404250523,9438566,413689089,2.28
20161213,2649881133,64337526,2714218659,2.37,403368120,9314391,412682511,2.26
20161214,2673762760,59747662,2733510422,2.19,361937414,7235541,369172955,1.96
20161215,2739688259,64796456,2804484715,2.31,374882858,8040752,382923610,2.1
20161216,2761134929,67330653,2828465582,2.38,410679463,8199569,418879032,1.96
20161217,2309098547,59309259,2368407806,2.5,379983493,6141269,386124762,1.59
20161218,2214278745,55518829,2269797574,2.45,380291377,5932983,386224360,1.54
20161219,2583937648,64921195,2648858843,2.45,399535472,6576896,406112368,1.62
20161220,2710313779,69976282,2780290061,2.52,401356650,6886501,408243151,1.69
20161221,2672587058,68345163,2740932221,2.49,385545611,6866389,392412000,1.75
20161222,1239062317,28000284,1267062601,2.21,194125522,2599448,196724970,1.32
20161223,2333479045,65821219,2399300264,2.74,380785786,7642858,388428644,1.97
20161224,2093465551,61402918,2154868469,2.85,353170887,4930951,358101838,1.38
20161225,2088385331,62528716,2150914047,2.91,349785635,7224585,357010220,2.02
20161226,2172937980,60454721,2233392701,2.71,353959955,6099734,360059689,1.69
20161227,2276365573,62059716,2338425289,2.65,363929132,6528178,370457310,1.76
20161228,2331779599,60735916,2392515515,2.54,360446760,5373839,365820599,1.47
20161229,2393613891,59638776,2453252667,2.43,351446497,4882435,356328932,1.37
20161230,2289967265,56058643,2346025908,2.39,344071335,5144196,349215531,1.47
20161231,2251673298,58132146,2309805444,2.52,348820437,8621733,357442170,2.41
20170101,2150798834,52553854,2203352688,2.39,340648685,11738983,352387668,3.33
20170102,2255424870,57811758,2313236628,2.5,349802515,7894941,357697456,2.21
20170103,2415696163,63833825,2479529988,2.57,357319658,9775947,367095605,2.66
20170104,2439094723,60962888,2500057611,2.44,364891036,6603348,371494384,1.78
20170105,2427754998,60610066,2488365064,2.44,366804126,6102312,372906438,1.64
20170106,2829777214,97917128,2927694342,3.34,432882453,10375609,443258062,2.34
20170107,2188348576,52769897,2241118473,2.35,341943630,6205157,348148787,1.78
20170108,2207948750,51839517,2259788267,2.29,343440756,5262717,348703473,1.51
20170109,3670811934,162897061,3833708995,4.25,579781431,18397430,598178861,3.08
20170110,3924465744,221825968,4146291712,5.35,597409496,17355264,614764760,2.82
20170111,2521150182,60201098,2581351280,2.33,383143670,8609051,391752721,2.2
20170112,2542046264,58733906,2600780170,2.26,394651093,8165255,402816348,2.03
20170113,2544604191,57003005,2601607196,2.19,388700725,8610121,397310846,2.17
20170114,2167067453,51558461,2218625914,2.32,364269754,7140444,371410198,1.92
20170115,2123222097,53288726,2176510823,2.45,372950403,7033921,379984324,1.85
20170116,2394768181,55890184,2450658365,2.28,390970535,8015309,398985844,2.01
20170117,2468954846,55157567,2524112413,2.19,384952849,8255403,393208252,2.1
20170118,2453612583,57678425,2511291008,2.3,373469795,7097326,380567121,1.86
20170119,2540576423,61694185,2602270608,2.37,388351399,7655050,396006449,1.93
20170120,2406371962,58750419,2465122381,2.38,388362105,11021752,399383857,2.76
20170121,2262831597,54705291,2317536888,2.36,369306678,6157632,375464310,1.64
20170122,2235220078,54405597,2289625675,2.38,356628940,5930258,362559198,1.64
20170123,2441858972,58998840,2500857812,2.36,360883005,6961640,367844645,1.89
20170124,2469561016,60522691,2530083707,2.39,368289200,7106940,375396140,1.89
20170125,2348566916,61137446,2409704362,2.54,370614516,7396681,378011197,1.96
20170126,2373384805,62543275,2435928080,2.57,371638178,7617297,379255475,2.01
20170127,2311041704,60815403,2371857107,2.56,389469444,6645181,396114625,1.68
20170128,2038632820,55018734,2093651554,2.63,379531988,5627922,385159910,1.46
20170129,2195806126,57204780,2253010906,2.54,377327375,5217200,382544575,1.36
20170130,2424423066,61318317,2485741383,2.47,376893301,5886594,382779895,1.54
20170131,2407259358,64897330,2472156688,2.63,375654843,6162371,381817214,1.61
20170201,2387945458,64036124,2451981582,2.61,382181590,7084312,389265902,1.82
20170202,2379021692,64351961,2443373653,2.63,381260122,7260700,388520822,1.87
20170203,2356275320,62005255,2418280575,2.56,392303929,6252813,398556742,1.57
20170204,2358393225,57489796,2415883021,2.38,378949086,5987084,384936170,1.56
20170205,2334364298,57607595,2391971893,2.41,372351552,7018387,379369939,1.85
20170206,2384099237,64732106,2448831343,2.64,391521529,7913836,399435365,1.98
20170207,2419297597,66675100,2485972697,2.68,387586923,6794169,394381092,1.72
20170208,2457511247,65411605,2522922852,2.59,401234710,6533742,407768452,1.6
20170209,2421480742,65879243,2487359985,2.65,411544850,6932399,418477249,1.66
20170210,2552273257,65693485,2617966742,2.51,423489247,7250655,430739902,1.68
20170211,2248332525,58459144,2306791669,2.53,391194312,5717044,396911356,1.44
20170212,2227444307,58191140,2285635447,2.55,387729217,6027952,393757169,1.53
20170213,2430905093,62106049,2493011142,2.49,397619082,7146100,404765182,1.77
20170214,2458302107,62754907,2521057014,2.49,409607746,8087685,417695431,1.94
20170215,2532644471,61030317,2593674788,2.35,411182929,7510446,418693375,1.79
20170216,2587751476,68593457,2656344933,2.58,410942563,8900552,419843115,2.12
20170217,2468505055,63982692,2532487747,2.53,411874663,7957833,419832496,1.9
20170218,2271436142,57884521,2329320663,2.49,394700851,6504413,401205264,1.62
20170219,2181300947,55819534,2237120481,2.5,387341264,5896092,393237356,1.5
20170220,2582420461,72339912,2654760373,2.72,418352866,7513504,425866370,1.76
20170221,3463160266,167230339,3630390605,4.61,594702058,16046959,610749017,2.63
20170222,2636261395,65663364,2701924759,2.43,412342252,7134395,419476647,1.7
20170223,2551211703,64108914,2615320617,2.45,421194994,6676398,427871392,1.56
20170224,2496341305,63984914,2560326219,2.5,432326079,6733812,439059891,1.53
20170225,2287693157,61819494,2349512651,2.63,403839906,5806608,409646514,1.42
20170226,2429388764,62866303,2492255067,2.52,397685770,5164195,402849965,1.28
20170227,2546781557,66985721,2613767278,2.56,412350354,7867475,420217829,1.87
20170228,2638722676,69199476,2707922152,2.56,411155852,8052684,419208536,1.92
20170301,2429271062,64093103,2493364165,2.57,403204816,8684313,411889129,2.11
20170302,2551403625,62887388,2614291013,2.41,404852928,6783400,411636328,1.65
20170303,2561483025,64485444,2625968469,2.46,408297519,6171062,414468581,1.49
20170304,2243302677,57235531,2300538208,2.49,388768001,5113118,393881119,1.3
20170305,2264113295,58614791,2322728086,2.52,384216771,5290274,389507045,1.36
20170306,3763701190,271932374,4035633564,6.74,653616137,24637254,678253391,3.63
20170308,2541763489,65408332,2607171821,2.51,407628062,7544895,415172957,1.82
20170309,2482330892,65010929,2547341821,2.55,389456992,8280176,397737168,2.08
20170310,2600966883,69224648,2670191531,2.59,433412869,8443305,441856174,1.91
20170311,2526902594,59412278,2586314872,2.3,399139256,6238693,405377949,1.54
20170312,2458610671,56889023,2515499694,2.26,386389292,5424549,391813841,1.38
20170313,2623524463,65776443,2689300906,2.45,405944661,6517529,412462190,1.58
20170314,2795319379,67711293,2863030672,2.37,406705829,6856937,413562766,1.66
20170315,2493353315,62770882,2556124197,2.46,397444073,6134360,403578433,1.52
20170316,2536576286,62364596,2598940882,2.4,388107633,6545862,394653495,1.66
20170317,2700677474,79252363,2779929837,2.85,447751444,8040784,455792228,1.76
20170318,2270762424,54838158,2325600582,2.36,371979305,5819363,377798668,1.54
20170319,2159507864,51246519,2210754383,2.32,370105352,5916260,376021612,1.57
20170320,2562209999,58777734,2620987733,2.24,376881436,7242051,384123487,1.89
20170321,2478995003,60511804,2539506807,2.38,363474707,7319955,370794662,1.97
20170322,2502646876,64295107,2566941983,2.5,359412745,8415013,367827758,2.29
20170323,2539655386,62339992,2601995378,2.4,372591426,6734460,379325886,1.78
20170324,2595799521,59264575,2655064096,2.23,386522049,6921296,393443345,1.76
20170325,2466123184,55647438,2521770622,2.21,372657186,6340417,378997603,1.67
20170326,2186007876,53780774,2239788650,2.4,370243466,6439023,376682489,1.71
20170327,2553428798,68710755,2622139553,2.62,393024296,9388226,402412522,2.33
20170328,2500939763,68803846,2569743609,2.68,383208687,7458946,390667633,1.91
20170329,2520212938,61336041,2581548979,2.38,391310918,7650895,398961813,1.92
20170330,2570327240,62678331,2633005571,2.38,371906621,7848420,379755041,2.07
20170331,2481676355,65769940,2547446295,2.58,355618500,6557473,362175973,1.81
20170401,2253981366,59274652,2313256018,2.56,330791519,6038907,336830426,1.79
20170402,2154849907,59507312,2214357219,2.69,328537761,6274684,334812445,1.87
20170403,2324645168,59610011,2384255179,2.5,343908742,7502620,351411362,2.13
20170404,2408044671,56976719,2465021390,2.31,338914868,7489773,346404641,2.16
20170405,2325817991,62250728,2388068719,2.61,359696699,7128927,366825626,1.94
20170406,2305145154,59502873,2364648027,2.52,371715875,6919742,378635617,1.83
20170407,2426916943,62086091,2489003034,2.49,394645478,8218745,402864223,2.04
20170408,2081458622,57576530,2139035152,2.69,376223028,5975660,382198688,1.56
20170409,1994356295,56144136,2050500431,2.74,360626833,5880610,366507443,1.6
20170410,2282944879,60917170,2343862049,2.6,380333613,7150175,387483788,1.85
20170411,2312788044,63441226,2376229270,2.67,371992291,7270921,379263212,1.92
20170412,2337303194,63240348,2400543542,2.63,376630333,6967951,383598284,1.82
20170413,2375971269,64997691,2440968960,2.66,381370489,7189925,388560414,1.85
20170414,2313393848,62764006,2376157854,2.64,376033264,7228470,383261734,1.89
20170415,2124410770,60263063,2184673833,2.76,352206581,6240916,358447497,1.74
20170416,2097046551,59450367,2156496918,2.76,346105411,7157947,353263358,2.03
20170417,2393903288,66264513,2460167801,2.69,366853456,7617501,374470957,2.03
20170418,2438417020,66403560,2504820580,2.65,365355756,7387020,372742776,1.98
20170419,2548712969,68016439,2616729408,2.6,364999605,7231810,372231415,1.94
20170420,2576073723,69790399,2645864122,2.64,349808618,7784926,357593544,2.18
20170421,2345121272,64041141,2409162413,2.66,340633171,6627514,347260685,1.91
20170422,2119628419,59564876,2179193295,2.73,325754124,6687099,332441223,2.01
20170423,2030629980,57852782,2088482762,2.77,323201221,5885281,329086502,1.79
20170424,2447887389,64148308,2512035697,2.55,340056850,7927333,347984183,2.28
20170425,2912408049,115713151,3028121200,3.82,389148843,10873622,400022465,2.72
20170426,2412176483,66955326,2479131809,2.7,339162301,7538589,346700890,2.17
20170427,2317589686,66013113,2383602799,2.77,338514474,6704404,345218878,1.94
20170428,2377929988,64246714,2442176702,2.63,340975212,6896428,347871640,1.98
20170429,2385233458,59041269,2444274727,2.42,322671529,6296641,328968170,1.91
20170430,2214901799,59300489,2274202288,2.61,322078456,6668737,328747193,2.03
20170501,2260854065,60007930,2320861995,2.59,318492636,7631517,326124153,2.34
20170502,2337160087,64855318,2402015405,2.7,287263182,8570507,295833689,2.9
20170503,2630240511,68666537,2698907048,2.54,327530537,8451394,335981931,2.52
20170504,2433981647,66896121,2500877768,2.67,315488439,8203612,323692051,2.53
20170505,2280262665,64636534,2344899199,2.76,316959534,7683827,324643361,2.37
20170506,2066952276,59898765,2126851041,2.82,301143963,6257356,307401319,2.04
20170507,1986929597,58581923,2045511520,2.86,282793820,6049667,288843487,2.09
20170508,2442214725,68973308,2511188033,2.75,310722686,8124745,318847431,2.55
20170509,2356318312,68547051,2424865363,2.83,312463875,9048939,321512814,2.81
20170510,2315890838,68448894,2384339732,2.87,306128595,7733160,313861755,2.46
20170511,2393692012,68094474,2461786486,2.77,318286564,8019240,326305804,2.46
20170512,2335920837,68328896,2404249733,2.84,322236270,7935274,330171544,2.4
20170513,2029687762,62809975,2092497737,3.0,298369442,6505484,304874926,2.13
20170514,1977102768,62037160,2039139928,3.04,297921249,6855689,304776938,2.25
20170515,2196878994,65091571,2261970565,2.88,316105003,7953792,324058795,2.45
20170516,2232391344,66825555,2299216899,2.91,321143038,8073461,329216499,2.45
20170517,2254533775,65002078,2319535853,2.8,320995172,8013129,329008301,2.44
20170518,2231909241,65866300,2297775541,2.87,322437908,8968475,331406383,2.71
20170519,2165622167,64961830,2230583997,2.91,316028635,8051761,324080396,2.48
20170520,1979743380,59330917,2039074297,2.91,293045606,7213711,300259317,2.4
20170521,1969783134,59860154,2029643288,2.95,300900433,7077745,307978178,2.3
20170522,2146910122,64247629,2211157751,2.91,311907345,8075164,319982509,2.52
20170523,2243597775,65570364,2309168139,2.84,382645883,8156848,390802731,2.09
20170524,2272673525,65993642,2338667167,2.82,380887088,8496175,389383263,2.18
20170525,2298893149,64241013,2363134162,2.72,378710907,7670282,386381189,1.99
20170526,2226263440,63635505,2289898945,2.78,372001053,6922513,378923566,1.83
20170527,2074527276,60453085,2134980361,2.83,357087708,6180416,363268124,1.7
20170528,1994038468,56823407,2050861875,2.77,339028488,6619257,345647745,1.92
20170529,2157806789,62096756,2219903545,2.8,357439095,7739395,365178490,2.12
20170530,2205451179,64726848,2270178027,2.85,374890597,7626724,382517321,1.99
20170531,2204303705,64993329,2269297034,2.86,377324045,8261520,385585565,2.14
20170601,2363262550,66884126,2430146676,2.75,403932696,8556782,412489478,2.07
20170602,2236260922,62938336,2299199258,2.74,483604974,8296473,491901447,1.69
20170603,2022309250,60295603,2082604853,2.9,468893703,7777913,476671616,1.63
20170604,2060833968,60733671,2121567639,2.86,469230976,7411080,476642056,1.55
20170605,2187622928,62493725,2250116653,2.78,480353472,8235065,488588537,1.69
20170606,2270796192,66759067,2337555259,2.86,452538799,8984598,461523397,1.95
20170607,2299237959,67414425,2366652384,2.85,419090729,9464138,428554867,2.21
20170608,2213547419,66245235,2279792654,2.91,426227879,8348609,434576488,1.92
20170609,2240914502,65361949,2306276451,2.83,434210633,8573337,442783970,1.94
20170610,2046557687,59558995,2106116682,2.83,411406579,7377774,418784353,1.76
20170611,1948762200,61418313,2010180513,3.06,412691909,7773844,420465753,1.85
20170612,2203053104,66006086,2269059190,2.91,442876354,9152351,452028705,2.02
20170613,2305883158,66053745,2371936903,2.78,449197754,9804281,459002035,2.14
20170614,2236758834,67508889,2304267723,2.93,470339561,9561543,479901104,1.99
20170615,2296111670,66884974,2362996644,2.83,480735574,10609726,491345300,2.16
20170616,2232476149,67172065,2299648214,2.92,474206182,10999470,485205652,2.27
20170617,1996375244,59013622,2055388866,2.87,424234661,7844147,432078808,1.82
20170618,1966292462,60330266,2026622728,2.98,431874150,7866051,439740201,1.79
20170619,2276590698,63174162,2339764860,2.7,453517600,9138751,462656351,1.98
20170620,2341081170,65744920,2406826090,2.73,475573493,9903333,485476826,2.04
20170621,2289701192,65546014,2355247206,2.78,458488370,9190121,467678491,1.97
20170622,2349210299,67198706,2416409005,2.78,463828617,9713634,473542251,2.05
20170623,2340709712,67063498,2407773210,2.79,457581016,9073995,466655011,1.94
20170624,2234891262,60373082,2295264344,2.63,426749057,7736961,434486018,1.78
20170625,2235788980,60005712,2295794692,2.61,439333080,7628168,446961248,1.71
20170626,2239545082,65595885,2305140967,2.85,466977946,8921403,475899349,1.87
20170627,2391916701,74515454,2466432155,3.02,464267040,9931423,474198463,2.09
20170628,2360795035,69591841,2430386876,2.86,457315411,9602126,466917537,2.06
20170629,2387666583,73992557,2461659140,3.01,480539386,9207387,489746773,1.88
20170630,2401181941,73411614,2474593555,2.97,491088460,8776739,499865199,1.76
20170701,2156484518,66349259,2222833777,2.98,461200231,7372342,468572573,1.57
20170702,2084209629,67301950,2151511579,3.13,430177866,7585279,437763145,1.73
20170703,2352250654,73260462,2425511116,3.02,452624471,8786935,461411406,1.9
20170704,2429984618,72626651,2502611269,2.9,442628784,9117365,451746149,2.02
20170705,2452138051,72321542,2524459593,2.86,445877976,8399628,454277604,1.85
20170706,2439225158,69262217,2508487375,2.76,446360960,8963143,455324103,1.97
20170707,2393905534,67445333,2461350867,2.74,441489398,9099252,450588650,2.02
20170708,2162576901,63392234,2225969135,2.85,419005380,7176377,426181757,1.68
20170710,2342494986,69400353,2411895339,2.88,378938900,8229103,387168003,2.13
20170711,2399218199,69048180,2468266379,2.8,384089016,8382688,392471704,2.14
20170712,2333665897,68077308,2401743205,2.83,387203092,8487303,395690395,2.14
20170713,2359392472,72345472,2431737944,2.98,404693061,8461197,413154258,2.05
20170714,2265374188,70963851,2336338039,3.04,441323519,8109359,449432878,1.8
20170715,2082969632,65001681,2147971313,3.03,421398482,7673658,429072140,1.79
20170716,1989391503,63769159,2053160662,3.11,414794581,7497158,422291739,1.78
20170717,2286296728,72116331,2358413059,3.06,436144501,9388955,445533456,2.11
20170718,2331022362,72216363,2403238725,3.0,413494904,8771537,422266441,2.08
20170719,2173252264,69551998,2242804262,3.1,397342568,8294494,405637062,2.04
20170720,2262372153,74043328,2336415481,3.17,430635093,9293349,439928442,2.11
20170721,2164244468,69777390,2234021858,3.12,425682870,8944522,434627392,2.06
20170722,2027206891,60565971,2087772862,2.9,403627475,7498941,411126416,1.82
20170723,1972509243,60937022,2033446265,3.0,410425151,7513530,417938681,1.8
20170724,2136589551,66516796,2203106347,3.02,411611223,8402341,420013564,2.0
20170725,2154916794,69213378,2224130172,3.11,399790218,8651511,408441729,2.12
20170726,2175824622,71723081,2247547703,3.19,385453286,9026151,394479437,2.29
20170727,2179906258,70886303,2250792561,3.15,381750550,9387221,391137771,2.4
20170728,2200491855,71502109,2271993964,3.15,357822976,10269942,368092918,2.79
20170729,1967024822,63212487,2030237309,3.11,346363779,8686138,355049917,2.45
20170730,1920336240,62841406,1983177646,3.17,365584457,8215675,373800132,2.2
20170731,2173393563,71204004,2244597567,3.17,388682529,11278483,399961012,2.82
20170801,2223246317,73790504,2297036821,3.21,396881315,11623952,408505267,2.85
20170802,2160839868,74333475,2235173343,3.33,399082418,12161229,411243647,2.96
20170803,2145430548,73154592,2218585140,3.3,398177834,12115302,410293136,2.95
20170804,2231520716,73740932,2305261648,3.2,455596543,11950897,467547440,2.56
20170805,2050545359,66346872,2116892231,3.13,429778605,8845959,438624564,2.02
20170806,2022041847,65944737,2087986584,3.16,442635426,8631448,451266874,1.91
20170807,2596348437,105799927,2702148364,3.92,469676631,12361826,482038457,2.56
20170808,2265188875,71364239,2336553114,3.05,457103663,11594364,468698027,2.47
20170809,2274286881,73104449,2347391330,3.11,443120630,11484891,454605521,2.53
20170810,2304415817,72666911,2377082728,3.06,454054158,11962866,466017024,2.57
20170811,2280152753,72734504,2352887257,3.09,373298799,10581826,383880625,2.76
20170812,2111720034,66155058,2177875092,3.04,415279371,8378251,423657622,1.98
20170813,1920431812,63850878,1984282690,3.22,420018960,8386812,428405772,1.96
20170814,2164043740,71474167,2235517907,3.2,446707462,11079822,457787284,2.42
20170815,2234720226,73667949,2308388175,3.19,465190612,11679296,476869908,2.45
20170816,2325998293,74058903,2400057196,3.09,471746656,11709719,483456375,2.42
20170817,2244166708,72896745,2317063453,3.15,449303630,11848424,461152054,2.57
20170818,2161065022,71595175,2232660197,3.21,436327036,11909426,448236462,2.66
20170819,2006501831,66855626,2073357457,3.22,424796366,9104957,433901323,2.1
20170820,1995917732,66101551,2062019283,3.21,418802173,9264282,428066455,2.16
20170821,2165205336,73273981,2238479317,3.27,440642526,9578232,450220758,2.13
20170822,2247297531,71936734,2319234265,3.1,458022568,9939464,467962032,2.12
20170823,2158282772,65434910,2223717682,2.94,422690523,9590039,432280562,2.22
20170824,2147139047,67023059,2214162106,3.03,386687319,9192326,395879645,2.32
20170825,2098984156,61053170,2160037326,2.83,407586146,9995285,417581431,2.39
20170826,2153574018,78530069,2232104087,3.52,414321837,9752316,424074153,2.3
20170827,1930612646,62204663,1992817309,3.12,418042820,8548155,426590975,2.0
20170828,1994571452,60812135,2055383587,2.96,407309818,9272614,416582432,2.23
20170829,2091828555,60515821,2152344376,2.81,417606196,9237770,426843966,2.16
20170830,2048713667,62942059,2111655726,2.98,358329388,8768721,367098109,2.39
20170831,2025577951,62688417,2088266368,3.0,359920095,9031391,368951486,2.45
20170901,2012007020,60898358,2072905378,2.94,332649768,8957743,341607511,2.62
20170902,1834919033,55381924,1890300957,2.93,304231056,8429686,312660742,2.7
20170903,1776120602,57249765,1833370367,3.12,305728060,8343647,314071707,2.66
20170904,1994223538,61954158,2056177696,3.01,327100129,9369275,336469404,2.78
20170905,2183712371,67291263,2251003634,2.99,336034157,9404325,345438482,2.72
20170906,2276664313,71413782,2348078095,3.04,357161007,10553461,367714468,2.87
20170907,2301397096,68181079,2369578175,2.88,340380715,9416735,349797450,2.69
20170908,2399911230,66452218,2466363448,2.69,340835917,9615161,350451078,2.74
20170909,1983305805,59517956,2042823761,2.91,317464130,8469168,325933298,2.6
20170910,2049566203,56966066,2106532269,2.7,320430348,8209731,328640079,2.5
20170911,2216543766,60934278,2277478044,2.68,332821543,9207827,342029370,2.69
20170912,2178739691,61953787,2240693478,2.76,340311860,9287996,349599856,2.66
20170913,2219715194,63271770,2282986964,2.77,333934911,9856677,343791588,2.87
20170914,2271471801,64907312,2336379113,2.78,337964160,10021496,347985656,2.88
20170915,2070737926,62325705,2133063631,2.92,319976804,9550693,329527497,2.9
20170916,1911006702,57260912,1968267614,2.91,326427708,8863455,335291163,2.64
20170917,1878272570,57131798,1935404368,2.95,324704094,8204388,332908482,2.46
20170918,2108874945,62020990,2170895935,2.86,332786551,9078303,341864854,2.66
20170919,2152877145,69984624,2222861769,3.15,361588653,9000748,370589401,2.43
20170920,2764953019,70629523,2835582542,2.49,350577667,9137625,359715292,2.54
20170921,2947613215,66236401,3013849616,2.2,345518940,8739345,354258285,2.47
20170922,2746588956,63566033,2810154989,2.26,311469120,8402585,319871705,2.63
20170923,2075706465,53336437,2129042902,2.51,329913983,8207991,338121974,2.43
20170924,1796768829,54162327,1850931156,2.93,323745560,8204840,331950400,2.47
20170925,2004119769,61769922,2065889691,2.99,327851807,9163490,337015297,2.72
20170926,2091091400,62427359,2153518759,2.9,353757926,9193708,362951634,2.53
20170927,2058866066,63003412,2121869478,2.97,350427767,8811806,359239573,2.45
20170928,2043060050,64116360,2107176410,3.04,343416342,9126859,352543201,2.59
20170929,2041931487,62976043,2104907530,2.99,368577022,9554428,378131450,2.53
20170930,1873558292,58145733,1931704025,3.01,274750119,7379408,282129527,2.62
20171001,1889482424,57148754,1946631178,2.94,328055741,8426691,336482432,2.5
20171002,2140243069,60363979,2200607048,2.74,358215175,9394113,367609288,2.56
20171003,1962011316,62458040,2024469356,3.09,352968415,9693370,362661785,2.67
20171004,2035858409,61631344,2097489753,2.94,352049109,9629372,361678481,2.66
20171005,2106055833,61627277,2167683110,2.84,350198908,9266428,359465336,2.58
20171006,2034096263,61271130,2095367393,2.92,368906640,9260342,378166982,2.45
20171007,1895532957,58378897,1953911854,2.99,346644312,8921068,355565380,2.51
20171008,1834225748,59168195,1893393943,3.12,350619781,8161993,358781774,2.27
20171009,2123345583,67289164,2190634747,3.07,377539680,9362493,386902173,2.42
20171010,2136080667,66332884,2202413551,3.01,367218292,10422432,377640724,2.76
20171011,2224965794,64241014,2289206808,2.81,368712016,8672497,377384513,2.3
20171012,2253632145,66351719,2319983864,2.86,387740135,8677252,396417387,2.19
20171013,2099217124,64609036,2163826160,2.99,367242437,8570841,375813278,2.28
20171014,1960340357,56651300,2016991657,2.81,368711436,8433440,377144876,2.24
20171015,1922465680,59457698,1981923378,3.0,365649138,8392836,374041974,2.24
20171016,2048027564,64990418,2113017982,3.08,366822586,9209232,376031818,2.45
20171017,2059360143,71894455,2131254598,3.37,374398487,10316119,384714606,2.68
20171018,2151609161,72166655,2223775816,3.25,371118778,9496537,380615315,2.5
20171019,2246684678,69683085,2316367763,3.01,349552266,9797509,359349775,2.73
20171020,2175523660,64392934,2239916594,2.87,367785300,9771638,377556938,2.59
20171021,1912868819,60767821,1973636640,3.08,346985114,9213913,356199027,2.59
20171022,1861910410,58513347,1920423757,3.05,343929756,9264566,353194322,2.62
20171023,2202388866,92612010,2295000876,4.04,367858014,9366662,377224676,2.48
20171024,2588970659,111923682,2700894341,4.14,435058013,10462662,445520675,2.35
20171025,3020714494,164105791,3184820285,5.15,471646944,9941047,481587991,2.06
20171026,2994986416,159471104,3154457520,5.06,479999184,9963957,489963141,2.03
20171027,2997837141,157200462,3155037603,4.98,477612020,10414197,488026217,2.13
20171028,2451823468,120479366,2572302834,4.68,183353898,5165421,188519319,2.74
20171029,2821117798,135454630,2956572428,4.58,442645116,10505281,453150397,2.32
20171030,3051913957,146177901,3198091858,4.57,460801858,10705660,471507518,2.27
20171031,3080218678,154856887,3235075565,4.79,477577918,11774464,489352382,2.41
20171101,3022460012,157104771,3179564783,4.94,475576444,10875782,486452226,2.24
20171102,3054699470,158420344,3213119814,4.93,470017811,10495571,480513382,2.18
20171103,3020279198,166048519,3186327717,5.21,493106993,10556208,503663201,2.1
20171104,2748359736,151426979,2899786715,5.22,464324671,9998842,474323513,2.11
20171105,2704577422,152492747,2857070169,5.34,472914600,11138217,484052817,2.3
20171106,3008480952,157307492,3165788444,4.97,465051929,10795062,475846991,2.27
20171107,3279356413,154560799,3433917212,4.5,512545854,11053594,523599448,2.11
20171108,3175466342,153101717,3328568059,4.6,502949874,11067390,514017264,2.15
20171109,3133693561,158419697,3292113258,4.81,504769246,11261915,516031161,2.18
20171110,3038409849,143646801,3182056650,4.51,484395633,11249468,495645101,2.27
20171111,2700668288,121292075,2821960363,4.3,438528451,10994152,449522603,2.45
20171112,2740262933,134749189,2875012122,4.69,438253728,11622902,449876630,2.58
20171113,2889873042,151135958,3041009000,4.97,435358124,11897143,447255267,2.66
20171114,2890401954,168292099,3058694053,5.5,441003718,12306598,453310316,2.71
20171115,2863330353,151981734,3015312087,5.04,433607494,10886086,444493580,2.45
20171116,397842116,17125487,414967603,4.13,268159822,6198005,274357827,2.26
20171117,2840033942,150363105,2990397047,5.03,426358226,10940538,437298764,2.5
20171118,2576198361,136302586,2712500947,5.02,411257490,9680216,420937706,2.3
20171119,2523223290,141952394,2665175684,5.33,420362165,10305915,430668080,2.39
20171120,3011481168,151254244,3162735412,4.78,424860500,13156844,438017344,3.0
20171121,2910388652,149005697,3059394349,4.87,421877861,14234703,436112564,3.26
20171122,2875823421,147328534,3023151955,4.87,425817548,11146211,436963759,2.55
20171123,2830122774,146620705,2976743479,4.93,407657469,11611535,419269004,2.77
20171124,2731976463,153411982,2885388445,5.32,384493061,11414780,395907841,2.88
20171125,2552188027,134110455,2686298482,4.99,363887827,10298863,374186690,2.75
20171126,2518497809,131955006,2650452815,4.98,376804586,10234640,387039226,2.64
20171127,2780479988,141251306,2921731294,4.83,363130574,11149400,374279974,2.98
20171128,2781010174,151055080,2932065254,5.15,362376688,10914507,373291195,2.92
20171129,2795483514,130369644,2925853158,4.46,344889981,10419828,355309809,2.93
20171130,2677373192,140982425,2818355617,5.0,349134573,10624043,359758616,2.95
20171201,2662820040,145930551,2808750591,5.2,350153690,10235316,360389006,2.84
20171202,2440600929,132766486,2573367415,5.16,326468925,9903960,336372885,2.94
20171203,2422379266,140246298,2562625564,5.47,324119886,9872646,333992532,2.96
20171204,2695998152,149299902,2845298054,5.25,330734582,10337070,341071652,3.03
20171205,2699926034,143324465,2843250499,5.04,359890874,10657075,370547949,2.88
20171206,2660691513,157223430,2817914943,5.58,344915577,10461149,355376726,2.94
20171207,2696986280,159166752,2856153032,5.57,341759590,10481069,352240659,2.98
20171208,2646111355,157510764,2803622119,5.62,344695860,10568126,355263986,2.97
20171209,2457380670,127087881,2584468551,4.92,284766872,10408499,295175371,3.53
20171210,2384507574,121776000,2506283574,4.86,282064997,10100240,292165237,3.46
20171211,2696164553,139924950,2836089503,4.93,309771773,10703419,320475192,3.34
20171212,2727280398,142154596,2869434994,4.95,309072624,11018059,320090683,3.44
20171213,2708735740,138762389,2847498129,4.87,303313214,10997167,314310381,3.5
20171214,2773380047,146666054,2920046101,5.02,310581118,10956469,321537587,3.41
20171215,2712883735,152274013,2865157748,5.31,296380861,10269705,306650566,3.35
20171216,2524652134,142175964,2666828098,5.33,277583310,10242810,287826120,3.56
20171217,2430751101,145263817,2576014918,5.64,266540039,10074452,276614491,3.64
20171218,2709293259,157174006,2866467265,5.48,286349450,10658149,297007599,3.59
20171219,2688446348,155099263,2843545611,5.45,283995749,11117630,295113379,3.77
20171220,2691834935,154369641,2846204576,5.42,291270535,10220795,301491330,3.39
20171221,3059624720,146138851,3205763571,4.56,290844017,10410963,301254980,3.46
20171222,3712402569,142277713,3854680282,3.69,293711419,10061865,303773284,3.31
20171223,3654641805,128448062,3783089867,3.4,265770898,9585866,275356764,3.48
20171224,2795577216,133893104,2929470320,4.57,248111787,9597580,257709367,3.72
20171225,3492758952,142343775,3635102727,3.92,261715619,9871055,271586674,3.63
20171226,3555941662,148984305,3704925967,4.02,271389069,10146742,281535811,3.6
20171227,4264467493,163022642,4427490135,3.68,286829220,10348575,297177795,3.48
20171228,3664034081,164364626,3828398707,4.29,295840237,10393712,306233949,3.39
20171229,2978629767,172585439,3151215206,5.48,296504936,9794289,306299225,3.2
20171230,2475819278,157505317,2633324595,5.98,273811596,9492697,283304293,3.35
20171231,2036710460,115987687,2152698147,5.39,107180076,4677367,111857443,4.18
20180101,2254914845,136842327,2391757172,5.72,268248945,9320620,277569565,3.36
20180102,2481008562,148890665,2629899227,5.66,297381091,10161493,307542584,3.3
20180103,2667475373,153870654,2821346027,5.45,316519288,10117989,326637277,3.1
20180104,2641768257,159460070,2801228327,5.69,318739018,10444570,329183588,3.17
20180105,2748356162,163982213,2912338375,5.63,317752740,11002329,328755069,3.35
20180106,2453612449,166563884,2620176333,6.36,286699204,10109835,296809039,3.41
20180107,2570430857,163468403,2733899260,5.98,288532633,10004333,298536966,3.35
20180108,2968970797,171151755,3140122552,5.45,298081810,10516252,308598062,3.41
20180109,3077750707,180398626,3258149333,5.54,309074490,10529373,319603863,3.29
20180110,2948361391,180523555,3128884946,5.77,304840367,10237983,315078350,3.25
20180111,2895594144,175093005,3070687149,5.7,347181743,10732193,357913936,3.0
20180112,3200519259,174343893,3374863152,5.17,357439247,10989320,368428567,2.98
20180113,3074354625,163864467,3238219092,5.06,334518306,10604164,345122470,3.07
20180114,3088421950,160822695,3249244645,4.95,329049835,10802715,339852550,3.18
20180115,2844605758,172163802,3016769560,5.71,338198301,11678811,349877112,3.34
20180116,2806570148,172716060,2979286208,5.8,347774453,11555508,359329961,3.22
20180117,2806695458,177915693,2984611151,5.96,363237808,11635166,374872974,3.1
20180118,2781931714,168392748,2950324462,5.71,355520086,11369527,366889613,3.1
20180119,2745311391,169171812,2914483203,5.8,352859781,10645455,363505236,2.93
20180120,2507367018,135922632,2643289650,5.14,330895219,10534633,341429852,3.09
20180121,2448602761,131714442,2580317203,5.1,331286516,10676036,341962552,3.12
20180122,2739336374,155729321,2895065695,5.38,327245264,10674076,337919340,3.16
20180123,2730529287,146926895,2877456182,5.11,334159752,10907199,345066951,3.16
20180124,2761165378,143989484,2905154862,4.96,340832752,10789284,351622036,3.07
20180125,2585642990,132128836,2717771826,4.86,328645824,10936007,339581831,3.22
20180126,2415019987,93309476,2508329463,3.72,323286800,10736763,334023563,3.21
20180127,2341723701,81377279,2423100980,3.36,319878860,10476115,330354975,3.17
20180128,2368475657,80201538,2448677195,3.28,320961478,10509463,331470941,3.17
20180129,2678611539,98208097,2776819636,3.54,328758684,10824504,339583188,3.19
20180130,2699206329,98980458,2798186787,3.54,330049673,11018054,341067727,3.23
20180131,2554159224,96382602,2650541826,3.64,336992148,11206911,348199059,3.22
20180201,2630849683,97429029,2728278712,3.57,342042192,11709980,353752172,3.31
20180202,2562139851,97977870,2660117721,3.68,348786797,11742359,360529156,3.26
20180203,2375525269,90307920,2465833189,3.66,315362130,11003657,326365787,3.37
20180204,2290672646,90000954,2380673600,3.78,314358410,11075001,325433411,3.4
20180205,2516496712,96235702,2612732414,3.68,334954778,11715728,346670506,3.38
20180206,2564222140,98497729,2662719869,3.7,358505868,11644688,370150556,3.15
20180207,2717020001,99742146,2816762147,3.54,373113903,11698701,384812604,3.04
20180208,2740764765,107104860,2847869625,3.76,344727522,11684264,356411786,3.28
20180209,2720739478,109484187,2830223665,3.87,348894984,11857723,360752707,3.29
20180210,2366441237,98354093,2464795330,3.99,332545270,11322226,343867496,3.29
20180211,2333491461,100336082,2433827543,4.12,331749651,11307916,343057567,3.3
20180212,2465717928,107067419,2572785347,4.16,349139053,11596082,360735135,3.21
20180213,2466168308,112292901,2578461209,4.36,339154379,11781661,350936040,3.36
20180214,2515978990,95268881,2611247871,3.65,353223283,12138633,365361916,3.32
20180215,2460030201,88258437,2548288638,3.46,348340853,11913924,360254777,3.31
20180216,2299787838,87947305,2387735143,3.68,326979731,11523427,338503158,3.4
20180217,2154478411,74293243,2228771654,3.33,312130173,10491490,322621663,3.25
20180218,2154752733,73158139,2227910872,3.28,316130443,11005670,327136113,3.36
20180219,2351736359,82906753,2434643112,3.41,329209100,11972260,341181360,3.51
20180220,2418396223,85184628,2503580851,3.4,323237022,11656313,334893335,3.48
20180221,2741698740,93106770,2834805510,3.28,328893261,11536333,340429594,3.39
20180222,2902408592,98942118,3001350710,3.3,331649171,11447152,343096323,3.34
20180223,2608792485,95282639,2704075124,3.52,325923659,11243700,337167359,3.33
20180224,2306843481,88289157,2395132638,3.69,315083132,11292862,326375994,3.46
20180225,2126824141,84518913,2211343054,3.82,302812872,11332754,314145626,3.61
20180226,2404129173,96555088,2500684261,3.86,311987004,11596706,323583710,3.58
20180227,2487165820,95036142,2582201962,3.68,326316922,11747084,338064006,3.47
20180228,2450394950,93238674,2543633624,3.67,325233196,11772573,337005769,3.49
20180301,2408673980,96720199,2505394179,3.86,320043428,11999103,332042531,3.61
20180302,2306503540,95010427,2401513967,3.96,319920254,11551630,331471884,3.48
20180303,2615411888,90383681,2705795569,3.34,309007943,11076630,320084573,3.46
20180304,2912611997,86255179,2998867176,2.88,302350268,11369266,313719534,3.62
20180305,3043491763,95240117,3138731880,3.03,332430095,11718610,344148705,3.41
20180306,2593224752,94421748,2687646500,3.51,317273963,12315910,329589873,3.74
20180307,2361583960,99791215,2461375175,4.05,320969538,11641011,332610549,3.5
20180308,2317819889,99642444,2417462333,4.12,320058082,12111792,332169874,3.65
20180309,2237122946,92975896,2330098842,3.99,331027472,12028658,343056130,3.51
20180310,2348369481,88440835,2436810316,3.63,328074877,11539004,339613881,3.4
20180311,2300299315,81675362,2381974677,3.43,325395586,11474672,336870258,3.41
20180312,2510328694,94973979,2605302673,3.65,322137554,11690805,333828359,3.5
20180313,2691326129,102536784,2793862913,3.67,317179069,12170785,329349854,3.7
20180314,2808743833,104498100,2913241933,3.59,346845699,12724599,359570298,3.54
20180315,2760064246,97759243,2857823489,3.42,339454228,12269271,351723499,3.49
20180316,2670351245,96012364,2766363609,3.47,328226993,11749444,339976437,3.46
20180317,2107335948,85840465,2193176413,3.91,305559365,12190443,317749808,3.84
20180318,2045516206,84702736,2130218942,3.98,290917085,12121231,303038316,4.0
20180319,2240322164,96561734,2336883898,4.13,292778845,12681896,305460741,4.15
20180320,2286761303,99507714,2386269017,4.17,306636109,12721438,319357547,3.98
20180321,2948278234,101046280,3049324514,3.31,307007812,12744129,319751941,3.99
20180322,3235592716,105495247,3341087963,3.16,291397220,13144459,304541679,4.32
20180323,2296281908,101735393,2398017301,4.24,294669505,13162721,307832226,4.28
20180324,2016901600,88239282,2105140882,4.19,292470349,12450057,304920406,4.08
20180325,1959567119,87228892,2046796011,4.26,286044978,11904004,297948982,4.0
20180326,2214533181,97814097,2312347278,4.23,296916932,12631228,309548160,4.08
20180327,2279069151,99717507,2378786658,4.19,301776099,12750891,314526990,4.05
20180328,2348850390,99822447,2448672837,4.08,312905976,12587447,325493423,3.87
20180329,2468784239,96328190,2565112429,3.76,315682085,12677604,328359689,3.86
20180330,2293002872,92956237,2385959109,3.9,311051566,12427788,323479354,3.84
20180331,332338075,23824566,356162641,6.69,139819316,11746742,151566058,7.75
20180401,2061848332,83778189,2145626521,3.9,266822534,11387025,278209559,4.09
20180402,2266700622,89971097,2356671719,3.82,289640685,11748762,301389447,3.9
20180403,2452934393,94701834,2547636227,3.72,314373849,12232967,326606816,3.75
20180404,2431421267,104090699,2535511966,4.11,321274759,12374409,333649168,3.71
20180405,2398597540,104214390,2502811930,4.16,321906362,12723528,334629890,3.8
20180406,2326995262,101919407,2428914669,4.2,319812517,12261004,332073521,3.69
20180407,2008538939,91992837,2100531776,4.38,297736383,11994283,309730666,3.87
20180408,2390528909,91672844,2482201753,3.69,293377575,11892509,305270084,3.9
20180409,2721848239,99398628,2821246867,3.52,302250246,12342087,314592333,3.92
20180410,2888648788,103360498,2992009286,3.45,315039778,12960793,328000571,3.95
20180411,2370025736,103967152,2473992888,4.2,314739628,12600449,327340077,3.85
20180412,2375323616,106719620,2482043236,4.3,310494195,12855794,323349989,3.98
20180413,2411534402,109647164,2521181566,4.35,311927086,12231478,324158564,3.77
20180414,2342693012,99794636,2442487648,4.09,321017230,12446315,333463545,3.73
20180415,2254922099,89998566,2344920665,3.84,320211508,12573620,332785128,3.78
20180416,2576538738,102538721,2679077459,3.83,334374255,12945099,347319354,3.73
20180417,2592433307,104369891,2696803198,3.87,342509761,12867620,355377381,3.62
20180418,2702555177,104011534,2806566711,3.71,343485714,13071160,356556874,3.67
20180419,2726323175,109787099,2836110274,3.87,338637466,12967460,351604926,3.69
20180420,2568460306,107320199,2675780505,4.01,328048300,13812339,341860639,4.04
20180421,2317026626,124750538,2441777164,5.11,304798156,12754442,317552598,4.02
20180422,2287158581,126998371,2414156952,5.26,311420458,11674785,323095243,3.61
20180423,2640916567,137836870,2778753437,4.96,329444106,12334702,341778808,3.61
20180424,2688670403,142977713,2831648116,5.05,329454513,12366707,341821220,3.62
20180425,2691846932,150555312,2842402244,5.3,327356929,12776096,340133025,3.76
20180426,2621890179,149805652,2771695831,5.4,335741096,12148260,347889356,3.49
20180427,2570736552,149440651,2720177203,5.49,328351752,12267494,340619246,3.6
20180428,2357999433,142315095,2500314528,5.69,294805494,11757751,306563245,3.84
20180429,2279398266,128905382,2408303648,5.35,290457631,11234353,301691984,3.72
20180430,2564597352,138512449,2703109801,5.12,310216438,11925311,322141749,3.7
20180501,2813443449,134163323,2947606772,4.55,328537366,11943299,340480665,3.51
20180502,3027478881,119603503,3147082384,3.8,329620039,12314597,341934636,3.6
20180503,3532186806,122570110,3654756916,3.35,339364665,13431324,352795989,3.81
20180504,387341652,115688102,503029754,23.0,164480285,6548461,171028746,3.83
20180505,3012637064,109019675,3121656739,3.49,305764556,12682955,318447511,3.98
20180506,2316710863,105185182,2421896045,4.34,294341985,12380060,306722045,4.04
20180507,2561998248,119879652,2681877900,4.47,336438557,13112924,349551481,3.75
20180508,2878506630,121167613,2999674243,4.04,353704881,13286021,366990902,3.62
20180509,3134758585,114696818,3249455403,3.53,353236352,13576354,366812706,3.7
20180510,3309483320,114339227,3423822547,3.34,358128108,13431616,371559724,3.61
20180511,3406768707,130827767,3537596474,3.7,351909351,13406069,365315420,3.67
20180512,2606901552,114757668,2721659220,4.22,308641566,12759433,321400999,3.97
20180513,2791960986,112147834,2904108820,3.86,301825887,12406577,314232464,3.95
20180514,2497394470,102707962,2600102432,3.95,173417369,6441239,179858608,3.58
20180515,2760037165,103773066,2863810231,3.62,192095374,6599315,198694689,3.32
20180516,2671110417,100049934,2771160351,3.61,199659608,6523115,206182723,3.16
20180517,3553940609,92500384,3646440993,2.54,205403962,6415003,211818965,3.03
20180518,3931083334,98212950,4029296284,2.44,220084715,6510713,226595428,2.87
20180519,3184682921,92534751,3277217672,2.82,200480876,6714130,207195006,3.24
20180520,1991164795,86760578,2077925373,4.18,197056765,6968490,204025255,3.42
20180521,2265825123,93912670,2359737793,3.98,213123343,8136862,221260205,3.68
20180522,2386484564,90858484,2477343048,3.67,197857185,6469255,204326440,3.17
20180523,2366971787,83668105,2450639892,3.41,190227555,6468693,196696248,3.29
20180524,2551542922,83011971,2634554893,3.15,179869345,6486009,186355354,3.48
20180525,2786484880,81946877,2868431757,2.86,162032233,6033361,168065594,3.59
20180526,2747945374,73800842,2821746216,2.62,169161760,6472975,175634735,3.69
20180527,2591223873,73902642,2665126515,2.77,170326540,6211076,176537616,3.52
20180528,2720647625,75706073,2796353698,2.71,188972031,6364733,195336764,3.26
20180529,2475291433,83239725,2558531158,3.25,201916970,6384889,208301859,3.07
20180530,2616994517,84663363,2701657880,3.13,196465886,6217057,202682943,3.07
20180531,2519609920,84493869,2604103789,3.24,204165973,6582494,210748467,3.12
20180601,2419068543,84877290,2503945833,3.39,204456733,6357615,210814348,3.02
20180602,2303077853,76365568,2379443421,3.21,186456900,6124933,192581833,3.18
20180603,2286463361,73132752,2359596113,3.1,185386819,6186008,191572827,3.23
20180604,2767956452,81615140,2849571592,2.86,194743695,6424849,201168544,3.19
20180605,2620333830,82840256,2703174086,3.06,202100751,6233132,208333883,2.99
20180606,2625223711,80725148,2705948859,2.98,207832236,6715733,214547969,3.13
20180607,2542895381,81321712,2624217093,3.1,202528107,6523792,209051899,3.12
20180608,2517685992,85980552,2603666544,3.3,202738875,6941217,209680092,3.31
20180609,2276924926,81114586,2358039512,3.44,184365349,6836840,191202189,3.58
20180610,2152747008,76086635,2228833643,3.41,182543937,6527520,189071457,3.45
20180611,2543321257,87607946,2630929203,3.33,192898276,6939613,199837889,3.47
20180613,2183199367,75260585,2258459952,3.33,278588044,10503378,289091422,3.63
20180614,3045492133,116754184,3162246317,3.69,375846066,14845730,390691796,3.8
20180615,2860765575,114567659,2975333234,3.85,367955032,15091772,383046804,3.94
20180616,2569366817,103653597,2673020414,3.88,329905340,14329036,344234376,4.16
20180617,2712314243,105056529,2817370772,3.73,304825759,14429420,319255179,4.52
20180618,2946709403,119068254,3065777657,3.88,374411297,15348539,389759836,3.94
20180619,3061173140,121722820,3182895960,3.82,335342437,15562221,350904658,4.43
20180620,2985787491,127129570,3112917061,4.08,347632984,19626338,367259322,5.34
20180621,2939016251,124322429,3063338680,4.06,339670417,16160439,355830856,4.54
20180622,2867371896,125874331,2993246227,4.21,349827648,15653248,365480896,4.28
20180623,2623352050,113877600,2737229650,4.16,314946748,14906516,329853264,4.52
20180624,2414161002,106442974,2520603976,4.22,317259497,15068270,332327767,4.53
20180625,2644390167,118303221,2762693388,4.28,336506511,15779494,352286005,4.48
20180626,2647925832,121359680,2769285512,4.38,336068601,15279839,351348440,4.35
20180627,2683328032,121633078,2804961110,4.34,347107287,15277136,362384423,4.22
20180628,2638931706,120925219,2759856925,4.38,347829262,15917171,363746433,4.38
20180629,2741655489,123095475,2864750964,4.3,345846092,14858795,360704887,4.12
20180630,2502237145,124946957,2627184102,4.76,326321151,14435871,340757022,4.24
20180701,2386789740,114220598,2501010338,4.57,319811316,14415922,334227238,4.31
20180702,2683742265,124899687,2808641952,4.45,345303532,15262941,360566473,4.23
20180703,2666184196,126134763,2792318959,4.52,340072694,15554626,355627320,4.37
20180704,2613803944,118669411,2732473355,4.34,344722366,15036756,359759122,4.18
20180705,2803013420,121746925,2924760345,4.16,354854261,15221332,370075593,4.11
20180706,2586990622,117586486,2704577108,4.35,343915278,15453823,359369101,4.3
20180707,2378343758,109954850,2488298608,4.42,304065822,14605646,318671468,4.58
20180708,2314711362,104801655,2419513017,4.33,307248315,14386066,321634381,4.47
20180709,2644408538,120803318,2765211856,4.37,341062452,15271037,356333489,4.29
20180710,2700326709,124405875,2824732584,4.4,342194061,15774095,357968156,4.41
20180711,2669245389,121833882,2791079271,4.37,339165438,16232076,355397514,4.57
20180712,2743560627,122372800,2865933427,4.27,344418561,15978130,360396691,4.43
20180713,2653338600,116843717,2770182317,4.22,345200300,14957004,360157304,4.15
20180714,2427636365,106370256,2534006621,4.2,324678021,13987255,338665276,4.13
20180715,2382181003,104676982,2486857985,4.21,316709429,14475278,331184707,4.37
20180716,2654413389,118237191,2772650580,4.26,352792253,14915876,367708129,4.06
20180717,2652187327,120874996,2773062323,4.36,356983919,15177136,372161055,4.08
20180718,2618518187,119028607,2737546794,4.35,363618798,15454846,379073644,4.08
20180719,2579739417,115192473,2694931890,4.27,355526808,15269365,370796173,4.12
20180720,2386591963,108184829,2494776792,4.34,341432042,15395189,356827231,4.31
20180721,2383138142,103131729,2486269871,4.15,315709381,14730971,330440352,4.46
20180722,2363744341,101268148,2465012489,4.11,306855016,14342368,321197384,4.47
20180723,2736264334,117394288,2853658622,4.11,342666598,15011110,357677708,4.2
20180724,2767787963,116217423,2884005386,4.03,349199673,14618118,363817791,4.02
20180725,2776981769,117148030,2894129799,4.05,347308624,14737909,362046533,4.07
20180726,2668919600,117240321,2786159921,4.21,330776444,15554194,346330638,4.49
20180727,2656731444,117028840,2773760284,4.22,338219954,15201216,353421170,4.3
20180728,2450950354,108754681,2559705035,4.25,315763992,15347465,331111457,4.64
20180729,2825881143,113796349,2939677492,3.87,358555257,15298964,373854221,4.09
20180730,3256507726,132175126,3388682852,3.9,411797400,15551869,427349269,3.64
20180731,3215497357,131393515,3346890872,3.93,420902476,15568080,436470556,3.57
20180801,3367786440,134254864,3502041304,3.83,429910676,15860706,445771382,3.56
20180802,2824015603,131008537,2955024140,4.43,337458307,16259681,353717988,4.6
20180803,2619722589,124962314,2744684903,4.55,315920325,15916497,331836822,4.8
20180804,2472863946,113629380,2586493326,4.39,290750352,15266456,306016808,4.99
20180805,2571013765,113007175,2684020940,4.21,311200164,15093169,326293333,4.63
20180806,2541527555,111142739,2652670294,4.19,240145725,12307661,252453386,4.88
20180807,2712047609,126569397,2838617006,4.46,328481477,15581982,344063459,4.53
20180808,2997329233,130264725,3127593958,4.17,377754710,15361465,393116175,3.91
20180809,2850990696,123629368,2974620064,4.16,367005592,15283047,382288639,4.0
20180810,2767133537,121169368,2888302905,4.2,378828535,15241501,394070036,3.87
20180811,2566276978,115337764,2681614742,4.3,346386015,14544723,360930738,4.03
20180812,2517211220,113568594,2630779814,4.32,340308103,15109613,355417716,4.25
20180813,2763227540,126739655,2889967195,4.39,368505065,15340188,383845253,4.0
20180814,2807929739,127814176,2935743915,4.35,394603817,16323190,410927007,3.97
20180815,2852973542,121326639,2974300181,4.08,377333709,16710643,394044352,4.24
20180816,2897000752,123741056,3020741808,4.1,388965093,17600498,406565591,4.33
20180817,2808131085,121823748,2929954833,4.16,391857466,17788741,409646207,4.34
20180818,2577478777,110743596,2688222373,4.12,359461875,17208557,376670432,4.57
20180819,2551047559,109809016,2660856575,4.13,351610603,17588420,369199023,4.76
20180820,2819131570,117900941,2937032511,4.01,380235799,18781036,399016835,4.71
20180821,2752292432,122095805,2874388237,4.25,383931067,18939856,402870923,4.7
20180822,2731848520,122953821,2854802341,4.31,376553800,17934940,394488740,4.55
20180823,2942301091,130223072,3072524163,4.24,375594255,17502082,393096337,4.45
20180824,2648676656,133211933,2781888589,4.79,353971435,16035645,370007080,4.33
20180825,2515021671,121744367,2636766038,4.62,348764921,17209160,365974081,4.7
20180826,2449391672,121491241,2570882913,4.73,334835047,17415218,352250265,4.94
20180827,2798757750,134686755,2933444505,4.59,370358908,18082389,388441297,4.66
20180828,2897651905,136971274,3034623179,4.51,382322479,18001720,400324199,4.5
20180829,2822280513,134552855,2956833368,4.55,376739296,16442398,393181694,4.18
20180830,2782692518,131561373,2914253891,4.51,378063176,17894854,395958030,4.52
20180831,2755597928,123148330,2878746258,4.28,380703029,17954911,398657940,4.5
20180901,2545155240,111717881,2656873121,4.2,366632432,16430769,383063201,4.29
20180902,2522329176,113846508,2636175684,4.32,360874336,15660104,376534440,4.16
20180903,2793865256,122092617,2915957873,4.19,425809016,17050769,442859785,3.85
20180904,2827958397,125035774,2952994171,4.23,404556425,18138195,422694620,4.29
20180905,2869954749,123344324,2993299073,4.12,405520801,17968746,423489547,4.24
20180906,2866342643,124012891,2990355534,4.15,386415480,17565962,403981442,4.35
20180907,2862179490,134078295,2996257785,4.47,385897838,18103267,404001105,4.48
20180908,2602584744,129892735,2732477479,4.75,383548767,16632086,400180853,4.16
20180909,2590099259,126187728,2716286987,4.65,370275628,16114760,386390388,4.17
20180910,2834018907,140343839,2974362746,4.72,387943945,17657415,405601360,4.35
20180911,2771032708,138532256,2909564964,4.76,340858775,15842240,356701015,4.44
20180912,2942230226,143222118,3085452344,4.64,416238105,18638800,434876905,4.29
20180913,2963500315,143494594,3106994909,4.62,388524169,17883185,406407354,4.4
20180914,2994754889,147760402,3142515291,4.7,415758780,19014929,434773709,4.37
20180915,2643258532,127811619,2771070151,4.61,391520130,18063233,409583363,4.41
20180916,2597632921,112631856,2710264777,4.16,390197153,18079748,408276901,4.43
20180917,2900497937,130932809,3031430746,4.32,392100022,19206126,411306148,4.67
20180918,2985340137,140261825,3125601962,4.49,415749786,20556130,436305916,4.71
20180919,2993115063,139166622,3132281685,4.44,427045920,20386793,447432713,4.56
20180920,2970800805,141166712,3111967517,4.54,383913483,20639200,404552683,5.1
20180921,3296898882,143709661,3440608543,4.18,439224547,22214153,461438700,4.81
20180922,3135946451,134107895,3270054346,4.1,445448584,21056108,466504692,4.51
20180923,2962354766,129217937,3091572703,4.18,424419669,20807674,445227343,4.67
20180924,2726929221,134485043,2861414264,4.7,355320111,20638448,375958559,5.49
20180925,2682615097,121846989,2804462086,4.34,355307940,20610693,375918633,5.48
20180926,2915617334,125874397,3041491731,4.14,382950971,22221849,405172820,5.48
20180927,2919599397,128626605,3048226002,4.22,372395583,23338759,395734342,5.9
20180928,2952684379,128488264,3081172643,4.17,384951987,23378097,408330084,5.73
20180929,2836257981,128181373,2964439354,4.32,365471137,23557135,389028272,6.06
20180930,2760945252,115243219,2876188471,4.01,374949263,23007632,397956895,5.78
20181001,2861959944,128365337,2990325281,4.29,365667333,22104931,387772264,5.7
20181002,2892895600,126619420,3019515020,4.19,371705661,22681335,394386996,5.75
20181003,2901283321,124191044,3025474365,4.1,380387269,22055190,402442459,5.48
20181004,2698594012,110108169,2808702181,3.92,112052501,9266558,121319059,7.64
20181005,2804394330,121207251,2925601581,4.14,368984050,21969595,390953645,5.62
20181006,2611916864,109309671,2721226535,4.02,327357380,21407966,348765346,6.14
20181007,2628072424,107727884,2735800308,3.94,348346864,22375103,370721967,6.04
20181008,2796415922,119812689,2916228611,4.11,369666744,23529995,393196739,5.98
20181009,2730854254,119776235,2850630489,4.2,363775670,24399800,388175470,6.29
20181010,2823242819,120004701,2943247520,4.08,374182193,25020642,399202835,6.27
20181011,2821268433,117847920,2939116353,4.01,357744622,23818091,381562713,6.24
20181012,2843999298,119240001,2963239299,4.02,360576450,24264929,384841379,6.31
20181013,2608878759,110506470,2719385229,4.06,369681089,24131587,393812676,6.13
20181014,2631156883,110085487,2741242370,4.02,355997527,22707489,378705016,6.0
20181015,2939311196,120523438,3059834634,3.94,371210776,23505438,394716214,5.96
20181016,2799303865,120538548,2919842413,4.13,363012662,22377567,385390229,5.81
20181017,2767278538,131826100,2899104638,4.55,372422544,20408000,392830544,5.2
20181018,2835794196,133962112,2969756308,4.51,366085401,20053868,386139269,5.19
20181019,2805384706,135097441,2940482147,4.59,367514828,19774650,387289478,5.11
20181020,2514645878,124617473,2639263351,4.72,358240112,19466607,377706719,5.15
20181021,2672146175,127885986,2800032161,4.57,365564060,21611125,387175185,5.58
20181022,2904410610,131163124,3035573734,4.32,369606641,22050816,391657457,5.63
20181023,2955437069,127964318,3083401387,4.15,378106281,23247540,401353821,5.79
20181024,2880639070,114272522,2994911592,3.82,372937652,24280738,397218390,6.11
20181025,2894919254,116576610,3011495864,3.87,360414885,23864219,384279104,6.21
20181026,3002758448,149583212,3152341660,4.75,359555719,22317174,381872893,5.84
20181027,2519052026,116110680,2635162706,4.41,344423818,20891969,365315787,5.72
20181028,2390649281,104723066,2495372347,4.2,333968605,20637001,354605606,5.82
20181029,2677497169,108935984,2786433153,3.91,354626664,21502471,376129135,5.72
20181030,2764427756,113589770,2878017526,3.95,376376205,22999828,399376033,5.76
20181031,2776295498,117781143,2894076641,4.07,379144456,25845156,404989612,6.38
20181101,2670003523,112959541,2782963064,4.06,354572296,25761414,380333710,6.77
20181102,3023471270,168514414,3191985684,5.28,374957426,23963092,398920518,6.01
20181103,2918957668,164624483,3083582151,5.34,361767856,23378816,385146672,6.07
20181104,3309572322,185682373,3495254695,5.31,358850403,23154068,382004471,6.06
20181105,2989552770,133290634,3122843404,4.27,366918454,25250753,392169207,6.44
20181106,2828507185,113476098,2941983283,3.86,374561389,25473523,400034912,6.37
20181107,2832153708,114340504,2946494212,3.88,377624982,25418360,403043342,6.31
20181108,2903245204,122416947,3025662151,4.05,367857115,25737433,393594548,6.54
20181109,3554596332,181684430,3736280762,4.86,371994610,24273079,396267689,6.13
20181110,3137462175,149681419,3287143594,4.55,359209129,23474741,382683870,6.13
20181111,3523330550,194337622,3717668172,5.23,345281824,20986984,366268808,5.73
20181112,2883250041,122866731,3006116772,4.09,364320046,23902049,388222095,6.16
20181113,2977613832,124554191,3102168023,4.02,383929201,26176560,410105761,6.38
20181114,2989987255,119455587,3109442842,3.84,391037875,26346270,417384145,6.31
20181115,2832977824,115021463,2947999287,3.9,381881915,26680003,408561918,6.53
20181116,3480778635,181936516,3662715151,4.97,390123831,23255376,413379207,5.63
20181117,3132011057,146406206,3278417263,4.47,378954362,24879275,403833637,6.16
20181118,3596778455,191638052,3788416507,5.06,369635566,21848178,391483744,5.58
20181119,3000093604,119496185,3119589789,3.83,379839149,25490924,405330073,6.29
20181120,3170071093,102302524,3272373617,3.13,457782563,28205045,485987608,5.8
20181121,3078275423,102426272,3180701695,3.22,409431635,27272404,436704039,6.25
20181122,3122742969,104766161,3227509130,3.25,381844209,27629047,409473256,6.75
20181123,3689007908,170410562,3859418470,4.42,396174770,26655018,422829788,6.3
20181124,3464210563,164736902,3628947465,4.54,383544405,25970467,409514872,6.34
20181125,3821303544,199545969,4020849513,4.96,370028853,24771168,394800021,6.27
20181126,3162375892,114317626,3276693518,3.49,395939730,27884617,423824347,6.58
20181127,3179299840,113078948,3292378788,3.43,397969053,28038483,426007536,6.58
20181128,3175780615,112549471,3288330086,3.42,401933083,27022798,428955881,6.3
20181129,3197057464,113511861,3310569325,3.43,391500780,26480171,417980951,6.34
20181130,3151234192,119291544,3270525736,3.65,373403218,26988683,400391901,6.74
20181201,3091311253,143242616,3234553869,4.43,362250735,24946712,387197447,6.44
20181202,3371153250,169252569,3540405819,4.78,355140653,24229615,379370268,6.39
20181203,3514836323,155559658,3670395981,4.24,370059092,25953975,396013067,6.55
20181204,3660315853,169394382,3829710235,4.42,386120936,25291523,411412459,6.15
20181205,3514022746,142735754,3656758500,3.9,415215116,26428784,441643900,5.98
20181206,3291964902,117061848,3409026750,3.43,440290254,26204040,466494294,5.62
20181207,3762121465,189889999,3952011464,4.8,404486553,19262472,423749025,4.55
20181208,3242866838,149362004,3392228842,4.4,383868148,20253160,404121308,5.01
20181209,3796785041,206771985,4003557026,5.16,370449181,16243105,386692286,4.2
20181210,3280756436,134519897,3415276333,3.94,396867232,21884599,418751831,5.23
20181211,3257414654,115724060,3373138714,3.43,440120750,24209240,464329990,5.21
20181212,3174170395,112024702,3286195097,3.41,428445720,24042821,452488541,5.31
20181213,3173929868,110505037,3284434905,3.36,419294747,24221923,443516670,5.46
20181214,3624515524,172279424,3796794948,4.54,419246954,21075088,440322042,4.79
20181215,3345240092,147435376,3492675468,4.22,395492654,20900706,416393360,5.02
20181216,3816981397,212945900,4029927297,5.28,384622456,16107780,400730236,4.02
20181217,3480734723,150766919,3631501642,4.15,404335774,20773063,425108837,4.89
20181218,3149995960,102463931,3252459891,3.15,425883859,24023985,449907844,5.34
20181219,3145880971,104020157,3249901128,3.2,428390970,24872236,453263206,5.49
20181220,3122958647,106299729,3229258376,3.29,436055415,25237718,461293133,5.47
20181221,3685549488,180173185,3865722673,4.66,431946135,20934319,452880454,4.62
20181222,3315315831,153073159,3468388990,4.41,400654328,20776447,421430775,4.93
20181223,3715235119,208042153,3923277272,5.3,386325957,16290962,402616919,4.05
20181224,3095381469,124407465,3219788934,3.86,396367619,20993368,417360987,5.03
20181225,2859205456,96947930,2956153386,3.28,406479768,23293113,429772881,5.42
20181226,3026651172,107535060,3134186232,3.43,429666109,23899477,453565586,5.27
20181227,3107646055,113179075,3220825130,3.51,426520235,24352537,450872772,5.4
20181228,3786746033,187652013,3974398046,4.72,425571170,19646765,445217935,4.41
20181229,3381410081,161917730,3543327811,4.57,407701556,20010068,427711624,4.68
20181230,3770332802,215191853,3985524655,5.4,392268619,16229487,408498106,3.97
20181231,3047719724,136574541,3184294265,4.29,403779511,21477132,425256643,5.05
20190101,2798464388,110876614,2909341002,3.81,391253792,22100612,413354404,5.35
20190102,3081572396,119810660,3201383056,3.74,428062022,23152608,451214630,5.13
20190103,3168552557,126434152,3294986709,3.84,435106781,23634435,458741216,5.15
20190104,3812816193,206521448,4019337641,5.14,440230717,19696564,459927281,4.28
20190105,3384276274,177728821,3562005095,4.99,422287065,19092327,441379392,4.33
20190106,3783192283,221703860,4004896143,5.54,421706229,16260242,437966471,3.71
20190107,3156276962,141865678,3298142640,4.3,442913835,22631510,465545345,4.86
20190108,3676454570,135519198,3811973768,3.56,446875510,23460489,470335999,4.99
20190109,3310822180,135935702,3446757882,3.94,465796407,23987894,489784301,4.9
20190110,3287572671,135813180,3423385851,3.97,451888722,24493062,476381784,5.14
20190111,3907888994,199387248,4107276242,4.85,464596222,20714086,485310308,4.27
20190112,3511980653,169545722,3681526375,4.61,453573600,20991883,474565483,4.42
20190113,4095614513,226912201,4322526714,5.25,470108705,16920336,487029041,3.47
20190114,3649228424,166435834,3815664258,4.36,526039108,22258278,548297386,4.06
20190115,3352680761,131689118,3484369879,3.78,471177736,23542476,494720212,4.76
20190116,3493795079,133805504,3627600583,3.69,513330870,23504459,536835329,4.38
20190117,3379158213,138569912,3517728125,3.94,511439828,24309444,535749272,4.54
20190118,3647722366,194627393,3842349759,5.07,512885616,21429987,534315603,4.01
20190119,3338348256,172005280,3510353536,4.9,502903617,20418724,523322341,3.9
20190120,3726822137,212839446,3939661583,5.4,491642157,18488014,510130171,3.62
20190121,3960069470,238505629,4198575099,5.68,519551200,18366411,537917611,3.41
20190122,3314112187,142967814,3457080001,4.14,523760677,24327350,548088027,4.44
20190123,3428127183,148931420,3577058603,4.16,535449664,23660207,559109871,4.23
20190124,3485627886,146221979,3631849865,4.03,529690817,22529625,552220442,4.08
20190125,3814290748,221815430,4036106178,5.5,519073760,20668580,539742340,3.83
20190126,3522495251,237029617,3759524868,6.3,505085798,21302076,526387874,4.05
20190127,4164040699,301516114,4465556813,6.75,498304240,16086299,514390539,3.13
20190128,3615528852,214936976,3830465828,5.61,541621844,22416375,564038219,3.97
20190129,3522781469,198086248,3720867717,5.32,523246032,23970304,547216336,4.38
20190130,3465579779,195397128,3660976907,5.34,534573222,25974185,560547407,4.63
20190131,3563802447,193234623,3757037070,5.14,534667510,24989214,559656724,4.47
20190201,4170482892,264816778,4435299670,5.97,481617308,19019997,500637305,3.8
20190202,3578457529,233759603,3812217132,6.13,453305585,19269007,472574592,4.08
20190203,4080531688,286975580,4367507268,6.57,441401765,14855567,456257332,3.26
20190204,3724153239,225949301,3950102540,5.72,470813248,18585121,489398369,3.8
20190205,3353423576,195224731,3548648307,5.5,464354474,20481500,484835974,4.22
20190206,3361494925,195578198,3557073123,5.5,474618835,20821679,495440514,4.2
20190207,3410369976,188120525,3598490501,5.23,470292869,21933633,492226502,4.46
20190208,3997397467,268508861,4265906328,6.29,475964320,19828043,495792363,4.0
20190209,3489790834,212779700,3702570534,5.75,457730411,18788203,476518614,3.94
20190210,4181734737,295125090,4476859827,6.59,445541995,14864649,460406644,3.23
20190211,3844233757,227667813,4071901570,5.59,469302103,20263097,489565200,4.14
20190212,3649946726,201852943,3851799669,5.24,500086796,23186529,523273325,4.43
20190213,3661765409,192332895,3854098304,4.99,540313407,23473842,563787249,4.16
20190214,3610120003,190206076,3800326079,5.0,510053440,23443740,533497180,4.39
20190215,4214597910,272830269,4487428179,6.08,509773702,19131551,528905253,3.62
20190216,3538852569,218064338,3756916907,5.8,491769534,18896862,510666396,3.7
20190217,4232608170,287651732,4520259902,6.36,478037410,15209434,493246844,3.08
20190218,3831469073,206091365,4037560438,5.1,482746591,19782629,502529220,3.94
20190219,3669531189,172735579,3842266768,4.5,495966946,23590646,519557592,4.54
20190220,3779090791,172796673,3951887464,4.37,523329104,23836983,547166087,4.36
20190221,3542989640,167858672,3710848312,4.52,499812320,22999694,522812014,4.4
20190222,4120819607,256654810,4377474417,5.86,499498459,19134055,518632514,3.69
20190223,3535794950,208097701,3743892651,5.56,496039200,20318186,516357386,3.93
20190224,4289309892,283164875,4572474767,6.19,480642683,15992042,496634725,3.22
20190225,3934204057,218262166,4152466223,5.26,500084321,20296103,520380424,3.9
20190226,3631090246,177811715,3808901961,4.67,506068312,23190561,529258873,4.38
20190227,3670096215,184324446,3854420661,4.78,500294991,22497142,522792133,4.3
20190228,3574549946,173033211,3747583157,4.62,510396782,23007587,533404369,4.31
20190301,4203129698,269266569,4472396267,6.02,530891630,19201741,550093371,3.49
20190302,3712012615,222013796,3934026411,5.64,517655846,20772452,538428298,3.86
20190303,4243039209,281235852,4524275061,6.22,487705919,16522711,504228630,3.28
20190304,4062930226,218547612,4281477838,5.1,504380499,20537188,524917687,3.91
20190305,3714728485,182777181,3897505666,4.69,527424237,24121379,551545616,4.37
20190306,3812321760,176974540,3989296300,4.44,521644190,23566513,545210703,4.32
20190307,3775427026,174773439,3950200465,4.42,515172681,23785948,538958629,4.41
20190308,4354707509,280130427,4634837936,6.04,525458004,19440002,544898006,3.57
20190309,3697023681,217536480,3914560161,5.56,518558727,20447994,539006721,3.79
20190310,4413713772,314522883,4728236655,6.65,538168370,16175802,554344172,2.92
20190311,4177856215,239204423,4417060638,5.42,551380013,20001035,571381048,3.5
20190312,3748060301,198154227,3946214528,5.02,559110226,24214416,583324642,4.15
20190313,4008233949,205711536,4213945485,4.88,572617753,24119750,596737503,4.04
20190314,3866300189,182705031,4049005220,4.51,556730990,24524602,581255592,4.22
20190315,3838405318,184962575,4023367893,4.6,551340405,24520950,575861355,4.26
20190316,3507789776,190535987,3698325763,5.15,544537520,23132776,567670296,4.08
20190317,3424304789,188515686,3612820475,5.22,531107062,22053454,553160516,3.99
20190318,3804322332,207101958,4011424290,5.16,536313885,23148162,559462047,4.14
20190319,3703758712,211512344,3915271056,5.4,529589791,23251641,552841432,4.21
20190320,3796154428,207489373,4003643801,5.18,552454313,24600899,577055212,4.26
20190321,3836965626,205956349,4042921975,5.09,548388090,25346396,573734486,4.42
20190322,3722417994,198806864,3921224858,5.07,530642092,25266574,555908666,4.55
20190323,3380113246,188554650,3568667896,5.28,502122519,23604139,525726658,4.49
20190324,3263182757,185628583,3448811340,5.38,516011108,22766654,538777762,4.23
20190325,3706305011,210756588,3917061599,5.38,529104617,23358489,552463106,4.23
20190326,3677288867,196155771,3873444638,5.06,527479452,24083790,551563242,4.37
20190327,3665757266,200458432,3866215698,5.18,534243162,24022542,558265704,4.3
20190328,3623033261,189763978,3812797239,4.98,526305375,24598006,550903381,4.47
20190329,3606814936,189595753,3796410689,4.99,505535248,24233855,529769103,4.57
20190330,3181328996,180361838,3361690834,5.37,498740167,23011758,521751925,4.41
20190331,3054734626,172285151,3227019777,5.34,495043173,22416745,517459918,4.33
20190401,3577738302,191427937,3769166239,5.08,524249186,23858318,548107504,4.35
20190402,3625839853,189554424,3815394277,4.97,512108508,23161197,535269705,4.33
20190403,3607503371,190429952,3797933323,5.01,511074017,23493144,534567161,4.39
20190404,3670754996,191586200,3862341196,4.96,503562330,24518380,528080710,4.64
20190405,3583573457,191817144,3775390601,5.08,532101615,24134917,556236532,4.34
20190406,3240256344,187867532,3428123876,5.48,522726612,22998243,545724855,4.21
20190407,3163834448,176817178,3340651626,5.29,501233093,22491030,523724123,4.29
20190408,3549777489,188016901,3737794390,5.03,516048602,22930763,538979365,4.25
20190409,3586592346,191790894,3778383240,5.08,539973986,24213452,564187438,4.29
20190410,3650613871,192515122,3843128993,5.01,548571502,25038151,573609653,4.37
20190411,3578809673,186836310,3765645983,4.96,513677017,25091559,538768576,4.66
20190412,3642374438,204370052,3846744490,5.31,509846839,26155116,536001955,4.88
20190413,3369137069,184513104,3553650173,5.19,506686478,26085030,532771508,4.9
20190414,3291977336,180790582,3472767918,5.21,498589633,26348073,524937706,5.02
20190415,3707171975,204385642,3911557617,5.23,547314276,25175426,572489702,4.4
20190416,3618199360,224743918,3842943278,5.85,515017222,26195351,541212573,4.84
20190417,3637217855,226859818,3864077673,5.87,529788213,26398978,556187191,4.75
20190418,3690064625,224112307,3914176932,5.73,517990076,28599662,546589738,5.23
20190419,3341031902,211433681,3552465583,5.95,491545914,26545598,518091512,5.12
20190420,3168172381,213825816,3381998197,6.32,479347538,24540447,503887985,4.87
20190421,3147365298,222311879,3369677177,6.6,493095772,22708657,515804429,4.4
20190422,3487548267,226499982,3714048249,6.1,504108730,27602586,531711316,5.19
20190423,3615109871,233547289,3848657160,6.07,499282220,27112168,526394388,5.15
20190424,3561472836,228994928,3790467764,6.04,491537254,27286227,518823481,5.26
20190425,3457529846,202871080,3660400926,5.54,495471782,28113613,523585395,5.37
20190426,3580533698,220001060,3800534758,5.79,511737192,29088590,540825782,5.38
20190427,3237176244,194877481,3432053725,5.68,432234533,25558966,457793499,5.58
20190429,3403438035,178636850,3582074885,4.99,397676231,25187848,422864079,5.96
20190430,4103077029,215463723,4318540752,4.99,480555847,26843840,507399687,5.29
20190501,3716589303,197716259,3914305562,5.05,502719976,25279860,527999836,4.79
20190502,3646393377,199453885,3845847262,5.19,499363370,24495814,523859184,4.68
20190503,3715246942,205294408,3920541350,5.24,487634786,24568210,512202996,4.8
20190504,3368148183,203115557,3571263740,5.69,514078502,24472833,538551335,4.54
20190505,3238962375,190150320,3429112695,5.55,495534039,26327083,521861122,5.04
20190506,3571232990,203554640,3774787630,5.39,479984704,27216747,507201451,5.37
20190507,3709565271,211978385,3921543656,5.41,493666648,26422949,520089597,5.08
20190508,3715502963,215995703,3931498666,5.49,497915198,26152616,524067814,4.99
20190509,3582994728,208711359,3791706087,5.5,490963151,25383982,516347133,4.92
20190510,3563809615,212875476,3776685091,5.64,497649533,26214538,523864071,5.0
20190511,3311619975,194873180,3506493155,5.56,488401497,24684456,513085953,4.81
20190512,3281442086,189091270,3470533356,5.45,463482661,24382156,487864817,5.0
20190513,3610548362,209131943,3819680305,5.48,500639637,26136519,526776156,4.96
20190514,3648173137,210920867,3859094004,5.47,505232757,26927543,532160300,5.06
20190515,3984884123,216906654,4201790777,5.16,520033610,26980153,547013763,4.93
20190516,3899568343,219132022,4118700365,5.32,539146151,25985665,565131816,4.6
20190517,3636509359,212177643,3848687002,5.51,533393763,24548766,557942529,4.4
20190518,3350505609,206439298,3556944907,5.8,501745756,23895218,525640974,4.55
20190519,3265181039,191866878,3457047917,5.55,494925745,23880653,518806398,4.6
20190520,3730570413,220712568,3951282981,5.59,506016964,25832230,531849194,4.86
20190521,3769322205,220109695,3989431900,5.52,517960704,26598465,544559169,4.88
20190522,3649668131,217698512,3867366643,5.63,486020408,25392765,511413173,4.97
20190523,3572425576,219198700,3791624276,5.78,472878187,24770443,497648630,4.98
20190524,3453477546,219970899,3673448445,5.99,459507163,25678456,485185619,5.29
20190525,3090705638,219203485,3309909123,6.62,435527346,23200755,458728101,5.06
20190526,3004071658,206366548,3210438206,6.43,431431983,23069674,454501657,5.08
20190527,3299777021,223463170,3523240191,6.34,442989194,24852341,467841535,5.31
20190528,3558099236,226574065,3784673301,5.99,473569164,26024235,499593399,5.21
20190529,3706665701,234303944,3940969645,5.95,483581408,27059441,510640849,5.3
20190530,3523864171,221905272,3745769443,5.92,482005501,26251100,508256601,5.16
20190531,3511376435,228394252,3739770687,6.11,475796809,26850042,502646851,5.34
20190601,3208000253,211464689,3419464942,6.18,471819729,24995789,496815518,5.03
20190602,2957422736,203729104,3161151840,6.44,465467530,24601328,490068858,5.02
20190603,3359675925,218163572,3577839497,6.1,483723067,27087543,510810610,5.3
20190604,3576553370,220791397,3797344767,5.81,496132937,27147199,523280136,5.19
20190605,3483910316,233159185,3717069501,6.27,508220060,28291018,536511078,5.27
20190606,3448153570,222295847,3670449417,6.06,502438075,27917543,530355618,5.26
20190607,3410156656,223444654,3633601310,6.15,504800594,27376308,532176902,5.14
20190608,3151785471,218036118,3369821589,6.47,535667091,26665803,562332894,4.74
20190609,3082805569,214347504,3297153073,6.5,529188962,27084437,556273399,4.87
20190610,3434784379,218865477,3653649856,5.99,538895448,27176531,566071979,4.8
20190611,3543016468,229763529,3772779997,6.09,544204995,28008432,572213427,4.89
20190612,3586469595,230598057,3817067652,6.04,547410632,28706719,576117351,4.98
20190613,3685334206,241545440,3926879646,6.15,531129122,28873550,560002672,5.16
20190614,3409953801,221813160,3631766961,6.11,544223380,27967006,572190386,4.89
20190615,3300249135,225441745,3525690880,6.39,550454424,27030656,577485080,4.68
20190616,3230515061,226687603,3457202664,6.56,517921324,27286364,545207688,5.0
20190617,3515650498,237209997,3752860495,6.32,533141941,29066199,562208140,5.17
20190618,3544363731,253222899,3797586630,6.67,531103883,28927985,560031868,5.17
20190619,3551199312,261637156,3812836468,6.86,491344231,28346108,519690339,5.45
20190620,3566482892,263438201,3829921093,6.88,558771819,30334087,589105906,5.15
20190621,3434239208,253183162,3687422370,6.87,541516811,30668332,572185143,5.36
20190622,3255649809,234651521,3490301330,6.72,485632583,25870178,511502761,5.06
20190623,3144168311,222731983,3366900294,6.62,490459773,26160179,516619952,5.06
20190624,3517140862,251566975,3768707837,6.68,525438036,29368865,554806901,5.29
20190625,3446272121,242634329,3688906450,6.58,545167689,30527522,575695211,5.3
20190626,3463245214,246849695,3710094909,6.65,529549762,30560456,560110218,5.46
20190627,3506268083,258463629,3764731712,6.87,558004797,31573721,589578518,5.36
20190628,3446836304,243937739,3690774043,6.61,526059786,29498426,555558212,5.31
20190629,3020123525,228473719,3248597244,7.03,541665197,29488824,571154021,5.16
20190630,3144737402,235811239,3380548641,6.98,524587740,27721493,552309233,5.02
20190701,3467112581,240278656,3707391237,6.48,566579159,29337113,595916272,4.92
20190702,3382635112,255870116,3638505228,7.03,565303424,31305871,596609295,5.25
20190703,3423602315,250059470,3673661785,6.81,552113380,28563776,580677156,4.92
20190704,3294115481,240420695,3534536176,6.8,533669626,28326205,561995831,5.04
20190705,3506344023,246358841,3752702864,6.56,526670315,28402506,555072821,5.12
20190706,3465845444,242630923,3708476367,6.54,515399601,26328292,541727893,4.86
20190707,2903101794,226281167,3129382961,7.23,505439416,26550559,531989975,4.99
20190708,3313254425,247220253,3560474678,6.94,571874986,33874085,605749071,5.59
20190709,3297616908,265048780,3562665688,7.44,559478668,29578785,589057453,5.02
20190710,3336767751,255369569,3592137320,7.11,545446054,30058974,575505028,5.22
20190711,3368680411,243902020,3612582431,6.75,542004962,31827642,573832604,5.55
20190712,3317919409,238474210,3556393619,6.71,523874687,30627064,554501751,5.52
20190713,3044184111,225354852,3269538963,6.89,494739449,28314104,523053553,5.41
20190714,2987231346,229595527,3216826873,7.14,497689449,28006499,525695948,5.33
20190715,3313425349,244976627,3558401976,6.88,512711882,29881239,542593121,5.51
20190716,3314710372,237596669,3552307041,6.69,507793808,32006587,539800395,5.93
20190717,3356165978,244073788,3600239766,6.78,518643734,31292773,549936507,5.69
20190718,3369412371,250495531,3619907902,6.92,508065593,30924291,538989884,5.74
20190719,3294922548,244761652,3539684200,6.91,513190182,29669035,542859217,5.47
20190720,3034789242,230441272,3265230514,7.06,485064937,27678586,512743523,5.4
20190721,3011508253,231425245,3242933498,7.14,480107942,29423563,509531505,5.77
20190722,3366772575,258834757,3625607332,7.14,504986930,32076108,537063038,5.97
20190723,3434850665,262956876,3697807541,7.11,522641566,32594874,555236440,5.87
20190724,3325997145,253994784,3579991929,7.09,538735329,33780895,572516224,5.9
20190725,3494478863,267918990,3762397853,7.12,518198694,34000196,552198890,6.16
20190726,3431201549,264695833,3695897382,7.16,494497870,31987385,526485255,6.08
20190727,3030847431,252469269,3283316700,7.69,490634235,30895956,521530191,5.92
20190728,2994839623,247324963,3242164586,7.63,490303390,31330847,521634237,6.01
20190729,3387015748,270287647,3657303395,7.39,502932063,32816518,535748581,6.13
20190730,3568964943,275714962,3844679905,7.17,525813788,33415685,559229473,5.98
20190731,3591839834,278588465,3870428299,7.2,537530412,33441082,570971494,5.86
20190801,3695116999,285834828,3980951827,7.18,580536193,35261634,615797827,5.73
20190802,3675039579,296737123,3971776702,7.47,604900082,34912946,639813028,5.46
20190803,3401017514,285106229,3686123743,7.73,589297625,38082058,627379683,6.07
20190804,3421041755,281130915,3702172670,7.59,602053131,34444161,636497292,5.41
20190805,3653648929,299501171,3953150100,7.58,597979769,35223281,633203050,5.56
20190806,3581244206,297900957,3879145163,7.68,584971282,34737835,619709117,5.61
20190807,3062801950,213163933,3275965883,6.51,556005579,32363355,588368934,5.5
20190808,3104255150,215961369,3320216519,6.5,567544990,35214918,602759908,5.84
20190809,3091177896,210608921,3301786817,6.38,567510538,34228441,601738979,5.69
20190810,3248680055,254407069,3503087124,7.26,601247569,34194749,635442318,5.38
20190811,3127586907,244820602,3372407509,7.26,595548497,33875585,629424082,5.38
20190812,2020573680,120571827,2141145507,5.63,614636720,37848834,652485554,5.8
20190813,3476879333,257101025,3733980358,6.89,615858251,36700325,652558576,5.62
20190814,3588837560,290993334,3879830894,7.5,710298444,46819295,757117739,6.18
20190815,4471646713,348959810,4820606523,7.24,974982858,95342396,1070325254,8.91
20190816,4444185802,336657000,4780842802,7.04,907792139,68302232,976094371,7.0
20190817,3210106251,262727833,3472834084,7.57,628672081,32898801,661570882,4.97
20190818,3056508054,260847266,3317355320,7.86,606966508,31149316,638115824,4.88
20190819,3511842828,277520715,3789363543,7.32,637404643,35555628,672960271,5.28
20190820,3555097774,284809294,3839907068,7.42,653709914,36889487,690599401,5.34
20190821,3601356704,289214130,3890570834,7.43,639388894,36752757,676141651,5.44
20190822,3580117321,288783356,3868900677,7.46,664249858,37522239,701772097,5.35
20190823,3624917487,301566378,3926483865,7.68,671623433,39694792,711318225,5.58
20190824,3236531587,256593838,3493125425,7.35,575426371,32638439,608064810,5.37
20190825,3185012935,251286223,3436299158,7.31,555915850,31876505,587792355,5.42
20190826,3405227008,260170740,3665397748,7.1,582200682,32708410,614909092,5.32
20190827,3545245200,263678375,3808923575,6.92,612006362,33978920,645985282,5.26
20190828,3535226404,213305035,3748531439,5.69,611702238,32399701,644101939,5.03
20190829,3577615660,219806418,3797422078,5.79,591384199,30482316,621866515,4.9
20190830,3438256952,216180551,3654437503,5.92,604498953,30222206,634721159,4.76
20190831,3056524230,202546155,3259070385,6.21,592027553,29565253,621592806,4.76
20190901,2999354135,199495651,3198849786,6.24,552186142,29058562,581244704,5.0
20190902,3400575612,217081915,3617657527,6.0,564859858,30498708,595358566,5.12
20190903,3494537136,229142300,3723679436,6.15,576802152,30523700,607325852,5.03
20190904,3459783524,221700942,3681484466,6.02,534549234,33925245,568474479,5.97
20190905,3417128734,216946562,3634075296,5.97,565659922,33611455,599271377,5.61
20190906,3512087804,214976130,3727063934,5.77,569991363,32669660,602661023,5.42
20190907,3255132110,212180593,3467312703,6.12,555566376,32065175,587631551,5.46
20190908,3200290009,216064744,3416354753,6.32,573627561,37124202,610751763,6.08
20190909,3450638226,216345406,3666983632,5.9,578650070,34148240,612798310,5.57
20190910,3398481766,215297840,3613779606,5.96,583287465,31856768,615144233,5.18
20190911,3437203454,216324118,3653527572,5.92,590238879,32983189,623222068,5.29
20190912,3428576813,209891950,3638468763,5.77,563906016,32668704,596574720,5.48
20190913,3338807362,213357651,3552165013,6.01,577204810,31087433,608292243,5.11
20190914,3151643682,211751380,3363395062,6.3,574822236,30502012,605324248,5.04
20190915,3095112008,205534787,3300646795,6.23,564732092,31453606,596185698,5.28
20190916,3394323908,208280757,3602604665,5.78,590351407,32387831,622739238,5.2
20190917,3481375770,213362893,3694738663,5.77,606758923,31990299,638749222,5.01
20190918,3549299014,197682462,3746981476,5.28,645247209,34986693,680233902,5.14
20190919,3526300114,210566254,3736866368,5.63,640101508,34923387,675024895,5.17
20190920,3460663548,208520102,3669183650,5.68,637660831,34965416,672626247,5.2
20190921,3247510726,201733545,3449244271,5.85,618231489,33504458,651735947,5.14
20190922,3164707934,205959410,3370667344,6.11,591680027,30546796,622226823,4.91
20190923,3476270072,207027964,3683298036,5.62,642132991,36487295,678620286,5.38
20190924,3548780954,210223331,3759004285,5.59,644127438,35668028,679795466,5.25
20190925,3519709304,215699226,3735408530,5.77,660482494,35860188,696342682,5.15
20190926,3522359699,222573187,3744932886,5.94,649223489,35078117,684301606,5.13
20190927,3478380309,212320810,3690701119,5.75,659040903,34882938,693923841,5.03
20190928,3155601891,204556584,3360158475,6.09,623647606,36687556,660335162,5.56
20190929,3073791795,206680140,3280471935,6.3,582682183,53026551,635708734,8.34
20190930,3328199037,202863468,3531062505,5.75,492578159,35236527,527814686,6.68
20191001,3478562281,224510434,3703072715,6.06,558515102,35169643,593684745,5.92
20191002,3540383801,205977695,3746361496,5.5,712109812,41375764,753485576,5.49
20191003,3571000345,196518147,3767518492,5.22,821587560,76006839,897594399,8.47
20191004,3942724611,178077482,4120802093,4.32,702422759,40007054,742429813,5.39
20191005,4090754776,166099164,4256853940,3.9,708825355,36506118,745331473,4.9
20191006,4183537262,167720745,4351258007,3.85,675842916,36137634,711980550,5.08
20191007,4526410065,180915077,4707325142,3.84,688273876,36074669,724348545,4.98
20191008,3697424812,176174623,3873599435,4.55,679456159,35404527,714860686,4.95
20191009,3708047391,175738081,3883785472,4.52,719168639,37817266,756985905,5.0
20191010,3743669491,168304047,3911973538,4.3,722233835,40018376,762252211,5.25
20191011,3713443499,181397931,3894841430,4.66,931375408,114480015,1045855423,10.95
20191012,3365041014,160264490,3525305504,4.55,701518131,45052828,746570959,6.03
20191013,3226052562,162739597,3388792159,4.8,666675552,43639532,710315084,6.14
20191014,3517663332,173999888,3691663220,4.71,704730447,44672021,749402468,5.96
20191015,3594175664,176760265,3770935929,4.69,737080899,44468532,781549431,5.69
20191016,3622047697,177114139,3799161836,4.66,766964591,56169983,823134574,6.82
20191017,3800798643,201563316,4002361959,5.04,780975300,52530256,833505556,6.3
20191018,4770187849,287051535,5057239384,5.68,1000350549,51532153,1051882702,4.9
20191019,4255614766,184245740,4439860506,4.15,741090915,45946878,787037793,5.84
20191020,4150336859,178197144,4328534003,4.12,705403698,45367573,750771271,6.04
20191021,4318266692,190949147,4509215839,4.23,747418674,49527189,796945863,6.21
20191022,3822744309,195825735,4018570044,4.87,801076987,49303436,850380423,5.8
20191023,3866241162,194716289,4060957451,4.79,825045941,53298057,878343998,6.07
20191024,3784190353,197022171,3981212524,4.95,780827315,50434982,831262297,6.07
20191025,3877805559,200937845,4078743404,4.93,753754148,50294423,804048571,6.26
20191026,3290651939,189291224,3479943163,5.44,733069559,49260976,782330535,6.3
20191027,3197054793,189811451,3386866244,5.6,702790711,46476984,749267695,6.2
20191028,3552576801,202055887,3754632688,5.38,766990345,75749347,842739692,8.99
20191029,3606898707,190338164,3797236871,5.01,719167701,51850301,771018002,6.72
20191030,3587738518,190265835,3778004353,5.04,771992462,85223454,857215916,9.94
20191031,3691717008,203357607,3895074615,5.22,945192303,135801962,1080994265,12.56
20191101,3509032805,184117408,3693150213,4.99,741444307,64769423,806213730,8.03
20191102,3221780478,171593962,3393374440,5.06,669120252,81870952,750991204,10.9
20191103,3081485546,170737204,3252222750,5.25,616859778,65743414,682603192,9.63
20191104,3397206153,182294791,3579500944,5.09,628148108,62117606,690265714,9.0
20191105,3519094680,188404398,3707499078,5.08,645198461,62678068,707876529,8.85
20191106,3500891539,187561559,3688453098,5.09,587458581,61980405,649438986,9.54
