#date,queriesUDP_IPV4,queriesTCP_IPv4,queriesTOTAL_IPv4,ratioTCP_IPv4,queriesUDP_IPV6,queriesTCP_IPv6,queriesTOTAL_IPv6,ratioTCP_IPv6
20150820,2667569174,7256520,2674825694,0.27,134598206,305314,134903520,0.23
20150821,2588531306,6934550,2595465856,0.27,132994932,280862,133275794,0.21
20150822,2226280925,6488087,2232769012,0.29,121407951,268633,121676584,0.22
20150823,2170374363,6411232,2176785595,0.29,121703573,263306,121966879,0.22
20150824,2608157443,7317759,2615475202,0.28,132153053,286658,132439711,0.22
20150825,2640739978,7277574,2648017552,0.27,133193226,294700,133487926,0.22
20150826,2564831572,7497062,2572328634,0.29,133442309,286653,133728962,0.21
20150827,2548507518,7277643,2555785161,0.28,135305030,299483,135604513,0.22
20150828,2593364937,7716692,2601081629,0.3,132503062,272102,132775164,0.2
20150829,2353662100,7052972,2360715072,0.3,123079797,244660,123324457,0.2
20150830,2182379913,7016092,2189396005,0.32,122298382,260274,122558656,0.21
20150831,2569392431,7964323,2577356754,0.31,130911250,286667,131197917,0.22
20150901,2824038888,8085478,2832124366,0.29,138095118,277433,138372551,0.2
20150902,2805934519,7928234,2813862753,0.28,138591252,285235,138876487,0.21
20150903,2638053169,7688511,2645741680,0.29,137875466,267770,138143236,0.19
20150904,2547201562,7675956,2554877518,0.3,135148854,303584,135452438,0.22
20150905,2350732510,7222423,2357954933,0.31,124774551,265496,125040047,0.21
20150906,2331145350,7224781,2338370131,0.31,121489316,257999,121747315,0.21
20150907,2662543151,8100665,2670643816,0.3,130570827,282663,130853490,0.22
20150908,2714706027,8337110,2723043137,0.31,136268147,299910,136568057,0.22
20150909,2917912185,8355636,2926267821,0.29,140157188,296808,140453996,0.21
20150910,2902284276,8172536,2910456812,0.28,138873287,299734,139173021,0.22
20150911,2738037651,7998759,2746036410,0.29,139151400,298572,139449972,0.21
20150912,2652692098,7500241,2660192339,0.28,128570270,259323,128829593,0.2
20150913,2597512875,7206153,2604719028,0.28,125583057,264555,125847612,0.21
20150914,2668759231,8058171,2676817402,0.3,135085503,300161,135385664,0.22
20150915,2715512482,8300315,2723812797,0.3,141781442,299588,142081030,0.21
20150916,2828366673,8112220,2836478893,0.29,144149382,269180,144418562,0.19
20150917,2836933830,7878181,2844812011,0.28,140319723,302706,140622429,0.22
20150918,2697139106,8128354,2705267460,0.3,139016529,293658,139310187,0.21
20150919,2411641812,7009833,2418651645,0.29,130380851,298780,130679631,0.23
20150920,2558285659,6827427,2565113086,0.27,130613758,303291,130917049,0.23
20150921,2821831110,8087149,2829918259,0.29,138977589,302272,139279861,0.22
20150922,2619063061,8593795,2627656856,0.33,142632681,295106,142927787,0.21
20150923,2615511639,8423161,2623934800,0.32,142007085,278427,142285512,0.2
20150924,2753670292,8596259,2762266551,0.31,143278976,299770,143578746,0.21
20150925,2822708553,7992187,2830700740,0.28,142312027,307203,142619230,0.22
20150926,2284668659,7466837,2292135496,0.33,128933645,269582,129203227,0.21
20150927,2279496056,7269864,2286765920,0.32,128441447,271534,128712981,0.21
20150928,2764850583,8315359,2773165942,0.3,143856349,297002,144153351,0.21
20150929,2873119329,8243427,2881362756,0.29,142036394,301206,142337600,0.21
20150930,2763537402,7388353,2770925755,0.27,138979863,253854,139233717,0.18
20151001,2725099596,7824877,2732924473,0.29,136952512,291117,137243629,0.21
20151002,2782017980,8411586,2790429566,0.3,136979165,275982,137255147,0.2
20151003,2475760058,7465900,2483225958,0.3,129267977,258179,129526156,0.2
20151004,2346085828,7438040,2353523868,0.32,128162523,281088,128443611,0.22
20151005,2781630254,8015378,2789645632,0.29,139989620,281427,140271047,0.2
20151006,2855804468,8262407,2864066875,0.29,142409601,317024,142726625,0.22
20151007,2851346944,8326008,2859672952,0.29,139686393,304450,139990843,0.22
20151008,2808011347,8685227,2816696574,0.31,140109803,297195,140406998,0.21
20151009,2795847767,8574108,2804421875,0.31,141193676,308055,141501731,0.22
20151010,2608501389,8178354,2616679743,0.31,132016211,275286,132291497,0.21
20151011,2560874213,7877129,2568751342,0.31,130703169,282885,130986054,0.22
20151012,2774754192,8617827,2783372019,0.31,142036967,283755,142320722,0.2
20151013,2816423858,9074819,2825498677,0.32,144817190,314324,145131514,0.22
20151014,2860996512,9358839,2870355351,0.33,146134329,314226,146448555,0.21
20151015,2886010659,9964183,2895974842,0.34,147566426,315587,147882013,0.21
20151016,2824791298,9970042,2834761340,0.35,147603778,316407,147920185,0.21
20151017,2501351533,9797454,2511148987,0.39,136241318,274209,136515527,0.2
20151018,2528663420,9546849,2538210269,0.38,135162075,264243,135426318,0.2
20151019,2883785587,10744909,2894530496,0.37,148599590,303720,148903310,0.2
20151020,2952374370,10437163,2962811533,0.35,148045538,320055,148365593,0.22
20151021,3035254271,10196100,3045450371,0.33,143220102,320123,143540225,0.22
20151022,3056026981,9265288,3065292269,0.3,147445232,299780,147745012,0.2
20151023,2890094286,8716745,2898811031,0.3,148859482,307897,149167379,0.21
20151024,2528218911,7527516,2535746427,0.3,140001879,260547,140262426,0.19
20151025,2472752556,8136473,2480889029,0.33,139286969,272032,139559001,0.19
20151026,2869236287,8752321,2877988608,0.3,151804189,305489,152109678,0.2
20151027,2913693647,8973029,2922666676,0.31,156499399,314111,156813510,0.2
20151028,2973540112,9308778,2982848890,0.31,162344261,301307,162645568,0.19
20151029,2894838815,9264622,2904103437,0.32,155662990,287511,155950501,0.18
20151030,2786360230,8973219,2795333449,0.32,152797727,285320,153083047,0.19
20151031,2511971854,8200678,2520172532,0.33,139301938,249406,139551344,0.18
20151101,2489411431,8100749,2497512180,0.32,141723374,243013,141966387,0.17
20151102,2955110067,8815622,2963925689,0.3,148778589,269040,149047629,0.18
20151103,3017321687,9053435,3026375122,0.3,151854457,283486,152137943,0.19
20151104,3031039481,8475584,3039515065,0.28,151647002,287774,151934776,0.19
20151105,3016512575,8657298,3025169873,0.29,153119219,294526,153413745,0.19
20151106,2907477487,8913305,2916390792,0.31,152065970,280956,152346926,0.18
20151107,2692692500,7944191,2700636691,0.29,140039651,249756,140289407,0.18
20151108,2739375595,8120112,2747495707,0.3,141157319,264951,141422270,0.19
20151109,2992732703,9031241,3001763944,0.3,150021303,276946,150298249,0.18
20151110,3035926078,8769701,3044695779,0.29,158973848,283790,159257638,0.18
20151111,3131807225,9115103,3140922328,0.29,157846911,292599,158139510,0.19
20151112,3242506240,9496099,3252002339,0.29,155463468,281578,155745046,0.18
20151113,2975526596,8834353,2984360949,0.3,160031628,271125,160302753,0.17
20151114,2715655029,8707160,2724362189,0.32,155182846,256506,155439352,0.17
20151115,2931026241,8387248,2939413489,0.29,155307030,257468,155564498,0.17
20151116,3309832097,9362812,3319194909,0.28,162544220,278542,162822762,0.17
20151117,3038829194,9648182,3048477376,0.32,164075618,265481,164341099,0.16
20151118,3003302184,9394622,3012696806,0.31,165301851,270817,165572668,0.16
20151119,3079907639,9207478,3089115117,0.3,162654374,282221,162936595,0.17
20151120,3174454739,9889628,3184344367,0.31,160526251,295028,160821279,0.18
20151121,2925137580,9128980,2934266560,0.31,148378313,260835,148639148,0.18
20151122,2797858084,9305740,2807163824,0.33,148195002,267465,148462467,0.18
20151123,3129056844,9504493,3138561337,0.3,161328977,270131,161599108,0.17
20151124,3207700987,8856521,3216557508,0.28,165842877,286687,166129564,0.17
20151125,3086802446,8475064,3095277510,0.27,162729818,298387,163028205,0.18
20151126,2909780865,9057085,2918837950,0.31,157919938,345485,158265423,0.22
20151127,2936090928,8903813,2944994741,0.3,160276430,334163,160610593,0.21
20151128,2842787782,8493481,2851281263,0.3,149831768,315151,150146919,0.21
20151129,2854769463,8592564,2863362027,0.3,149373071,324695,149697766,0.22
20151130,10041321128,12272309,10053593437,0.12,154117467,1592689,155710156,1.02
20151201,5195156558,46721198,5241877756,0.89,164120376,7058652,171179028,4.12
20151202,2989367357,58767053,3048134410,1.93,167193977,9617901,176811878,5.44
20151203,2391997674,73074970,2465072644,2.96,158159044,7885498,166044542,4.75
20151204,2292544132,68403537,2360947669,2.9,150930704,6809885,157740589,4.32
20151205,2102563803,68077026,2170640829,3.14,145842391,7120639,152963030,4.66
20151206,2315192341,66715664,2381908005,2.8,146122144,7948924,154071068,5.16
20151207,2493771268,70858209,2564629477,2.76,151255523,7059401,158314924,4.46
20151208,2469628498,70702467,2540330965,2.78,151892215,6285475,158177690,3.97
20151209,2528875273,73306789,2602182062,2.82,154184324,5492773,159677097,3.44
20151210,2645442647,78063601,2723506248,2.87,157942888,5381610,163324498,3.3
20151211,2540212758,73433594,2613646352,2.81,152885712,4975243,157860955,3.15
20151212,2230494181,72445616,2302939797,3.15,144243128,5703628,149946756,3.8
20151213,2180122864,76579296,2256702160,3.39,145680623,6267536,151948159,4.12
20151214,2534329032,85948296,2620277328,3.28,155701946,6437350,162139296,3.97
20151215,2616694044,91797040,2708491084,3.39,156972228,5716390,162688618,3.51
20151216,2524678926,91892812,2616571738,3.51,155617129,5363744,160980873,3.33
20151217,2379322314,79036880,2458359194,3.22,156150760,5270596,161421356,3.27
20151218,2483924471,77556214,2561480685,3.03,155484214,6201785,161685999,3.84
20151219,2119413382,73832899,2193246281,3.37,146245594,5590415,151836009,3.68
20151220,2035027191,78725020,2113752211,3.72,144701485,6298680,151000165,4.17
20151221,2182372974,83697034,2266070008,3.69,152861832,5784882,158646714,3.65
20151222,2090232363,76596667,2166829030,3.53,154915043,5738382,160653425,3.57
20151223,2037516446,75669704,2113186150,3.58,155601131,6359499,161960630,3.93
20151224,1894750596,70379246,1965129842,3.58,143790539,3690916,147481455,2.5
20151225,1741261047,63421031,1804682078,3.51,137017956,3771279,140789235,2.68
20151226,1759596067,64553168,1824149235,3.54,135552413,3424276,138976689,2.46
20151227,1780163770,66330525,1846494295,3.59,134690377,3472656,138163033,2.51
20151228,2104732666,75851674,2180584340,3.48,144817439,4305159,149122598,2.89
20151229,2038018170,80064244,2118082414,3.78,149001400,4629416,153630816,3.01
20151230,2047121960,74676763,2121798723,3.52,144820044,3685894,148505938,2.48
20151231,2180789804,74585799,2255375603,3.31,143282171,3941406,147223577,2.68
20160101,1990939960,72270473,2063210433,3.5,139046638,4272188,143318826,2.98
20160102,1967016352,69298518,2036314870,3.4,139008107,4218218,143226325,2.95
20160103,1896655425,69837034,1966492459,3.55,138486744,4220146,142706890,2.96
20160104,2226664030,73844414,2300508444,3.21,145521848,3489040,149010888,2.34
20160105,2232597287,75219034,2307816321,3.26,151561053,4001556,155562609,2.57
20160106,2184554298,76734288,2261288586,3.39,149850275,4044172,153894447,2.63
20160107,2256677906,87268964,2343946870,3.72,160500257,11992279,172492536,6.95
20160108,2291395420,83483341,2374878761,3.52,154933927,9261573,164195500,5.64
20160109,2120164029,85640848,2205804877,3.88,149675576,10728046,160403622,6.69
20160110,1968800010,76699813,2045499823,3.75,144857600,4649930,149507530,3.11
20160111,2239880059,85144910,2325024969,3.66,158935316,8750141,167685457,5.22
20160112,2294468728,89351068,2383819796,3.75,163775624,12445191,176220815,7.06
20160113,2228509780,81448746,2309958526,3.53,162717000,8738997,171455997,5.1
20160114,2228112137,80725787,2308837924,3.5,161493703,6449083,167942786,3.84
20160115,2195355133,75404731,2270759864,3.32,158208285,3998557,162206842,2.47
20160116,1931800273,73239043,2005039316,3.65,148669250,3601645,152270895,2.37
20160117,1970310047,76215683,2046525730,3.72,150216421,4462008,154678429,2.88
20160118,2225773882,90341453,2316115335,3.9,171080824,14628343,185709167,7.88
20160119,2286598179,74915248,2361513427,3.17,165180674,5872543,171053217,3.43
20160120,2266102645,73536673,2339639318,3.14,163501747,4747624,168249371,2.82
20160121,2257263097,69525970,2326789067,2.99,161537029,4279630,165816659,2.58
20160122,2216921391,67255327,2284176718,2.94,158178142,4137191,162315333,2.55
20160123,1931230722,64962457,1996193179,3.25,151096153,4547682,155643835,2.92
20160124,1941432754,64990263,2006423017,3.24,149384881,4444243,153829124,2.89
20160125,2294579194,68834263,2363413457,2.91,158858184,4088017,162946201,2.51
20160126,2334030595,79886946,2413917541,3.31,175221421,14447307,189668728,7.62
20160127,2321237995,83105823,2404343818,3.46,174925675,13604210,188529885,7.22
20160128,2348966015,74165275,2423131290,3.06,166160897,7009515,173170412,4.05
20160129,2347354407,71941630,2419296037,2.97,162888340,4405009,167293349,2.63
20160130,2135931901,68677033,2204608934,3.12,153416613,4423002,157839615,2.8
20160131,2096650009,66949195,2163599204,3.09,154477976,4925303,159403279,3.09
20160201,2536978137,74615093,2611593230,2.86,161683641,4101555,165785196,2.47
20160202,2478997369,74443226,2553440595,2.92,165497912,4506952,170004864,2.65
20160203,2504896458,74815762,2579712220,2.9,167824198,5111696,172935894,2.96
20160204,2477271119,78099717,2555370836,3.06,167123745,4300690,171424435,2.51
20160205,2455224696,75547575,2530772271,2.99,163629996,4019755,167649751,2.4
20160206,2215051071,72221280,2287272351,3.16,153924759,3718857,157643616,2.36
20160207,2168969795,74287955,2243257750,3.31,153902954,4765037,158667991,3.0
20160208,2349805394,74674616,2424480010,3.08,159423288,3756453,163179741,2.3
20160209,2466842742,72586757,2539429499,2.86,165578305,4707058,170285363,2.76
20160210,2550388840,75139892,2625528732,2.86,165502232,4437173,169939405,2.61
20160211,2484143715,74736256,2558879971,2.92,164940082,4682634,169622716,2.76
20160212,2390981170,73112272,2464093442,2.97,161135010,4322911,165457921,2.61
20160213,2201790825,68107458,2269898283,3.0,152175458,3977742,156153200,2.55
20160214,2187732405,69203022,2256935427,3.07,151774931,4524219,156299150,2.89
20160215,2466673584,76675228,2543348812,3.01,160812111,4247858,165059969,2.57
20160216,2513146052,76465815,2589611867,2.95,164543830,4418688,168962518,2.62
20160217,2509099509,77938472,2587037981,3.01,164498720,4490743,168989463,2.66
20160218,2588116247,73310452,2661426699,2.75,167074251,4734465,171808716,2.76
20160219,2544826317,72469852,2617296169,2.77,167177915,5270653,172448568,3.06
20160220,2384569955,73546938,2458116893,2.99,158518448,5815212,164333660,3.54
20160221,2239841241,73290547,2313131788,3.17,155276553,5384364,160660917,3.35
20160222,2531893603,76583537,2608477140,2.94,163269525,5015182,168284707,2.98
20160223,2518149254,74525976,2592675230,2.87,167713707,5100652,172814359,2.95
20160224,2539359234,78270714,2617629948,2.99,170348765,5551438,175900203,3.16
20160225,2569944380,77145043,2647089423,2.91,173327504,5528098,178855602,3.09
20160226,2526948564,75993641,2602942205,2.92,171615362,5233077,176848439,2.96
20160227,2200957018,73164545,2274121563,3.22,163142318,5899735,169042053,3.49
20160228,2184544346,71260050,2255804396,3.16,160903573,5396750,166300323,3.25
20160229,2536058430,78236402,2614294832,2.99,172276805,5703068,177979873,3.2
20160301,2520466167,82697321,2603163488,3.18,180933782,6229359,187163141,3.33
20160302,15231999,245312,15477311,1.58,785944,6280,792224,0.79
20160303,2484717561,70223528,2554941089,2.75,175743657,4901083,180644740,2.71
20160304,2422331748,78145044,2500476792,3.13,179605316,5767638,185372954,3.11
20160305,2196089171,68806001,2264895172,3.04,171641158,5987146,177628304,3.37
20160306,2102018888,65969008,2167987896,3.04,169617797,5574393,175192190,3.18
20160307,2445375924,72339398,2517715322,2.87,179145033,6099775,185244808,3.29
20160308,2572221643,77145356,2649366999,2.91,182635255,6666724,189301979,3.52
20160309,2516516294,77124551,2593640845,2.97,184202002,6421081,190623083,3.37
20160310,2483464331,74075931,2557540262,2.9,182755957,6049956,188805913,3.2
20160311,2443352205,74515282,2517867487,2.96,181030619,6457036,187487655,3.44
20160312,2294704726,70224948,2364929674,2.97,172087121,7294296,179381417,4.07
20160313,2196362598,71133418,2267496016,3.14,170630514,6534347,177164861,3.69
20160314,2465730054,75318195,2541048249,2.96,179528460,6310593,185839053,3.4
20160315,2519424259,73073796,2592498055,2.82,180325770,6777863,187103633,3.62
20160316,2443746581,74423020,2518169601,2.96,179602595,7130243,186732838,3.82
20160317,2459819234,70573468,2530392702,2.79,177749199,5806230,183555429,3.16
20160318,2388354493,71394426,2459748919,2.9,178364020,5812495,184176515,3.16
20160319,2166484762,68294638,2234779400,3.06,166092254,5395144,171487398,3.15
20160320,2212224545,71958952,2284183497,3.15,163725675,5453242,169178917,3.22
20160321,2458972358,77532359,2536504717,3.06,177057902,6224455,183282357,3.4
20160322,2563566625,77505773,2641072398,2.93,183470915,5518279,188989194,2.92
20160323,2553161283,74646797,2627808080,2.84,181861261,4507437,186368698,2.42
20160324,2414409825,68307730,2482717555,2.75,177894974,4303706,182198680,2.36
20160325,2287295347,73086567,2360381914,3.1,173963992,5437713,179401705,3.03
20160326,2189935445,73403312,2263338757,3.24,163063613,4770258,167833871,2.84
20160327,2503603984,72984032,2576588016,2.83,159596608,4774032,164370640,2.9
20160328,2403017258,80264400,2483281658,3.23,169890705,4878770,174769475,2.79
20160329,2552816826,81612913,2634429739,3.1,179499040,5309977,184809017,2.87
20160330,2530823192,83792166,2614615358,3.2,181741435,5604976,187346411,2.99
20160331,2486938929,81155230,2568094159,3.16,179374343,5072917,184447260,2.75
20160401,2553569507,83343578,2636913085,3.16,174097141,4323604,178420745,2.42
20160402,2211888850,75391336,2287280186,3.3,163921843,4924307,168846150,2.92
20160403,2144894604,75197480,2220092084,3.39,161168831,4684005,165852836,2.82
20160404,2354911042,77814289,2432725331,3.2,172566922,4446834,177013756,2.51
20160405,2434399250,81846076,2516245326,3.25,176457320,4857987,181315307,2.68
20160406,2423059541,83330695,2506390236,3.32,179121182,5606206,184727388,3.03
20160407,2510080566,87868684,2597949250,3.38,183754829,5860423,189615252,3.09
20160408,2466264356,86523125,2552787481,3.39,184343636,5149110,189492746,2.72
20160409,2221135225,84887660,2306022885,3.68,173570087,4725301,178295388,2.65
20160410,2175971812,84646801,2260618613,3.74,173421225,4794438,178215663,2.69
20160411,2418035185,90356040,2508391225,3.6,184671317,4743573,189414890,2.5
20160412,2467436370,90000130,2557436500,3.52,186039274,5137826,191177100,2.69
20160413,2441858527,90361994,2532220521,3.57,188184332,5382235,193566567,2.78
20160414,2491286772,94772262,2586059034,3.66,194144852,7216521,201361373,3.58
20160415,2358981283,83056462,2442037745,3.4,185165369,5125164,190290533,2.69
20160416,2203634622,81408132,2285042754,3.56,176097300,5190287,181287587,2.86
20160417,2089195158,77747396,2166942554,3.59,173436029,4864913,178300942,2.73
20160418,2353748916,77381691,2431130607,3.18,180693863,4783082,185476945,2.58
20160419,2361537163,80090239,2441627402,3.28,186706548,5049516,191756064,2.63
20160420,2341109876,72414384,2413524260,3.0,187957954,5594606,193552560,2.89
20160421,2405655864,70898905,2476554769,2.86,199523846,5508220,205032066,2.69
20160422,2334138453,68943284,2403081737,2.87,185767123,4847112,190614235,2.54
20160423,2168955286,63014625,2231969911,2.82,177164440,4617416,181781856,2.54
20160424,2096010726,64899690,2160910416,3.0,178029314,5212146,183241460,2.84
20160425,2571544047,111209455,2682753502,4.15,237992134,21264097,259256231,8.2
20160426,2420107009,72443967,2492550976,2.91,186069770,5486743,191556513,2.86
20160427,2467631533,75106247,2542737780,2.95,190112637,6891532,197004169,3.5
20160428,2576993484,76615090,2653608574,2.89,191149451,6114776,197264227,3.1
20160429,2458171076,69107433,2527278509,2.73,185332097,5163542,190495639,2.71
20160430,2164079507,65852424,2229931931,2.95,175237388,4982289,180219677,2.76
20160501,2141940423,71269273,2213209696,3.22,175259967,5715660,180975627,3.16
20160502,2402985976,70117071,2473103047,2.84,181637704,4905995,186543699,2.63
20160503,2446718505,72535051,2519253556,2.88,190000919,5884177,195885096,3.0
20160504,2568065531,74541691,2642607222,2.82,192490997,6070262,198561259,3.06
20160505,2511520328,72567599,2584087927,2.81,190464257,5587294,196051551,2.85
20160506,2499788202,73880716,2573668918,2.87,188507323,5761686,194269009,2.97
20160507,2207139278,69517995,2276657273,3.05,177645912,5351527,182997439,2.92
20160508,2125687982,70632923,2196320905,3.22,177341001,5553818,182894819,3.04
20160509,2475850099,72321824,2548171923,2.84,186582359,5569133,192151492,2.9
20160510,2674572881,81466086,2756038967,2.96,197035228,7564334,204599562,3.7
20160511,2712927124,77475638,2790402762,2.78,197675681,5982476,203658157,2.94
20160512,2528262069,76626231,2604888300,2.94,195686323,5666370,201352693,2.81
20160513,3155304062,180053821,3335357883,5.4,243889028,19548050,263437078,7.42
20160514,3911376125,364126832,4275502957,8.52,378633878,46389207,425023085,10.91
20160515,3798034620,377445872,4175480492,9.04,368681487,48905526,417587013,11.71
20160516,3748857090,320589346,4069446436,7.88,302531736,25903586,328435322,7.89
20160517,3598859909,254838927,3853698836,6.61,256367579,13312887,269680466,4.94
20160518,3418526789,229347681,3647874470,6.29,242942921,10322771,253265692,4.08
20160519,3353409389,217082436,3570491825,6.08,244277989,10704837,254982826,4.2
20160520,3315273213,212529718,3527802931,6.02,236856243,11357000,248213243,4.58
20160521,2966059802,191462868,3157522670,6.06,208543549,7093859,215637408,3.29
20160522,2853862556,183852800,3037715356,6.05,202474334,7349670,209824004,3.5
20160523,3126143188,186512790,3312655978,5.63,218903306,8968709,227872015,3.94
20160524,3156101429,180972178,3337073607,5.42,221709608,8254355,229963963,3.59
20160525,3059202286,176441068,3235643354,5.45,227340442,8685326,236025768,3.68
20160526,2864861967,154651915,3019513882,5.12,222121305,8146402,230267707,3.54
20160527,2803192737,147375425,2950568162,4.99,220156751,7080367,227237118,3.12
20160528,2534370029,135820285,2670190314,5.09,209378350,7078484,216456834,3.27
20160529,2488653954,132398155,2621052109,5.05,202395986,6265784,208661770,3.0
20160530,2636437844,140764638,2777202482,5.07,208515803,6360284,214876087,2.96
20160531,2793356006,147021564,2940377570,5.0,216721020,6068069,222789089,2.72
20160601,2266933149,114648160,2381581309,4.81,174870600,5432861,180303461,3.01
20160602,2545742014,128894295,2674636309,4.82,205988548,6335503,212324051,2.98
20160603,2660580617,137214427,2797795044,4.9,217072536,5736274,222808810,2.57
20160604,2425180125,132163727,2557343852,5.17,207685236,6112482,213797718,2.86
20160605,2310612344,132888757,2443501101,5.44,204742912,6142332,210885244,2.91
20160606,2557677611,143633486,2701311097,5.32,218271350,7115686,225387036,3.16
20160607,2638832331,142358677,2781191008,5.12,222814686,7120698,229935384,3.1
20160608,2816973540,142049984,2959023524,4.8,227735493,8444691,236180184,3.58
20160609,2645883973,127500088,2773384061,4.6,223203519,8041161,231244680,3.48
20160610,2439068819,122595260,2561664079,4.79,220919230,7053907,227973137,3.09
20160611,2965187,112702,3077889,3.66,270891,382,271273,0.14
20160612,2448885121,117937005,2566822126,4.59,200421363,5997057,206418420,2.91
20160613,2557168652,120405597,2677574249,4.5,214698758,7330826,222029584,3.3
20160614,2513725509,123111242,2636836751,4.67,217889583,6829268,224718851,3.04
20160615,2601669897,122739031,2724408928,4.51,218446455,6903292,225349747,3.06
20160616,2493628313,123571181,2617199494,4.72,228523829,7861146,236384975,3.33
20160617,2387833986,111294242,2499128228,4.45,230711727,7600679,238312406,3.19
20160618,2173209246,106230131,2279439377,4.66,218762177,7371795,226133972,3.26
20160619,2131071385,105485986,2236557371,4.72,212163318,6510870,218674188,2.98
20160620,2412083796,119581258,2531665054,4.72,230854872,7764557,238619429,3.25
20160621,2466206821,121321318,2587528139,4.69,226722794,7275314,233998108,3.11
20160622,2506455763,125660560,2632116323,4.77,236477164,8348072,244825236,3.41
20160623,2480264608,128117995,2608382603,4.91,233502773,8787648,242290421,3.63
20160624,2390732118,118481525,2509213643,4.72,218993167,5450515,224443682,2.43
20160625,1970194364,106441225,2076635589,5.13,202367942,6984874,209352816,3.34
20160626,2035662792,64722348,2100385140,3.08,216412077,2357195,218769272,1.08
20160627,2419765491,75636575,2495402066,3.03,227925294,2664884,230590178,1.16
20160628,2465418299,76323611,2541741910,3.0,241040538,2966371,244006909,1.22
20160629,2457370265,74999108,2532369373,2.96,238187269,3087574,241274843,1.28
20160630,2422456481,76654315,2499110796,3.07,235773913,2812804,238586717,1.18
20160701,2325756781,80304826,2406061607,3.34,228422619,3107838,231530457,1.34
20160702,2163251124,70210081,2233461205,3.14,215015984,2685455,217701439,1.23
20160703,2061070119,67153208,2128223327,3.16,204047349,2595833,206643182,1.26
20160704,2314361461,70639398,2385000859,2.96,215410823,2692924,218103747,1.23
20160705,2446255177,67642252,2513897429,2.69,232692494,2648280,235340774,1.13
20160706,2394947568,72121699,2467069267,2.92,226935073,3662578,230597651,1.59
20160707,2378695073,74745649,2453440722,3.05,217833019,3971812,221804831,1.79
20160708,2313573191,69061758,2382634949,2.9,215065019,2794334,217859353,1.28
20160709,2050908957,63515407,2114424364,3.0,206427239,2214718,208641957,1.06
20160710,2008095222,64195454,2072290676,3.1,204676577,2357753,207034330,1.14
20160711,2433266569,73659505,2506926074,2.94,221545433,2882520,224427953,1.28
20160712,2500845386,76174526,2577019912,2.96,228311419,2906231,231217650,1.26
20160713,2516252977,74447144,2590700121,2.87,221042859,2772712,223815571,1.24
20160714,2478717294,72960312,2551677606,2.86,220285018,2589945,222874963,1.16
20160715,2499594972,75480128,2575075100,2.93,217411450,3030979,220442429,1.37
20160716,2106332550,65321966,2171654516,3.01,203304978,2569818,205874796,1.25
20160717,2014598547,63356490,2077955037,3.05,195950967,2141781,198092748,1.08
20160718,2400931596,73281144,2474212740,2.96,214844244,2451453,217295697,1.13
20160719,2442594046,74115206,2516709252,2.94,217736842,2342629,220079471,1.06
20160720,2426875202,73266435,2500141637,2.93,215807538,2795887,218603425,1.28
20160721,2460593302,70617826,2531211128,2.79,217730109,2912909,220643018,1.32
20160722,2420659212,72208823,2492868035,2.9,215121249,2502082,217623331,1.15
20160723,2151420308,68356356,2219776664,3.08,205337246,3089232,208426478,1.48
20160724,2173596856,68331609,2241928465,3.05,239712428,1984434,241696862,0.82
20160725,2451779229,72222761,2524001990,2.86,212443250,2428676,214871926,1.13
20160726,2421087607,71329661,2492417268,2.86,214159542,2424502,216584044,1.12
20160727,2485649756,73311979,2558961735,2.86,214805352,2357879,217163231,1.09
20160728,2507114115,73281012,2580395127,2.84,213384386,2359591,215743977,1.09
20160729,2378165921,71995631,2450161552,2.94,214241379,2327061,216568440,1.07
20160730,2045693174,62890596,2108583770,2.98,201838336,1941514,203779850,0.95
20160731,2024151764,65494214,2089645978,3.13,202327870,2012494,204340364,0.98
20160801,2374498304,71972695,2446470999,2.94,214477567,2728271,217205838,1.26
20160802,2466161019,73254999,2539416018,2.88,216136835,2607930,218744765,1.19
20160803,2422178428,72815067,2494993495,2.92,214576391,2299194,216875585,1.06
20160804,2420464119,77326368,2497790487,3.1,220193986,2593383,222787369,1.16
20160805,2292183007,70662127,2362845134,2.99,211176914,2308963,213485877,1.08
20160806,2069016101,61166091,2130182192,2.87,198188281,1921726,200110007,0.96
20160807,2001942094,60704917,2062647011,2.94,198099128,2037055,200136183,1.02
20160808,2437608979,70284894,2507893873,2.8,212976305,2389110,215365415,1.11
20160809,2418710983,73394082,2492105065,2.95,211396571,3139431,214536002,1.46
20160810,2390431268,71723405,2462154673,2.91,208191834,2804199,210996033,1.33
20160811,2444485202,75119426,2519604628,2.98,208446465,2804121,211250586,1.33
20160812,2314971914,69830930,2384802844,2.93,218976387,2072860,221049247,0.94
20160813,2050145231,65540330,2115685561,3.1,201197406,1798767,202996173,0.89
20160814,2012196980,68934400,2081131380,3.31,197256468,1913519,199169987,0.96
20160815,2269508534,74822180,2344330714,3.19,211568145,2262739,213830884,1.06
20160816,2344984614,78628153,2423612767,3.24,211752888,2237297,213990185,1.05
20160817,2331324932,78476148,2409801080,3.26,206433838,2257637,208691475,1.08
20160818,2382140218,79932278,2462072496,3.25,205208492,2486486,207694978,1.2
20160819,2266718587,72131122,2338849709,3.08,213487701,2698583,216186284,1.25
20160820,2037802230,72680445,2110482675,3.44,203204534,2725618,205930152,1.32
20160821,2001622146,71515218,2073137364,3.45,199641895,2134671,201776566,1.06
20160822,2341459872,75813272,2417273144,3.14,213875547,2663960,216539507,1.23
20160823,2390071278,80279300,2470350578,3.25,216353201,2879827,219233028,1.31
20160824,2403266650,75729612,2478996262,3.05,217308942,2299619,219608561,1.05
20160825,2409897119,76912232,2486809351,3.09,215287714,2229752,217517466,1.03
20160826,2336805851,70698532,2407504383,2.94,205720095,1986919,207707014,0.96
20160827,2070743932,62415989,2133159921,2.93,192745798,1783525,194529323,0.92
20160828,1998324721,65066710,2063391431,3.15,188888882,1940860,190829742,1.02
20160829,2354764604,69930071,2424694675,2.88,204786452,2231809,207018261,1.08
20160830,2502497650,70683970,2573181620,2.75,208766088,2145324,210911412,1.02
20160831,2565910848,69891774,2635802622,2.65,209518525,2945088,212463613,1.39
20160901,2443217853,68001936,2511219789,2.71,205056728,2253486,207310214,1.09
20160902,2348779661,74786574,2423566235,3.09,202653966,1967356,204621322,0.96
20160903,2096609255,67938653,2164547908,3.14,185638350,1833258,187471608,0.98
20160904,2248336292,70034486,2318370778,3.02,189845477,1842930,191688407,0.96
20160905,2541378110,76652744,2618030854,2.93,203029401,1986808,205016209,0.97
20160906,2694564443,76707931,2771272374,2.77,210102026,1933784,212035810,0.91
20160907,2631989224,73353847,2705343071,2.71,211049902,1996009,213045911,0.94
20160908,2548915546,74694322,2623609868,2.85,209044029,1874708,210918737,0.89
20160909,2496278669,74382281,2570660950,2.89,209277464,1983573,211261037,0.94
20160910,2317437020,84433861,2401870881,3.52,194726213,1935106,196661319,0.98
20160911,2160067223,86884930,2246952153,3.87,192140891,1945271,194086162,1.0
20160912,2545689938,88616224,2634306162,3.36,208528277,2025064,210553341,0.96
20160913,2720253707,92993992,2813247699,3.31,214167600,4300439,218468039,1.97
20160914,2808422771,104124293,2912547064,3.58,234152849,11815866,245968715,4.8
20160915,2762154619,100447802,2862602421,3.51,237296586,11259370,248555956,4.53
20160916,2688838146,100676899,2789515045,3.61,227399965,7760567,235160532,3.3
20160917,2174135339,94554605,2268689944,4.17,214409856,10363049,224772905,4.61
20160918,2169358529,96503499,2265862028,4.26,212308607,12228675,224537282,5.45
20160919,2561431363,99522628,2660953991,3.74,227269536,12025246,239294782,5.03
20160920,2605460411,98432593,2703893004,3.64,238999165,10209389,249208554,4.1
20160921,2792608778,115903060,2908511838,3.98,267531135,7092894,274624029,2.58
20160922,2946350358,136031035,3082381393,4.41,273131740,6884549,280016289,2.46
20160923,2771957136,118600478,2890557614,4.1,259501093,6031295,265532388,2.27
20160924,2560558366,112576581,2673134947,4.21,253771569,7158307,260929876,2.74
20160925,2982029938,119316544,3101346482,3.85,256690067,9370994,266061061,3.52
20160926,3222768336,125340518,3348108854,3.74,263687577,7689773,271377350,2.83
20160927,3206805013,115872453,3322677466,3.49,269950924,8776186,278727110,3.15
20160928,3302367639,112377640,3414745279,3.29,270842737,7263355,278106092,2.61
20160929,3889410183,151496100,4040906283,3.75,302753377,12219237,314972614,3.88
20160930,3645509345,151001443,3796510788,3.98,297933939,10572253,308506192,3.43
20161001,3100058386,141879464,3241937850,4.38,262043088,8020151,270063239,2.97
20161002,2937005550,147306839,3084312389,4.78,252647412,8586474,261233886,3.29
20161003,3394517223,134969507,3529486730,3.82,321782485,9672433,331454918,2.92
20161004,4020686718,87043821,4107730539,2.12,576121597,6572973,582694570,1.13
20161005,3902453359,85759322,3988212681,2.15,568497158,7464046,575961204,1.3
20161006,4041885129,88011291,4129896420,2.13,618301882,10561653,628863535,1.68
20161007,4079578279,96660009,4176238288,2.31,668379782,14685703,683065485,2.15
20161008,3352534162,67533818,3420067980,1.97,584187674,9970670,594158344,1.68
20161009,3351727292,66610797,3418338089,1.95,577393451,9472912,586866363,1.61
20161010,3679652299,77081495,3756733794,2.05,599659897,10432047,610091944,1.71
20161011,3813917765,77087101,3891004866,1.98,626301389,9302765,635604154,1.46
20161012,3860538129,80177910,3940716039,2.03,632241664,9477136,641718800,1.48
20161013,3948818551,83621341,4032439892,2.07,648923670,11674639,660598309,1.77
20161014,3785956202,82282609,3868238811,2.13,668615525,11504900,680120425,1.69
20161015,3401025894,76733811,3477759705,2.21,642588934,13000183,655589117,1.98
20161016,3496537353,76956651,3573494004,2.15,638919422,10830673,649750095,1.67
20161017,3932730112,79780340,4012510452,1.99,663157933,9913049,673070982,1.47
20161018,3801129409,79669570,3880798979,2.05,637361321,11374015,648735336,1.75
20161019,3804388648,81248335,3885636983,2.09,641642887,11771048,653413935,1.8
20161020,3818608591,89679234,3908287825,2.29,635873473,11972173,647845646,1.85
20161021,3865410914,108493424,3973904338,2.73,625358670,10624535,635983205,1.67
20161022,3589082040,102176177,3691258217,2.77,605177057,11848109,617025166,1.92
20161023,3547016401,104188766,3651205167,2.85,599840213,9044252,608884465,1.49
20161024,4038252634,111054520,4149307154,2.68,638420758,11084975,649505733,1.71
20161025,4009331418,108134879,4117466297,2.63,614075575,8280296,622355871,1.33
20161026,4031762626,107535214,4139297840,2.6,576685099,7385083,584070182,1.26
20161027,3998538709,109654833,4108193542,2.67,640358201,8306023,648664224,1.28
20161028,3962887222,111572668,4074459890,2.74,656793553,9820142,666613695,1.47
20161029,3486873876,105988438,3592862314,2.95,644065672,9863199,653928871,1.51
20161030,3476641613,106770274,3583411887,2.98,640509654,9577145,650086799,1.47
20161031,3938191138,103301936,4041493074,2.56,668612534,10466536,679079070,1.54
20161101,4062244716,80276973,4142521689,1.94,686062445,7870533,693932978,1.13
20161102,4303262507,85317145,4388579652,1.94,721193083,9796959,730990042,1.34
20161103,4298503718,74641217,4373144935,1.71,723209385,8882122,732091507,1.21
20161104,4523581172,60927471,4584508643,1.33,722620795,6565646,729186441,0.9
20161105,3911257233,52200523,3963457756,1.32,701266950,5699587,706966537,0.81
20161106,3900420557,51358254,3951778811,1.3,698567572,5945725,704513297,0.84
20161107,4339404264,57491686,4396895950,1.31,722328498,5848781,728177279,0.8
20161108,4438438500,57840547,4496279047,1.29,737818413,6251952,744070365,0.84
20161109,4520069621,58685112,4578754733,1.28,762498596,6285948,768784544,0.82
20161110,4445014312,56590385,4501604697,1.26,760036096,5884450,765920546,0.77
20161111,4296972004,58258091,4355230095,1.34,754393385,6334100,760727485,0.83
20161112,3803141589,55277936,3858419525,1.43,727024370,5969712,732994082,0.81
20161113,3860110567,56157198,3916267765,1.43,734254771,6308948,740563719,0.85
20161114,4218643225,59831863,4278475088,1.4,766561714,6487987,773049701,0.84
20161115,4273246107,56732404,4329978511,1.31,771516575,6130594,777647169,0.79
20161116,4439521066,60240763,4499761829,1.34,779615133,6151356,785766489,0.78
20161117,4438285223,58362209,4496647432,1.3,753410460,6563813,759974273,0.86
20161118,4398217391,57010136,4455227527,1.28,756447338,6829364,763276702,0.89
20161119,3992149387,55093153,4047242540,1.36,736550111,6065539,742615650,0.82
20161120,3878779293,51039956,3929819249,1.3,725634107,6004179,731638286,0.82
20161121,4330653199,58513795,4389166994,1.33,755820934,6372571,762193505,0.84
20161122,4551702007,63381927,4615083934,1.37,779465715,6887645,786353360,0.88
20161123,4467683549,63814868,4531498417,1.41,784950352,6421536,791371888,0.81
20161124,4380852156,59977711,4440829867,1.35,752053295,6227471,758280766,0.82
20161125,4482071892,62603619,4544675511,1.38,772015343,6559480,778574823,0.84
20161126,3916172318,58374655,3974546973,1.47,745764585,6323456,752088041,0.84
20161127,3869238631,54264170,3923502801,1.38,744286185,6804984,751091169,0.91
20161128,4478523006,59096632,4537619638,1.3,796808493,7093831,803902324,0.88
20161129,4512858637,59225993,4572084630,1.3,792013783,5560506,797574289,0.7
20161130,4423440656,55015535,4478456191,1.23,786509022,5201593,791710615,0.66
20161201,4511724710,55980231,4567704941,1.23,766159809,5206984,771366793,0.68
20161202,4489112493,55819753,4544932246,1.23,781236703,5333742,786570445,0.68
20161203,4062859939,51986152,4114846091,1.26,761095807,5172855,766268662,0.68
20161204,3952957064,49864321,4002821385,1.25,761535829,5376239,766912068,0.7
20161205,4488106206,57718257,4545824463,1.27,800338535,5874917,806213452,0.73
20161206,4737098414,61144118,4798242532,1.27,795710956,5868849,801579805,0.73
20161207,4778420462,58164470,4836584932,1.2,807613203,4886235,812499438,0.6
20161208,4683380675,58791730,4742172405,1.24,808882045,5152658,814034703,0.63
20161209,4540966108,57304877,4598270985,1.25,812048580,5676277,817724857,0.69
20161210,4016096436,52485646,4068582082,1.29,807499168,5219615,812718783,0.64
20161211,3984276421,51587999,4035864420,1.28,795052464,5577500,800629964,0.7
20161212,4620670802,61817947,4682488749,1.32,820320472,5778570,826099042,0.7
20161213,4780742490,66513043,4847255533,1.37,854195723,5513804,859709527,0.64
20161214,4925862536,66674067,4992536603,1.34,837160231,5220342,842380573,0.62
20161215,4780212666,64106309,4844318975,1.32,828742085,5032303,833774388,0.6
20161216,4611720917,61885622,4673606539,1.32,819011561,4875343,823886904,0.59
20161217,3969526226,59382710,4028908936,1.47,763109990,4788123,767898113,0.62
20161218,3863454877,56678011,3920132888,1.45,751684946,4371213,756056159,0.58
20161219,4397804136,63453339,4461257475,1.42,805030292,4966754,809997046,0.61
20161220,4635401121,63118049,4698519170,1.34,820098283,5105079,825203362,0.62
20161221,4576155912,60998276,4637154188,1.32,803142190,4904398,808046588,0.61
20161222,4474028912,60772097,4534801009,1.34,796647418,4680190,801327608,0.58
20161223,4220601622,61313331,4281914953,1.43,780117270,4868782,784986052,0.62
20161224,3839704963,61303057,3901008020,1.57,755492223,4608041,760100264,0.61
20161225,3834391975,64151266,3898543241,1.65,755205497,4699427,759904924,0.62
20161226,3955471579,63172526,4018644105,1.57,778090086,5498298,783588384,0.7
20161227,4126093750,63641321,4189735071,1.52,786950999,5152371,792103370,0.65
20161228,4201031686,62240057,4263271743,1.46,787975561,5654982,793630543,0.71
20161229,4256682255,58735924,4315418179,1.36,783361679,5134938,788496617,0.65
20161230,4212781335,55877371,4268658706,1.31,769716678,4653374,774370052,0.6
20161231,4022689769,56274507,4078964276,1.38,757135648,4440461,761576109,0.58
20170101,3939441268,61124114,4000565382,1.53,745109888,4878400,749988288,0.65
20170102,4159545526,60001741,4219547267,1.42,767057653,4813299,771870952,0.62
20170103,4334600739,64623183,4399223922,1.47,787503621,5028172,792531793,0.63
20170104,3947944440,59307368,4007251808,1.48,701933600,4133957,706067557,0.59
20170105,4315884296,61164595,4377048891,1.4,781403221,4376616,785779837,0.56
20170106,4835807781,73373893,4909181674,1.49,840068389,6864595,846932984,0.81
20170107,3976397498,56162609,4032560107,1.39,720528723,4205529,724734252,0.58
20170108,3953965404,57120327,4011085731,1.42,727977263,4242794,732220057,0.58
20170109,6373187741,94560744,6467748485,1.46,983918936,12243344,996162280,1.23
20170110,6556595290,125828001,6682423291,1.88,995200843,12249537,1007450380,1.22
20170111,4586084389,70325142,4656409531,1.51,783884228,5954656,789838884,0.75
20170112,4611251863,69977839,4681229702,1.49,821581608,6300929,827882537,0.76
20170113,4540271281,65680356,4605951637,1.43,816648378,5988411,822636789,0.73
20170114,4072394844,62445153,4134839997,1.51,786328033,5952935,792280968,0.75
20170115,3977963739,62365924,4040329663,1.54,793513227,6638032,800151259,0.83
20170116,4412782390,63778650,4476561040,1.42,813703562,6425189,820128751,0.78
20170117,4513891124,66763931,4580655055,1.46,828361481,6248046,834609527,0.75
20170118,4573958925,67873680,4641832605,1.46,829206994,6154660,835361654,0.74
20170119,4605834108,72866762,4678700870,1.56,815497893,6423397,821921290,0.78
20170120,4453482670,71084137,4524566807,1.57,825956475,8005504,833961979,0.96
20170121,4080470202,64647523,4145117725,1.56,768567368,6256624,774823992,0.81
20170122,4108691921,63039585,4171731506,1.51,774215576,6508594,780724170,0.83
20170123,4534021813,72645125,4606666938,1.58,806647105,5834756,812481861,0.72
20170124,4504046544,74249199,4578295743,1.62,802951625,5461957,808413582,0.68
20170125,4437636120,73361354,4510997474,1.63,811736442,6108290,817844732,0.75
20170126,4497838895,75515411,4573354306,1.65,813672297,6193376,819865673,0.76
20170127,4351026665,76669661,4427696326,1.73,814445517,6598422,821043939,0.8
20170128,3930349934,67334125,3997684059,1.68,777525180,6308147,783833327,0.8
20170129,4078598431,67493521,4146091952,1.63,782203590,6326830,788530420,0.8
20170130,4402725937,68264900,4470990837,1.53,823458046,6990568,830448614,0.84
20170131,4432165397,75926285,4508091682,1.68,844734095,6686675,851420770,0.79
20170201,4421452783,75400155,4496852938,1.68,852202525,6283644,858486169,0.73
20170202,4480901486,72675265,4553576751,1.6,849206266,6579846,855786112,0.77
20170203,4371903207,71425071,4443328278,1.61,857590243,6619169,864209412,0.77
20170204,4254536880,64107615,4318644495,1.48,841964898,6319014,848283912,0.74
20170205,4155626447,62181202,4217807649,1.47,832140780,6891508,839032288,0.82
20170206,4412211001,68896433,4481107434,1.54,864799016,6830990,871630006,0.78
20170207,4483712764,71863380,4555576144,1.58,865311388,6799606,872110994,0.78
20170208,4500721906,73052277,4573774183,1.6,863969868,6471962,870441830,0.74
20170209,4557600728,76911963,4634512691,1.66,877424988,6356740,883781728,0.72
20170210,4401399347,71210486,4472609833,1.59,877700727,6506372,884207099,0.74
20170211,3960637889,66840635,4027478524,1.66,833095360,6344218,839439578,0.76
20170212,3936537705,63956707,4000494412,1.6,828692320,6400955,835093275,0.77
20170213,4316010062,74160576,4390170638,1.69,874074821,7241360,881316181,0.82
20170214,4393118965,75611968,4468730933,1.69,898230701,7380586,905611287,0.81
20170215,4395077637,72438450,4467516087,1.62,893328597,6766867,900095464,0.75
20170216,4436622411,71399307,4508021718,1.58,885151084,6574870,891725954,0.74
20170217,4309135655,73449268,4382584923,1.68,871721248,6958418,878679666,0.79
20170218,3942168034,67267446,4009435480,1.68,847137625,7275467,854413092,0.85
20170219,3924554645,68225656,3992780301,1.71,819882566,7143466,827026032,0.86
20170220,4592544609,77532982,4670077591,1.66,864952101,8762557,873714658,1.0
20170221,6004696884,110411392,6115108276,1.81,1074297196,17788383,1092085579,1.63
20170222,4489200632,78273529,4567474161,1.71,882039149,7018134,889057283,0.79
20170223,4455643535,77098867,4532742402,1.7,883167204,6910723,890077927,0.78
20170224,4326466538,73557507,4400024045,1.67,868407090,6992814,875399904,0.8
20170225,3998331799,72162162,4070493961,1.77,823274921,6788009,830062930,0.82
20170226,4092371331,70132357,4162503688,1.68,817039928,6227616,823267544,0.76
20170227,4452933090,75083665,4528016755,1.66,856169860,6507751,862677611,0.75
20170228,4514251670,76581383,4590833053,1.67,835784943,7069101,842854044,0.84
20170301,4624901505,76615739,4701517244,1.63,869454490,7144165,876598655,0.81
20170302,4627729567,75548911,4703278478,1.61,878707327,6384589,885091916,0.72
20170303,4523713900,73324968,4597038868,1.6,857304421,6136894,863441315,0.71
20170304,4217412122,70160101,4287572223,1.64,817090542,6270927,823361469,0.76
20170305,4259542086,66287787,4325829873,1.53,852239903,7040714,859280617,0.82
20170306,7713747173,180717443,7894464616,2.29,1240669536,30191534,1270861070,2.38
20170307,4635787200,72485462,4708272662,1.54,907068573,7208105,914276678,0.79
20170308,4737395675,75357412,4812753087,1.57,909919054,7034864,916953918,0.77
20170309,4618794456,75950170,4694744626,1.62,889876117,6796114,896672231,0.76
20170310,4760665585,71369368,4832034953,1.48,913040856,7051123,920091979,0.77
20170311,4394214538,71218490,4465433028,1.59,842554983,6488540,849043523,0.76
20170312,4238155633,69702584,4307858217,1.62,840320788,6415804,846736592,0.76
20170313,4634356535,75641964,4709998499,1.61,873647211,6558349,880205560,0.75
20170314,4802024054,78180492,4880204546,1.6,881543947,6777528,888321475,0.76
20170315,4582531167,83708847,4666240014,1.79,898694133,7941213,906635346,0.88
20170316,4567364827,78023507,4645388334,1.68,904213511,7908907,912122418,0.87
20170317,4902596082,81074850,4983670932,1.63,944553592,8142972,952696564,0.85
20170318,4197501647,75123839,4272625486,1.76,860677864,7329432,868007296,0.84
20170319,4045142152,74062359,4119204511,1.8,855869864,7563363,863433227,0.88
20170320,4815121618,74760198,4889881816,1.53,918818499,7430109,926248608,0.8
20170321,4677972265,78150630,4756122895,1.64,942618242,8668819,951287061,0.91
20170322,4770786138,81404755,4852190893,1.68,999520193,10383594,1009903787,1.03
20170323,4815280712,80582235,4895862947,1.65,1023984599,10384178,1034368777,1.0
20170324,4847933171,78413003,4926346174,1.59,1053801355,9880189,1063681544,0.93
20170325,4493763740,69371933,4563135673,1.52,981690814,8907891,990598705,0.9
20170326,4192446386,74778945,4267225331,1.75,969338558,9816706,979155264,1.0
20170327,4693698781,82600530,4776299311,1.73,1042767265,10086419,1052853684,0.96
20170328,4687414175,84121511,4771535686,1.76,1021795667,10437242,1032232909,1.01
20170329,4666362869,83659116,4750021985,1.76,1056542715,9661418,1066204133,0.91
20170330,4622431582,81644542,4704076124,1.74,1035726343,8637223,1044363566,0.83
20170331,4253647606,81987274,4335634880,1.89,937379238,7568770,944948008,0.8
20170401,3880370294,77655071,3958025365,1.96,865671405,7193647,872865052,0.82
20170402,3686944889,75675529,3762620418,2.01,857388233,7568026,864956259,0.87
20170403,4129911165,76907083,4206818248,1.83,921835764,7480737,929316501,0.8
20170404,4477725946,77692598,4555418544,1.71,946138523,8143706,954282229,0.85
20170405,4455240949,79477710,4534718659,1.75,1032761113,10140442,1042901555,0.97
20170406,4440929013,79957080,4520886093,1.77,1022065670,8845485,1030911155,0.86
20170407,4398213321,76497115,4474710436,1.71,1007859378,9129009,1016988387,0.9
20170408,3950272742,72157405,4022430147,1.79,917839761,8457547,926297308,0.91
20170409,3833024386,71730425,3904754811,1.84,900915258,7881173,908796431,0.87
20170410,4395573175,76114804,4471687979,1.7,960582644,8043202,968625846,0.83
20170411,4540636928,75412155,4616049083,1.63,987491961,9087551,996579512,0.91
20170412,4576568814,77448695,4654017509,1.66,994882211,9110610,1003992821,0.91
20170413,4646552026,77844538,4724396564,1.65,983160085,8953656,992113741,0.9
20170414,4359398143,73974127,4433372270,1.67,955006501,9366019,964372520,0.97
20170415,4032395179,71212701,4103607880,1.74,900497043,8173057,908670100,0.9
20170416,4075720985,68062521,4143783506,1.64,872563274,7820800,880384074,0.89
20170417,4489700677,76642147,4566342824,1.68,907550172,8952660,916502832,0.98
20170418,4548139283,77042890,4625182173,1.67,932667094,9378606,942045700,1.0
20170419,4488476655,80110834,4568587489,1.75,929099413,8827706,937927119,0.94
20170420,4643593397,79068007,4722661404,1.67,917346582,8220746,925567328,0.89
20170421,4323129999,75408136,4398538135,1.71,896474548,7916328,904390876,0.88
20170422,3844486031,73383147,3917869178,1.87,856924973,8442870,865367843,0.98
20170423,3734887503,72984770,3807872273,1.92,849358625,9021809,858380434,1.05
20170424,4539472584,74841113,4614313697,1.62,906130612,8339120,914469732,0.91
20170425,5193747142,90065317,5283812459,1.7,963889740,12208388,976098128,1.25
20170426,4481505673,79798606,4561304279,1.75,925197211,9089415,934286626,0.97
20170427,4227277641,75036075,4302313716,1.74,904885649,8118058,913003707,0.89
20170428,4176909557,71371191,4248280748,1.68,903967689,8015888,911983577,0.88
20170429,4120330122,60819769,4181149891,1.45,864681613,7580343,872261956,0.87
20170430,3874375300,63673765,3938049065,1.62,840382194,7423375,847805569,0.88
20170501,4056929714,63832195,4120761909,1.55,869713918,7853665,877567583,0.89
20170502,4223723335,72326125,4296049460,1.68,862163326,8359450,870522776,0.96
20170503,4590967733,66392666,4657360399,1.43,874235544,8385491,882621035,0.95
20170504,4407539335,72501087,4480040422,1.62,844225192,8319998,852545190,0.98
20170505,4224439607,74661734,4299101341,1.74,812621265,7305099,819926364,0.89
20170506,3780765502,68436940,3849202442,1.78,758698492,7258153,765956645,0.95
20170507,3707891667,70858665,3778750332,1.88,754810579,7627770,762438349,1.0
20170508,4331575098,74968360,4406543458,1.7,794534739,7530505,802065244,0.94
20170509,4280218119,74665016,4354883135,1.71,820679773,7569082,828248855,0.91
20170510,4141560723,75231917,4216792640,1.78,812765256,8162940,820928196,0.99
20170511,4333203671,71838157,4405041828,1.63,802326623,7368810,809695433,0.91
20170512,4313712646,74259359,4387972005,1.69,791686240,7338092,799024332,0.92
20170513,3816336716,70054050,3886390766,1.8,731181919,7033156,738215075,0.95
20170514,3726601228,71131972,3797733200,1.87,734775149,7023247,741798396,0.95
20170515,4142286871,76592067,4218878938,1.82,782543875,7623715,790167590,0.96
20170516,4221093289,78849083,4299942372,1.83,805293063,7747961,813041024,0.95
20170517,4227112825,75555979,4302668804,1.76,821237872,7739240,828977112,0.93
20170518,4232736699,74252876,4306989575,1.72,835426064,8159287,843585351,0.97
20170519,4146414788,74503721,4220918509,1.77,804511705,7387323,811899028,0.91
20170520,3782925564,69296655,3852222219,1.8,745392745,7497824,752890569,1.0
20170521,3783707364,70434271,3854141635,1.83,740138419,7687864,747826283,1.03
20170522,4197863466,72924767,4270788233,1.71,789400365,8002155,797402520,1.0
20170523,4425339679,77669774,4503009453,1.72,881627126,8714978,890342104,0.98
20170524,4450410995,73977518,4524388513,1.64,884976886,8434231,893411117,0.94
20170525,4417658022,71931031,4489589053,1.6,861271883,8081282,869353165,0.93
20170526,4223453741,72060398,4295514139,1.68,850552219,7711040,858263259,0.9
20170527,3867893736,68825444,3936719180,1.75,795199313,7139443,802338756,0.89
20170528,3793731295,70138398,3863869693,1.82,781786512,7103697,788890209,0.9
20170529,4089947637,74403012,4164350649,1.79,808710308,8010992,816721300,0.98
20170530,4217560955,74165813,4291726768,1.73,860526708,8443694,868970402,0.97
20170531,4249955643,75051299,4325006942,1.74,872522830,8895732,881418562,1.01
20170601,4433312948,78870809,4512183757,1.75,878274766,8642405,886917171,0.97
20170602,4188085346,76893023,4264978369,1.8,850239781,8596764,858836545,1.0
20170603,3787066229,72315199,3859381428,1.87,820064320,7743333,827807653,0.94
20170604,3814889928,70413105,3885303033,1.81,814603424,8035339,822638763,0.98
20170605,4152077681,74966372,4227044053,1.77,862865797,8961317,871827114,1.03
20170606,4266782194,75642722,4342424916,1.74,826754794,8792898,835547692,1.05
20170607,4290684679,76161279,4366845958,1.74,800956422,8583697,809540119,1.06
20170608,4204325842,77212966,4281538808,1.8,836196529,8857030,845053559,1.05
20170609,4169546283,76323603,4245869886,1.8,832963790,9023724,841987514,1.07
20170610,3879699166,71414173,3951113339,1.81,802007593,8067214,810074807,1.0
20170611,3728204238,74048839,3802253077,1.95,766891533,8314614,775206147,1.07
20170612,4190870184,80563064,4271433248,1.89,849392586,9040184,858432770,1.05
20170613,4406931342,79895393,4486826735,1.78,893359038,9417616,902776654,1.04
20170614,4264973875,78595600,4343569475,1.81,893077690,10126001,903203691,1.12
20170615,4167983676,79822129,4247805805,1.88,875444943,10167226,885612169,1.15
20170616,4276294273,81332313,4357626586,1.87,829993044,9940950,839933994,1.18
20170617,4007244964,73744805,4080989769,1.81,770041727,7890387,777932114,1.01
20170618,3789550866,76003531,3865554397,1.97,761421509,7438938,768860447,0.97
20170619,4250336063,79655656,4329991719,1.84,829632342,8121368,837753710,0.97
20170620,4389579524,80929444,4470508968,1.81,857615690,8437515,866053205,0.97
20170621,4340204785,83142255,4423347040,1.88,850213327,8240658,858453985,0.96
20170622,4201535778,82130974,4283666752,1.92,852959473,8260097,861219570,0.96
20170623,4169115109,82676184,4251791293,1.94,842086803,9001480,851088283,1.06
20170624,3694864023,77842695,3772706718,2.06,770992105,8611837,779603942,1.1
20170625,3714916833,74378103,3789294936,1.96,764002996,8691550,772694546,1.12
20170626,4096460288,76529549,4172989837,1.83,831304871,10097826,841402697,1.2
20170627,4396017620,84737510,4480755130,1.89,855789295,11250127,867039422,1.3
20170628,4234990490,81554315,4316544805,1.89,884851985,10510796,895362781,1.17
20170629,4291400451,81629689,4373030140,1.87,854903111,10006581,864909692,1.16
20170630,4297582064,81199967,4378782031,1.85,829955850,9740158,839696008,1.16
20170701,3912858325,77536861,3990395186,1.94,776591449,8048268,784639717,1.03
20170702,3768206170,76209236,3844415406,1.98,758124925,7564766,765689691,0.99
20170703,4249653616,79505695,4329159311,1.84,810994368,8870297,819864665,1.08
20170704,4240090318,76783837,4316874155,1.78,790332470,8026485,798358955,1.01
20170705,4368380821,79791540,4448172361,1.79,783233203,7458188,790691391,0.94
20170706,4258872508,74038753,4332911261,1.71,799268335,8635726,807904061,1.07
20170707,4222006700,74320580,4296327280,1.73,766125419,7736890,773862309,1.0
20170708,3833536907,71066968,3904603875,1.82,700521843,6400536,706922379,0.91
20170709,3707675319,69598483,3777273802,1.84,689779463,6922457,696701920,0.99
20170710,4168032664,77236449,4245269113,1.82,709169849,6916581,716086430,0.97
20170711,4255654276,76052640,4331706916,1.76,706042494,6444998,712487492,0.9
20170712,4248664531,79007578,4327672109,1.83,713932438,6752942,720685380,0.94
20170713,4228963472,77512696,4306476168,1.8,773437657,7220469,780658126,0.92
20170714,4078111346,89060323,4167171669,2.14,856313632,8442383,864756015,0.98
20170715,3860204804,92601725,3952806529,2.34,782561267,7156722,789717989,0.91
20170716,3701811287,85233158,3787044445,2.25,779274652,7352432,786627084,0.93
20170717,4219048407,73338381,4292386788,1.71,828579535,8225375,836804910,0.98
20170718,4197199392,71503180,4268702572,1.68,850493000,8197590,858690590,0.95
20170719,4220247572,73323907,4293571479,1.71,856276769,8748289,865025058,1.01
20170720,4205916342,76493495,4282409837,1.79,865615060,9254282,874869342,1.06
20170721,4106070168,71524521,4177594689,1.71,863117419,8494300,871611719,0.97
20170722,3696126231,64751699,3760877930,1.72,794985560,7632884,802618444,0.95
20170723,3630749838,64460691,3695210529,1.74,780201255,7644372,787845627,0.97
20170724,4060852879,72264767,4133117646,1.75,846362150,8483884,854846034,0.99
20170725,4052172534,68057682,4120230216,1.65,830840833,8034572,838875405,0.96
20170726,3982972066,69120851,4052092917,1.71,783821378,7475724,791297102,0.94
20170727,3903976455,71558106,3975534561,1.8,779589991,8168415,787758406,1.04
20170728,3807744395,68907576,3876651971,1.78,747686703,7242226,754928929,0.96
20170729,3454918422,63251903,3518170325,1.8,637862923,6694051,644556974,1.04
20170730,3403260304,63980435,3467240739,1.85,623541131,6637597,630178728,1.05
20170731,3863543497,69145574,3932689071,1.76,691960730,6882943,698843673,0.98
20170801,3974910870,71888796,4046799666,1.78,705925807,7252756,713178563,1.02
20170802,3887773501,73275905,3961049406,1.85,728333817,7492698,735826515,1.02
20170803,3824886705,72812227,3897698932,1.87,716742129,7081456,723823585,0.98
20170804,3934190100,70014720,4004204820,1.75,806591179,8150271,814741450,1.0
20170805,3559060031,66709259,3625769290,1.84,771718003,7374341,779092344,0.95
20170806,3517904992,68205613,3586110605,1.9,760344653,7399255,767743908,0.96
20170807,4368783811,84112626,4452896437,1.89,833177151,8185883,841363034,0.97
20170808,4061456416,71177896,4132634312,1.72,826738024,7547214,834285238,0.9
20170809,3998990313,72361724,4071352037,1.78,824159996,7548525,831708521,0.91
20170810,3961898245,68252793,4030151038,1.69,835318084,7601637,842919721,0.9
20170811,3997931349,71173432,4069104781,1.75,854947929,7741673,862689602,0.9
20170812,3737981793,68387321,3806369114,1.8,800438264,7408127,807846391,0.92
20170813,3547482031,67831101,3615313132,1.88,788107362,7305282,795412644,0.92
20170814,3943300605,72780016,4016080621,1.81,848640553,7636624,856277177,0.89
20170815,3990119428,74099043,4064218471,1.82,902048247,8716029,910764276,0.96
20170816,4143433565,74155914,4217589479,1.76,927647688,8664759,936312447,0.93
20170817,4134318375,74529136,4208847511,1.77,888027646,8165897,896193543,0.91
20170818,4048112909,76598108,4124711017,1.86,826637350,7641683,834279033,0.92
20170819,3718993896,73972099,3792965995,1.95,785483737,7299478,792783215,0.92
20170820,3677849310,73672480,3751521790,1.96,776568101,7475171,784043272,0.95
20170821,4084947244,76933939,4161881183,1.85,793544465,7409301,800953766,0.93
20170822,4213426693,76328658,4289755351,1.78,799817928,7495758,807313686,0.93
20170823,4080981264,61718871,4142700135,1.49,766220540,7089792,773310332,0.92
20170824,4074053349,66064973,4140118322,1.6,755088721,8345625,763434346,1.09
20170825,3930649842,62517766,3993167608,1.57,743182297,8399762,751582059,1.12
20170826,4007624560,77613174,4085237734,1.9,704725492,8700682,713426174,1.22
20170827,3676765424,59578143,3736343567,1.59,680490213,8045463,688535676,1.17
20170828,3845053239,57127166,3902180405,1.46,706996778,8191349,715188127,1.15
20170829,3997292687,55236947,4052529634,1.36,724119442,8076613,732196055,1.1
20170830,3794016528,53821106,3847837634,1.4,666906057,7323197,674229254,1.09
20170831,3918541271,52633954,3971175225,1.33,649852673,7096324,656948997,1.08
20170901,3778315303,50254644,3828569947,1.31,675757776,6699496,682457272,0.98
20170902,3369748313,45093848,3414842161,1.32,644692374,6149171,650841545,0.94
20170903,3285796611,45704481,3331501092,1.37,607955861,6491749,614447610,1.06
20170904,3649747599,50919457,3700667056,1.38,655113954,6952703,662066657,1.05
20170905,3879552755,51793682,3931346437,1.32,666143647,6893003,673036650,1.02
20170906,4042027594,52773266,4094800860,1.29,701278747,7130100,708408847,1.01
20170907,4087944119,56895212,4144839331,1.37,661325152,6948151,668273303,1.04
20170908,4270458779,50941547,4321400326,1.18,653215863,6749961,659965824,1.02
20170909,3644989679,46473596,3691463275,1.26,630139348,6793684,636933032,1.07
20170910,3565585467,46885733,3612471200,1.3,632168964,6605316,638774280,1.03
20170911,3741057905,53026341,3794084246,1.4,657773456,6880399,664653855,1.04
20170912,3693484960,52560828,3746045788,1.4,659137131,7047225,666184356,1.06
20170913,3754495290,51611002,3806106292,1.36,651749181,7117579,658866760,1.08
20170914,3816584879,58595579,3875180458,1.51,656251402,7297856,663549258,1.1
20170915,3763372319,86020054,3849392373,2.23,651549381,7531355,659080736,1.14
20170916,3443131814,81110917,3524242731,2.3,613240363,7083428,620323791,1.14
20170917,3377831206,77573141,3455404347,2.24,619016530,7311573,626328103,1.17
20170918,3796426211,68719159,3865145370,1.78,633267634,7149894,640417528,1.12
20170919,3952103411,74028327,4026131738,1.84,656708632,7359398,664068030,1.11
20170920,4013779333,73107270,4086886603,1.79,648367951,7063368,655431319,1.08
20170921,3902530137,77201465,3979731602,1.94,637502333,7570673,645073006,1.17
20170922,3769420375,72808397,3842228772,1.89,619507343,7395128,626902471,1.18
20170923,3420703286,69217997,3489921283,1.98,572759733,7255035,580014768,1.25
20170924,3386906562,60264813,3447171375,1.75,587010266,6987140,593997406,1.18
20170925,3782373400,58100720,3840474120,1.51,612995659,7195306,620190965,1.16
20170926,3857073604,57529939,3914603543,1.47,702031693,7329867,709361560,1.03
20170927,3923948377,66316290,3990264667,1.66,642131610,7504453,649636063,1.16
20170928,3906714645,57545499,3964260144,1.45,629259564,7721540,636981104,1.21
20170929,3857612294,55860859,3913473153,1.43,630132028,7188118,637320146,1.13
20170930,3465557169,55149401,3520706570,1.57,608744095,7193989,615938084,1.17
20171001,3458961226,59603307,3518564533,1.69,600825029,7533944,608358973,1.24
20171002,4023373078,73740404,4097113482,1.8,657371596,7751775,665123371,1.17
20171003,3957102042,70169343,4027271385,1.74,649278695,7700932,656979627,1.17
20171004,3850251757,62476539,3912728296,1.6,648570899,7517192,656088091,1.15
20171005,3859844207,83621154,3943465361,2.12,652664986,7941591,660606577,1.2
20171006,3957594024,72755923,4030349947,1.81,685743773,7802915,693546688,1.13
20171007,3636121185,47399096,3683520281,1.29,624414537,6921973,631336510,1.1
20171008,3501927659,46925808,3548853467,1.32,628950859,6868488,635819347,1.08
20171009,3965726216,57467043,4023193259,1.43,670860411,7480461,678340872,1.1
20171010,4054991334,60592002,4115583336,1.47,668375308,7241457,675616765,1.07
20171011,4364478838,73453863,4437932701,1.66,682709189,7939586,690648775,1.15
20171012,4394418873,82478624,4476897497,1.84,733352838,8260636,741613474,1.11
20171013,3987808744,75572452,4063381196,1.86,671061284,7706160,678767444,1.14
20171014,3730595577,69938553,3800534130,1.84,642787031,7529820,650316851,1.16
20171015,3712230698,66860982,3779091680,1.77,661393312,7415899,668809211,1.11
20171016,4004007011,69625312,4073632323,1.71,701776646,7568042,709344688,1.07
20171017,3940465147,73228947,4013694094,1.82,716999750,8439353,725439103,1.16
20171018,4003150029,72835930,4075985959,1.79,676790909,7503782,684294691,1.1
20171019,3960134381,68078336,4028212717,1.69,655500651,7888720,663389371,1.19
20171020,3782631641,65049155,3847680796,1.69,643695440,7940897,651636337,1.22
20171021,3414863902,55695700,3470559602,1.6,598461064,7733305,606194369,1.28
20171022,3478546691,55324102,3533870793,1.57,602743717,7536189,610279906,1.23
20171023,3980016618,117821734,4097838352,2.88,655457478,8305758,663763236,1.25
20171024,3972696216,106184984,4078881200,2.6,669344607,8825491,678170098,1.3
20171025,3785095573,84938138,3870033711,2.19,624849664,8410671,633260335,1.33
20171026,3760250127,79443206,3839693333,2.07,615390775,8517633,623908408,1.37
20171027,0,0,0,NA,0,0,0,NA
20171028,0,0,0,NA,0,0,0,NA
20171029,0,0,0,NA,0,0,0,NA
20171030,1076746,13142,1089888,1.21,160518,9161,169679,5.4
20171031,5265315,67658,5332973,1.27,546011,47751,593762,8.04
20171101,5581631,56124,5637755,1.0,539426,45609,585035,7.8
20171102,5183119,85398,5268517,1.62,508850,43583,552433,7.89
20171103,3850462,51060,3901522,1.31,493229,45214,538443,8.4
20171104,3742175,48059,3790234,1.27,422120,34795,456915,7.62
20171105,3773721,44211,3817932,1.16,384665,40626,425291,9.55
20171106,3250739,42414,3293153,1.29,576324,51498,627822,8.2
20171107,4730370,48440,4778810,1.01,592800,42666,635466,6.71
20171108,4350799,54105,4404904,1.23,615669,41219,656888,6.27
20171109,4786315,55741,4842056,1.15,594878,35529,630407,5.64
20171110,5451484,54271,5505755,0.99,620719,50343,671062,7.5
20171111,4083525,53895,4137420,1.3,492018,46079,538097,8.56
20171112,4561108,310391,4871499,6.37,423615,38193,461808,8.27
20171113,5872417,259396,6131813,4.23,744046,70636,814682,8.67
20171114,9870121,137526,10007647,1.37,983680,142244,1125924,12.63
20171115,10920600,72675,10993275,0.66,855685,146536,1002221,14.62
20171116,9769164,72999,9842163,0.74,864889,134191,999080,13.43
20171117,9082659,77384,9160043,0.84,834794,148192,982986,15.08
20171118,8403602,77361,8480963,0.91,1172775,140053,1312828,10.67
20171119,8535895,74378,8610273,0.86,1028433,155443,1183876,13.13
20171120,10317375,85019,10402394,0.82,3729358,144901,3874259,3.74
20171121,11804660,86999,11891659,0.73,4389066,144308,4533374,3.18
20171122,12315825,85181,12401006,0.69,1005193,135865,1141058,11.91
20171123,9474697,104377,9579074,1.09,1211597,139876,1351473,10.35
20171124,9786981,86091,9873072,0.87,942349,151073,1093422,13.82
20171125,6409495,81207,6490702,1.25,796455,137715,934170,14.74
20171126,6034185,81433,6115618,1.33,717247,143902,861149,16.71
20171127,8117170,74872,8192042,0.91,1018092,138749,1156841,11.99
20171128,7613428,79817,7693245,1.04,1021245,142092,1163337,12.21
20171129,6664522,70884,6735406,1.05,728919,137181,866100,15.84
20171130,10391589,93629,10485218,0.89,709220,133844,843064,15.88
20171201,10691535,88163,10779698,0.82,844242,146706,990948,14.8
20171202,8021814,87445,8109259,1.08,623763,143645,767408,18.72
20171203,8564880,86036,8650916,0.99,625738,144137,769875,18.72
20171204,13065153,118872,13184025,0.9,711797,135623,847420,16.0
20171205,9365956,128379,9494335,1.35,759400,133385,892785,14.94
20171206,12618813,127238,12746051,1.0,961321,134648,1095969,12.29
20171207,11592501,126751,11719252,1.08,1598166,131157,1729323,7.58
20171208,12740224,128524,12868748,1.0,973223,145426,1118649,13.0
20171209,9572594,115647,9688241,1.19,1261794,146703,1408497,10.42
20171210,13238966,112609,13351575,0.84,795342,136796,932138,14.68
20171211,12986888,120627,13107515,0.92,901499,161813,1063312,15.22
20171212,13263386,126010,13389396,0.94,922387,189672,1112059,17.06
20171213,12422977,134532,12557509,1.07,930793,193286,1124079,17.2
20171214,15188002,132740,15320742,0.87,837929,188567,1026496,18.37
20171215,16669330,135732,16805062,0.81,891257,195493,1086750,17.99
20171216,19005668,172478,19178146,0.9,716698,181657,898355,20.22
20171217,14707869,126189,14834058,0.85,661016,196880,857896,22.95
20171218,13886335,135973,14022308,0.97,747106,180368,927474,19.45
20171219,16462507,128815,16591322,0.78,766220,178927,945147,18.93
20171220,17818919,124308,17943227,0.69,892232,177578,1069810,16.6
20171221,21396120,130420,21526540,0.61,882318,191427,1073745,17.83
20171222,22723820,131822,22855642,0.58,845238,180285,1025523,17.58
20171223,25020347,128971,25149318,0.51,672907,184434,857341,21.51
20171224,24745186,132521,24877707,0.53,632147,176891,809038,21.86
20171225,23716263,128172,23844435,0.54,627055,172740,799795,21.6
20171226,24687875,143174,24831049,0.58,785584,179989,965573,18.64
20171227,27659903,152453,27812356,0.55,938225,189273,1127498,16.79
20171228,29796587,151038,29947625,0.5,844534,175496,1020030,17.2
20171229,25598285,138566,25736851,0.54,799552,175964,975516,18.04
20171230,23750907,119926,23870833,0.5,757902,178954,936856,19.1
20171231,26011721,363543,26375264,1.38,643109,171069,814178,21.01
20180101,24973678,117215,25090893,0.47,685724,174782,860506,20.31
20180102,20441584,120446,20562030,0.59,902045,172619,1074664,16.06
20180103,14465895,124543,14590438,0.85,1002272,176316,1178588,14.96
20180104,13261970,137349,13399319,1.03,1091707,182608,1274315,14.33
20180105,16017848,128550,16146398,0.8,2036472,187524,2223996,8.43
20180106,14195603,149887,14345490,1.04,2075387,178665,2254052,7.93
20180107,13454000,144089,13598089,1.06,2130624,178834,2309458,7.74
20180108,16430389,152102,16582491,0.92,2218467,179704,2398171,7.49
20180109,18195998,156543,18352541,0.85,1540778,188928,1729706,10.92
20180110,12097725,152826,12250551,1.25,1160853,195376,1356229,14.41
20180111,13611058,153320,13764378,1.11,1055447,211122,1266569,16.67
20180112,17472751,149944,17622695,0.85,1018680,198173,1216853,16.29
20180113,14143272,145285,14288557,1.02,806444,199428,1005872,19.83
20180114,17936797,142651,18079448,0.79,748022,206085,954107,21.6
20180115,15441524,145691,15587215,0.93,849135,209064,1058199,19.76
20180116,19527410,187278,19714688,0.95,895032,213791,1108823,19.28
20180117,22317555,176196,22493751,0.78,951030,201645,1152675,17.49
20180118,20891484,182789,21074273,0.87,943008,186222,1129230,16.49
20180119,18690065,167400,18857465,0.89,1041755,220402,1262157,17.46
20180120,19115347,160935,19276282,0.83,1006035,196277,1202312,16.32
20180121,22607499,177227,22784726,0.78,845321,193202,1038523,18.6
20180122,3786091835,56152393,3842244228,1.46,599401224,9016029,608417253,1.48
20180123,3854876618,56380936,3911257554,1.44,619191165,9222944,628414109,1.47
20180124,3880612728,59724679,3940337407,1.52,614049625,9321242,623370867,1.5
20180125,3972983024,59676280,4032659304,1.48,622992657,9486858,632479515,1.5
20180126,4180471936,56428409,4236900345,1.33,624839217,9391951,634231168,1.48
20180127,4182457572,51393635,4233851207,1.21,615536135,9419015,624955150,1.51
20180128,3775493908,51268603,3826762511,1.34,600628154,9166050,609794204,1.5
20180129,4431408362,57249352,4488657714,1.28,629282679,9380313,638662992,1.47
20180130,4149223984,60189151,4209413135,1.43,639256371,9626561,648882932,1.48
20180131,4067377749,65041640,4132419389,1.57,652017658,10156331,662173989,1.53
20180201,4103897230,61332452,4165229682,1.47,676060538,10199392,686259930,1.49
20180202,3919374307,62129187,3981503494,1.56,647928259,9835855,657764114,1.5
20180203,3519337063,55162198,3574499261,1.54,601806126,9471140,611277266,1.55
20180204,3440982166,54728179,3495710345,1.57,611041810,9336679,620378489,1.5
20180205,3819586987,60629657,3880216644,1.56,633214743,9736021,642950764,1.51
20180206,3954098966,61847323,4015946289,1.54,688170278,10199990,698370268,1.46
20180207,3931314837,60344434,3991659271,1.51,712314678,10093846,722408524,1.4
20180208,3890089973,63207621,3953297594,1.6,669978038,9836729,679814767,1.45
20180209,3840090857,65529069,3905619926,1.68,655918852,9845413,665764265,1.48
20180210,3485911494,57152541,3543064035,1.61,652886868,10420139,663307007,1.57
20180211,3437150525,57733540,3494884065,1.65,628025893,10086050,638111943,1.58
20180212,3743197273,59638219,3802835492,1.57,663291439,9950182,673241621,1.48
20180213,3780613752,61518997,3842132749,1.6,676498545,10065463,686564008,1.47
20180214,3821743223,61400581,3883143804,1.58,682218524,10024121,692242645,1.45
20180215,3852212635,61250038,3913462673,1.57,685772417,9926622,695699039,1.43
20180216,3653072658,60873382,3713946040,1.64,656238526,9925644,666164170,1.49
20180217,3377255657,56634496,3433890153,1.65,627225956,9222940,636448896,1.45
20180218,3361041153,54302408,3415343561,1.59,614991982,9349237,624341219,1.5
20180219,3653585700,60908222,3714493922,1.64,615436722,9792911,625229633,1.57
20180220,3749814002,62674747,3812488749,1.64,631663831,9555537,641219368,1.49
20180221,3779137170,63503366,3842640536,1.65,650204290,9828741,660033031,1.49
20180222,3881420468,67195153,3948615621,1.7,656381674,9759575,666141249,1.47
20180223,3801923451,58029236,3859952687,1.5,649567024,9546865,659113889,1.45
20180224,3532571886,54987797,3587559683,1.53,618792314,9543728,628336042,1.52
20180225,3385233586,52649803,3437883389,1.53,607515268,9414931,616930199,1.53
20180226,3742749399,61572032,3804321431,1.62,637461126,9844214,647305340,1.52
20180227,3848574146,72075355,3920649501,1.84,642515681,10172010,652687691,1.56
20180228,3768661848,72787782,3841449630,1.89,660138466,10381117,670519583,1.55
20180301,3755016553,71542050,3826558603,1.87,674509182,10607175,685116357,1.55
20180302,3690445641,71760862,3762206503,1.91,675351971,10291771,685643742,1.5
20180303,3386192853,64752042,3450944895,1.88,636072462,10083037,646155499,1.56
20180304,3317162217,62200795,3379363012,1.84,629803550,10100994,639904544,1.58
20180305,3760060891,69195292,3829256183,1.81,663366608,10420236,673786844,1.55
20180306,4074200781,70554712,4144755493,1.7,653617062,10405183,664022245,1.57
20180307,4179260198,73705721,4252965919,1.73,665928849,10579140,676507989,1.56
20180308,4126572292,69195569,4195767861,1.65,694256571,10906027,705162598,1.55
20180309,3815235490,65102447,3880337937,1.68,708346581,10603119,718949700,1.47
20180310,3465397870,60787602,3526185472,1.72,681994800,10631920,692626720,1.54
20180311,3419695818,56609896,3476305714,1.63,657702213,10256989,667959202,1.54
20180312,3847400482,67299698,3914700180,1.72,662898376,10564334,673462710,1.57
20180313,3973817020,71478038,4045295058,1.77,699241043,10758498,709999541,1.52
20180314,3990254668,72604719,4062859387,1.79,730028250,11360496,741388746,1.53
20180315,3978622480,65626985,4044249465,1.62,717538770,10449868,727988638,1.44
20180316,3869593788,63041885,3932635673,1.6,687209174,10039917,697249091,1.44
20180317,3498927373,58047767,3556975140,1.63,657583386,10507071,668090457,1.57
20180318,3793456634,54151423,3847608057,1.41,641628221,10335047,651963268,1.59
20180319,4564415223,62876495,4627291718,1.36,649591036,10531812,660122848,1.6
20180320,4913234367,69216317,4982450684,1.39,667645294,10740040,678385334,1.58
20180321,5141536704,75472410,5217009114,1.45,647019518,11045460,658064978,1.68
20180322,4875824043,79379983,4955204026,1.6,630111916,11598248,641710164,1.81
20180323,3793254316,73246462,3866500778,1.89,639809155,11327039,651136194,1.74
20180324,3398793817,65176146,3463969963,1.88,605170361,10722318,615892679,1.74
20180325,3322908964,63619902,3386528866,1.88,586707730,10433085,597140815,1.75
20180326,3783679967,72060800,3855740767,1.87,614088042,10489552,624577594,1.68
20180327,3836407853,73393226,3909801079,1.88,641859493,10839715,652699208,1.66
20180328,3818651391,74520079,3893171470,1.91,653664904,11043877,664708781,1.66
20180329,3859997622,71417502,3931415124,1.82,651659563,11199390,662858953,1.69
20180330,3679391470,65624526,3745015996,1.75,627730143,10694068,638424211,1.68
20180331,3422442684,63420156,3485862840,1.82,580806279,10518941,591325220,1.78
20180401,3410794068,58661792,3469455860,1.69,556387029,9828453,566215482,1.74
20180402,3813694707,62582832,3876277539,1.61,599779337,9839252,609618589,1.61
20180403,4071143306,70181814,4141325120,1.69,661660746,10676988,672337734,1.59
20180404,4050685757,77621305,4128307062,1.88,662446279,10970222,673416501,1.63
20180405,4042118399,95288964,4137407363,2.3,670828372,11241556,682069928,1.65
20180406,3859087351,79331110,3938418461,2.01,655629230,10875754,666504984,1.63
20180407,3453516430,63846461,3517362891,1.82,608216682,10760402,618977084,1.74
20180408,3426774609,61809337,3488583946,1.77,591821402,10674767,602496169,1.77
20180409,3946985498,68406999,4015392497,1.7,619254141,10945115,630199256,1.74
20180410,4073353843,70618461,4143972304,1.7,651291477,11427451,662718928,1.72
20180411,4093153232,72136762,4165289994,1.73,686404539,11889088,698293627,1.7
20180412,4061483780,72600304,4134084084,1.76,672310553,11866096,684176649,1.73
20180413,4150707463,68923660,4219631123,1.63,682144264,11366141,693510405,1.64
20180414,3684868504,62265630,3747134134,1.66,647792234,11060913,658853147,1.68
20180415,3881198781,62610067,3943808848,1.59,631174240,10886482,642060722,1.7
20180416,4473714306,71261698,4544976004,1.57,679171668,11073670,690245338,1.6
20180417,4109933377,70567933,4180501310,1.69,694948887,11346436,706295323,1.61
20180418,3988703532,76996982,4065700514,1.89,712072445,12057396,724129841,1.67
20180419,3932097542,80952261,4013049803,2.02,692429165,11778134,704207299,1.67
20180420,3838394758,80188254,3918583012,2.05,681843156,12389992,694233148,1.78
20180421,3456946053,72103911,3529049964,2.04,637456000,11386421,648842421,1.75
20180422,3669780287,70221545,3740001832,1.88,633071895,10734643,643806538,1.67
20180423,4285622075,81143103,4366765178,1.86,664724267,10741996,675466263,1.59
20180424,4429963519,83463015,4513426534,1.85,679693454,10668926,690362380,1.55
20180425,4081403085,80354122,4161757207,1.93,709957756,10979900,720937656,1.52
20180426,3931332862,81158862,4012491724,2.02,702694764,11111959,713806723,1.56
20180427,3759656372,80727597,3840383969,2.1,668908056,10590255,679498311,1.56
20180428,3432437246,78418182,3510855428,2.23,620578671,10093515,630672186,1.6
20180429,3349621652,69767388,3419389040,2.04,597469940,9613715,607083655,1.58
20180430,3675023788,77926197,3752949985,2.08,642876853,10242433,653119286,1.57
20180501,3623865466,75221768,3699087234,2.03,662278534,10257658,672536192,1.53
20180502,3860410581,78063367,3938473948,1.98,671578871,10973599,682552470,1.61
20180503,3973776828,79623291,4053400119,1.96,683717664,11785384,695503048,1.69
20180504,3877065586,76512142,3953577728,1.94,674574029,11281058,685855087,1.64
20180505,3505212170,70491477,3575703647,1.97,622857672,10927246,633784918,1.72
20180506,3870531606,67311479,3937843085,1.71,602928314,10468129,613396443,1.71
20180507,4773921043,76383498,4850304541,1.57,666756291,11169928,677926219,1.65
20180508,4050177546,83419732,4133597278,2.02,716979595,11655338,728634933,1.6
20180509,4070579313,79281296,4149860609,1.91,716696590,11692300,728388890,1.61
20180510,4128456774,83556760,4212013534,1.98,740342899,11688571,752031470,1.55
20180511,4007263524,85188964,4092452488,2.08,731510734,12434693,743945427,1.67
20180512,3625410413,75174619,3700585032,2.03,665287922,11187079,676475001,1.65
20180513,3574791277,72346717,3647137994,1.98,663265126,11308846,674573972,1.68
20180514,4084729498,92062078,4176791576,2.2,711515899,11741833,723257732,1.62
20180515,4199341728,106030039,4305371767,2.46,735830309,12432864,748263173,1.66
20180516,4198621992,94053160,4292675152,2.19,759720342,12548916,772269258,1.62
20180517,4068747125,86340032,4155087157,2.08,669948194,11355454,681303648,1.67
20180518,3989529345,93916555,4083445900,2.3,581185969,11891657,593077626,2.01
20180519,3648370830,85580594,3733951424,2.29,647541862,12433275,659975137,1.88
20180520,3572133011,80086751,3652219762,2.19,685634188,12113310,697747498,1.74
20180521,6184559489,85975062,6270534551,1.37,742585086,13380659,755965745,1.77
20180522,5653193245,89007586,5742200831,1.55,756938489,11292684,768231173,1.47
20180523,4119326075,94587753,4213913828,2.24,747438732,12078141,759516873,1.59
20180524,4060385831,83026574,4143412405,2.0,749281082,11396165,760677247,1.5
20180525,3917605143,88153073,4005758216,2.2,717921717,11602590,729524307,1.59
20180526,3553573039,76628631,3630201670,2.11,664106933,11342510,675449443,1.68
20180527,3587034944,68597780,3655632724,1.88,641584058,10846869,652430927,1.66
20180528,5513557790,78798712,5592356502,1.41,690869626,11748111,702617737,1.67
20180529,5266682375,85520491,5352202866,1.6,758014921,12938245,770953166,1.68
20180530,4536279589,83935846,4620215435,1.82,753821508,12878783,766700291,1.68
20180531,4400889678,81141167,4482030845,1.81,744194450,11746731,755941181,1.55
20180601,4432583941,83894913,4516478854,1.86,723871845,12690151,736561996,1.72
20180602,4059472006,69159829,4128631835,1.68,678098253,11205763,689304016,1.63
20180603,3998896847,69900020,4068796867,1.72,663200067,11211451,674411518,1.66
20180604,4107526126,73192061,4180718187,1.75,720766030,11610194,732376224,1.59
20180605,4052470177,78643325,4131113502,1.9,729690504,11899301,741589805,1.6
20180606,4082454130,77838603,4160292733,1.87,737451512,12009298,749460810,1.6
20180607,4209169071,80632073,4289801144,1.88,733778227,12234135,746012362,1.64
20180608,4431654367,86110127,4517764494,1.91,757680677,12197201,769877878,1.58
20180609,4122865940,73733362,4196599302,1.76,705080936,11227647,716308583,1.57
20180610,3769949003,74555372,3844504375,1.94,681950382,11474929,693425311,1.65
20180611,4261561049,86496525,4348057574,1.99,738858583,11869064,750727647,1.58
20180612,4636143994,108247481,4744391475,2.28,814775377,12528996,827304373,1.51
20180613,4418819462,82275869,4501095331,1.83,776767529,12581765,789349294,1.59
20180614,4453065266,80307123,4533372389,1.77,777827289,12797751,790625040,1.62
20180615,4174134538,82121889,4256256427,1.93,750081676,12816759,762898435,1.68
20180616,3816634257,74129093,3890763350,1.91,693691266,12878707,706569973,1.82
20180617,3786140737,72706378,3858847115,1.88,679536397,12563550,692099947,1.82
20180618,4216103524,81090291,4297193815,1.89,745706627,13097408,758804035,1.73
20180619,4209737422,79709888,4289447310,1.86,727348576,13749971,741098547,1.86
20180620,4226294570,85076283,4311370853,1.97,744926855,16842647,761769502,2.21
20180621,4231524361,85319918,4316844279,1.98,741670624,14107403,755778027,1.87
20180622,4184554879,92505727,4277060606,2.16,740225154,14383881,754609035,1.91
20180623,3798769768,76985021,3875754789,1.99,672918957,12756013,685674970,1.86
20180624,3637449159,78477404,3715926563,2.11,670061734,13212351,683274085,1.93
20180625,4062124513,82563287,4144687800,1.99,726057117,13104779,739161896,1.77
20180626,4107865516,86172803,4194038319,2.05,761759400,13470834,775230234,1.74
20180627,4124789670,86555264,4211344934,2.06,772641023,14685442,787326465,1.87
20180628,4083175002,85253751,4168428753,2.05,737133618,14837253,751970871,1.97
20180629,3983786856,83004367,4066791223,2.04,707799450,14111337,721910787,1.95
20180630,3665757402,79719553,3745476955,2.13,643003247,13354780,656358027,2.03
20180701,3616573956,82248613,3698822569,2.22,634072440,13630569,647703009,2.1
20180702,4015838154,93695898,4109534052,2.28,699198111,14595867,713793978,2.04
20180703,4052630338,94593091,4147223429,2.28,732021749,14589096,746610845,1.95
20180704,3938652036,87620619,4026272655,2.18,708726446,14171321,722897767,1.96
20180705,4085321476,85151694,4170473170,2.04,737115125,13826856,750941981,1.84
20180706,3998790943,89727400,4088518343,2.19,717646978,14011098,731658076,1.91
20180707,3635830370,82182106,3718012476,2.21,653492443,13632313,667124756,2.04
20180708,3475755645,78513963,3554269608,2.21,655132718,13971198,669103916,2.09
20180709,3986399688,87728393,4074128081,2.15,714392373,14558689,728951062,2.0
20180710,4099409408,90168536,4189577944,2.15,749738881,15040877,764779758,1.97
20180711,4074427160,88296780,4162723940,2.12,762648493,15291544,777940037,1.97
20180712,4014815194,86884527,4101699721,2.12,748341960,15159312,763501272,1.99
20180713,3974495546,79623647,4054119193,1.96,744662010,14278006,758940016,1.88
20180714,3627438082,74276664,3701714746,2.01,697596681,14337187,711933868,2.01
20180715,3554747757,72625962,3627373719,2.0,683576079,14583331,698159410,2.09
20180716,3951086561,77778886,4028865447,1.93,735911518,14706887,750618405,1.96
20180717,4049494315,83611051,4133105366,2.02,766840208,15292258,782132466,1.96
20180718,4065781241,80966917,4146748158,1.95,759141482,15423615,774565097,1.99
20180719,4123885280,91790462,4215675742,2.18,765150891,15582435,780733326,2.0
20180720,4146076326,88819102,4234895428,2.1,776302032,15106744,791408776,1.91
20180721,3781713608,84524491,3866238099,2.19,720568699,14567779,735136478,1.98
20180722,3740084108,79789035,3819873143,2.09,714228378,14454644,728683022,1.98
20180723,4164050590,82950550,4247001140,1.95,775784848,14847002,790631850,1.88
20180724,4216036575,81738046,4297774621,1.9,786150177,15309994,801460171,1.91
20180725,4209245410,82460414,4291705824,1.92,795856569,16088554,811945123,1.98
20180726,4281452459,82468394,4363920853,1.89,795511524,15954004,811465528,1.97
20180727,4147489185,84320217,4231809402,1.99,764223843,15772455,779996298,2.02
20180728,3986000985,90387364,4076388349,2.22,750386015,16078149,766464164,2.1
20180729,4501358579,119559035,4620917614,2.59,814381663,17096726,831478389,2.06
20180730,5166743737,137580452,5304324189,2.59,896798805,18359201,915158006,2.01
20180731,5165903963,145285737,5311189700,2.74,920151753,19058394,939210147,2.03
20180801,5225744238,140067003,5365811241,2.61,921781301,19923995,941705296,2.12
20180802,4256781131,108586622,4365367753,2.49,728245914,18135159,746381073,2.43
20180803,3938171957,101855155,4040027112,2.52,672758608,17564242,690322850,2.54
20180804,3611375698,93546095,3704921793,2.52,624129803,16681729,640811532,2.6
20180805,3603814653,90039356,3693854009,2.44,637739313,16616415,654355728,2.54
20180806,3948425918,103350827,4051776745,2.55,675982985,17699494,693682479,2.55
20180807,4022979626,102767001,4125746627,2.49,721234292,17736041,738970333,2.4
20180808,4419392329,113885020,4533277349,2.51,780608569,17968524,798577093,2.25
20180809,4108030336,101958315,4209988651,2.42,747147869,17603870,764751739,2.3
20180810,4023585035,111408132,4134993167,2.69,725100390,17958012,743058402,2.42
20180811,3710991355,100891707,3811883062,2.65,661968043,16433040,678401083,2.42
20180812,3681930765,97927210,3779857975,2.59,648843909,16872887,665716796,2.53
20180813,4086612084,104626378,4191238462,2.5,692186139,17388419,709574558,2.45
20180814,4052388062,106366018,4158754080,2.56,741336368,18462224,759798592,2.43
20180815,4117260180,102831125,4220091305,2.44,753544184,18020420,771564604,2.34
20180816,4085563018,103778491,4189341509,2.48,730088891,19234999,749323890,2.57
20180817,3941682802,99543130,4041225932,2.46,735231887,18710143,753942030,2.48
20180818,3649659939,93377090,3743037029,2.49,666862238,17793611,684655849,2.6
20180819,3566150352,92900410,3659050762,2.54,661248393,18558675,679807068,2.73
20180820,4017519834,103192915,4120712749,2.5,719477604,19858925,739336529,2.69
20180821,3925386731,103636585,4029023316,2.57,709285286,21886947,731172233,2.99
20180822,3878582322,105342318,3983924640,2.64,724860605,19042186,743902791,2.56
20180823,3908770246,102054061,4010824307,2.54,747182572,19428988,766611560,2.53
20180824,3882525322,114492340,3997017662,2.86,722027632,20230948,742258580,2.73
20180825,3595335431,101419742,3696755173,2.74,653548988,17734056,671283044,2.64
20180826,3568821084,101262045,3670083129,2.76,658301064,17864485,676165549,2.64
20180827,3977185753,113472526,4090658279,2.77,722830326,18778381,741608707,2.53
20180828,4029667733,110287984,4139955717,2.66,742660452,18466819,761127271,2.43
20180829,4083047351,110604820,4193652171,2.64,730298929,17402359,747701288,2.33
20180830,4090678221,108649337,4199327558,2.59,744656614,18420102,763076716,2.41
20180831,3958404317,92165844,4050570161,2.28,728890232,17952484,746842716,2.4
20180901,3604373781,87118473,3691492254,2.36,668564669,16651396,685216065,2.43
20180902,3556474630,82206543,3638681173,2.26,667879869,16229379,684109248,2.37
20180903,3977421235,91188502,4068609737,2.24,723575854,17522932,741098786,2.36
20180904,4088666964,92677607,4181344571,2.22,730787010,17953734,748740744,2.4
20180905,4158071417,94836414,4252907831,2.23,749940454,18357885,768298339,2.39
20180906,4234024530,99150049,4333174579,2.29,751888240,18123617,770011857,2.35
20180907,4189295350,108608564,4297903914,2.53,743857738,18445400,762303138,2.42
20180908,3777520312,105211585,3882731897,2.71,708762590,17316934,726079524,2.38
20180909,3729807730,104801281,3834609011,2.73,694362151,17043782,711405933,2.4
20180910,4140035147,116852786,4256887933,2.75,735409625,18261144,753670769,2.42
20180911,4267282893,110195803,4377478696,2.52,755652667,18549720,774202387,2.4
20180912,4319439703,115324419,4434764122,2.6,780817555,19949744,800767299,2.49
20180913,4352438014,115133100,4467571114,2.58,757801804,19481340,777283144,2.51
20180914,4250403360,112037678,4362441038,2.57,726551069,18460598,745011667,2.48
20180915,3826789503,94864606,3921654109,2.42,681142540,17133749,698276289,2.45
20180916,3762370132,83027438,3845397570,2.16,682062417,16673050,698735467,2.39
20180917,4133498354,93243572,4226741926,2.21,724486320,17505932,741992252,2.36
20180918,4335466909,98124112,4433591021,2.21,773296954,18756098,792053052,2.37
20180919,4291329667,94927847,4386257514,2.16,768400470,18790811,787191281,2.39
20180920,4322024902,91749324,4413774226,2.08,800250011,17793715,818043726,2.18
20180921,4802654340,98300896,4900955236,2.01,916723468,19747554,936471022,2.11
20180922,4580931145,88675398,4669606543,1.9,876766470,16857077,893623547,1.89
20180923,4310802986,87545910,4398348896,1.99,843699827,17124128,860823955,1.99
20180924,4141898587,86543903,4228442490,2.05,805233700,17500703,822734403,2.13
20180925,4300696172,78805720,4379501892,1.8,846354220,19064247,865418467,2.2
20180926,4334755910,81149909,4415905819,1.84,852562354,19672924,872235278,2.26
20180927,4321886957,78394172,4400281129,1.78,842942395,19779238,862721633,2.29
20180928,4238474962,77869100,4316344062,1.8,850194652,19203630,869398282,2.21
20180929,3928710850,71487918,4000198768,1.79,770708483,17862973,788571456,2.27
20180930,3804920480,72131634,3877052114,1.86,762349568,18060206,780409774,2.31
20181001,4212962444,81190923,4294153367,1.89,818124443,19074713,837199156,2.28
20181002,4257181172,77754384,4334935556,1.79,819526689,18894411,838421100,2.25
20181003,4300967789,79991721,4380959510,1.83,840681964,18724534,859406498,2.18
20181004,4278173226,80838988,4359012214,1.85,832182035,18189857,850371892,2.14
20181005,4215778680,79531402,4295310082,1.85,828032544,17549067,845581611,2.08
20181006,3890549376,82510317,3973059693,2.08,755836601,16759239,772595840,2.17
20181007,3813527317,76825113,3890352430,1.97,773297738,17401766,790699504,2.2
20181008,4201128670,80842707,4281971377,1.89,801787754,17932901,819720655,2.19
20181009,4278597043,81476231,4360073274,1.87,811852958,17988521,829841479,2.17
20181010,4264605483,82206703,4346812186,1.89,836530902,18164748,854695650,2.13
20181011,4277602554,81569703,4359172257,1.87,816628983,17644697,834273680,2.11
20181012,4219045651,81021408,4300067059,1.88,828393624,17608047,846001671,2.08
20181013,3842325445,75689946,3918015391,1.93,772915627,16670805,789586432,2.11
20181014,3875791839,72169533,3947961372,1.83,788880117,16099404,804979521,2.0
20181015,4327013490,81799947,4408813437,1.86,833818368,17450206,851268574,2.05
20181016,4442699007,84450251,4527149258,1.87,848480064,17506412,865986476,2.02
20181017,4475162830,84186520,4559349350,1.85,843504340,17650129,861154469,2.05
20181018,4517268389,86945312,4604213701,1.89,836461544,16282764,852744308,1.91
20181019,4471169686,86542531,4557712217,1.9,859751675,17458226,877209901,1.99
20181020,4128135509,97418290,4225553799,2.31,762014615,16682446,778697061,2.14
20181021,4009254900,80120010,4089374910,1.96,770203023,17374921,787577944,2.21
20181022,4501257823,85216545,4586474368,1.86,840449431,17240994,857690425,2.01
20181023,4560616792,85691271,4646308063,1.84,867245547,19171022,886416569,2.16
20181024,4528200813,86703567,4614904380,1.88,863644479,19473688,883118167,2.21
20181025,4532588863,98687055,4631275918,2.13,870810882,19227820,890038702,2.16
20181026,4416042135,98759911,4514802046,2.19,860880905,19468422,880349327,2.21
20181027,3994473089,77300270,4071773359,1.9,786133702,17357093,803490795,2.16
20181028,3913645893,76347926,3989993819,1.91,793117300,17973650,811090950,2.22
20181029,4329382957,83103633,4412486590,1.88,845173716,18293183,863466899,2.12
20181030,4525938709,94146558,4620085267,2.04,904970928,20205768,925176696,2.18
20181031,4467580857,95733680,4563314537,2.1,866694030,22355656,889049686,2.51
20181101,4458718954,93778809,4552497763,2.06,866967794,21976613,888944407,2.47
20181102,4322725864,91212701,4413938565,2.07,866334618,20954797,887289415,2.36
20181103,4011759892,87177698,4098937590,2.13,783698856,20638660,804337516,2.57
20181104,3982638334,86437710,4069076044,2.12,786517592,20488224,807005816,2.54
20181105,4364402760,93380470,4457783230,2.09,846168246,20543802,866712048,2.37
20181106,4451747902,91582242,4543330144,2.02,900756568,20044851,920801419,2.18
20181107,4492946691,90400588,4583347279,1.97,907419845,19687752,927107597,2.12
20181108,4554711553,90896558,4645608111,1.96,886148852,19664527,905813379,2.17
20181109,4498838462,92737712,4591576174,2.02,886747680,20184756,906932436,2.23
20181110,4128851738,87245939,4216097677,2.07,816269008,19067132,835336140,2.28
20181111,4068732964,84570849,4153303813,2.04,819288665,18393657,837682322,2.2
20181112,4495054608,94642967,4589697575,2.06,864862501,19057517,883920018,2.16
20181113,4596477264,98829370,4695306634,2.1,889092946,19565444,908658390,2.15
20181114,4599938107,97652285,4697590392,2.08,912556040,20031654,932587694,2.15
20181115,4551268354,95594279,4646862633,2.06,913006365,20616676,933623041,2.21
20181116,4480423425,89669745,4570093170,1.96,889904590,19997391,909901981,2.2
20181117,4067993850,83559116,4151552966,2.01,819398407,19767051,839165458,2.36
20181118,4051497088,83150878,4134647966,2.01,826735845,20024647,846760492,2.36
20181119,4501282491,89648735,4590931226,1.95,854797351,19820633,874617984,2.27
20181120,4875455960,99735832,4975191792,2.0,946429579,21009034,967438613,2.17
20181121,4528220324,92318187,4620538511,2.0,895142787,20536223,915679010,2.24
20181122,4522523973,92228465,4614752438,2.0,856956020,20832567,877788587,2.37
20181123,4425295258,90083021,4515378279,2.0,860539792,20329033,880868825,2.31
20181124,4168898279,81643015,4250541294,1.92,825450614,18934204,844384818,2.24
20181125,4141812894,82009133,4223822027,1.94,858188853,19386378,877575231,2.21
20181126,4576451368,89027158,4665478526,1.91,920923969,20720222,941644191,2.2
20181127,4652951197,92025321,4744976518,1.94,934282948,20758222,955041170,2.17
20181128,4707654195,96447541,4804101736,2.01,947393664,22213395,969607059,2.29
20181129,4679378188,96184066,4775562254,2.01,935138390,20701649,955840039,2.17
20181130,4545621901,93324094,4638945995,2.01,878070880,20188967,898259847,2.25
20181201,4215397678,88439416,4303837094,2.05,832443587,19682525,852126112,2.31
20181202,4124326236,83809937,4208136173,1.99,874956594,20051192,895007786,2.24
20181203,4488648699,93185956,4581834655,2.03,923714761,23322760,947037521,2.46
20181204,4625075024,92099771,4717174795,1.95,927283850,20509512,947793362,2.16
20181205,4720057227,96272677,4816329904,2.0,968681464,21902503,990583967,2.21
20181206,4852963021,108505535,4961468556,2.19,1032787032,22369115,1055156147,2.12
20181207,4670384129,106891250,4777275379,2.24,1011138470,21274624,1032413094,2.06
20181208,4282323735,99104290,4381428025,2.26,954180300,18339211,972519511,1.89
20181209,4215437860,96255589,4311693449,2.23,966904437,19743022,986647459,2.0
20181210,4681698931,108570079,4790269010,2.27,1002378246,21053273,1023431519,2.06
20181211,4763869821,120582761,4884452582,2.47,1023514066,22935342,1046449408,2.19
20181212,4704066263,118866324,4822932587,2.46,1000634201,22604677,1023238878,2.21
20181213,4694773092,120715304,4815488396,2.51,1004697824,22725024,1027422848,2.21
20181214,4549393842,116377130,4665770972,2.49,1019319835,23447927,1042767762,2.25
20181215,4234673821,108110011,4342783832,2.49,975451863,21257669,996709532,2.13
20181216,4151508189,104879314,4256387503,2.46,971303330,21651807,992955137,2.18
20181217,4571869853,119321408,4691191261,2.54,1002618530,24134096,1026752626,2.35
20181218,4691181868,118833834,4810015702,2.47,1022202006,24369118,1046571124,2.33
20181219,4689742574,115808212,4805550786,2.41,1036913195,24073833,1060987028,2.27
20181220,4686580915,122989651,4809570566,2.56,1008136267,24901270,1033037537,2.41
20181221,4658447705,132723754,4791171459,2.77,1022032120,25380636,1047412756,2.42
20181222,4276272285,114258599,4390530884,2.6,975666895,22884227,998551122,2.29
20181223,4118280722,109068757,4227349479,2.58,980666672,23109346,1003776018,2.3
20181224,4343423455,124293750,4467717205,2.78,939907467,22778386,962685853,2.37
20181225,4209707781,117374471,4327082252,2.71,955205285,23191536,978396821,2.37
20181226,4415515408,119708718,4535224126,2.64,1020009328,25082532,1045091860,2.4
20181227,4483664161,124688750,4608352911,2.71,1033155224,25403114,1058558338,2.4
20181228,4446346499,127722906,4574069405,2.79,1028328199,25269014,1053597213,2.4
20181229,4203064794,126905199,4329969993,2.93,977469227,23892455,1001361682,2.39
20181230,4102259312,114029719,4216289031,2.7,974871791,23470241,998342032,2.35
20181231,4226388443,124427163,4350815606,2.86,956299151,23359305,979658456,2.38
20190101,4117979204,121875438,4239854642,2.87,979722055,24854455,1004576510,2.47
20190102,4427078774,123280609,4550359383,2.71,1029318940,25781314,1055100254,2.44
20190103,4592945708,134689975,4727635683,2.85,1039047624,24739212,1063786836,2.33
20190104,4558988174,133698215,4692686389,2.85,1034393876,26592889,1060986765,2.51
20190105,4148532319,125697657,4274229976,2.94,989482007,24219195,1013701202,2.39
20190106,4102003419,122364594,4224368013,2.9,994397596,25826880,1020224476,2.53
20190107,4514335052,138582956,4652918008,2.98,996819742,25413765,1022233507,2.49
20190108,5112520332,164663727,5277184059,3.12,1026319854,27277254,1053597108,2.59
20190109,4692295922,164657680,4856953602,3.39,1018841019,27863295,1046704314,2.66
20190110,4597761457,144101703,4741863160,3.04,1007119655,28182028,1035301683,2.72
20190111,4640152271,150434640,4790586911,3.14,1026445082,27091672,1053536754,2.57
20190112,4477724612,149948523,4627673135,3.24,1014645973,27181758,1041827731,2.61
20190113,4505937494,137352892,4643290386,2.96,1031880755,26094340,1057975095,2.47
20190114,4890188934,169042057,5059230991,3.34,1110848520,30134747,1140983267,2.64
20190115,4951070869,168887220,5119958089,3.3,1135168647,28295978,1163464625,2.43
20190116,5003568691,161753158,5165321849,3.13,1147073849,29786623,1176860472,2.53
20190117,4957447351,161352243,5118799594,3.15,1154960529,30850273,1185810802,2.6
20190118,4819184792,164652257,4983837049,3.3,1204464538,30957173,1235421711,2.51
20190119,4502016845,153159528,4655176373,3.29,1178139219,31385253,1209524472,2.59
20190120,4530663800,160372785,4691036585,3.42,1224216714,32582326,1256799040,2.59
20190121,4835091707,161849229,4996940936,3.24,1190466289,30195661,1220661950,2.47
20190122,4816841891,154395348,4971237239,3.11,1141447445,29744411,1171191856,2.54
20190123,4968134330,165664233,5133798563,3.23,1157117041,33642908,1190759949,2.83
20190124,5172787928,168086424,5340874352,3.15,1158450013,33483021,1191933034,2.81
20190125,5172769572,172754845,5345524417,3.23,1181536300,33257527,1214793827,2.74
20190126,4754521913,178910044,4933431957,3.63,1147698054,35111255,1182809309,2.97
20190127,4794170591,171350440,4965521031,3.45,1143641333,31993347,1175634680,2.72
20190128,5152346388,183866490,5336212878,3.45,1150662309,31809542,1182471851,2.69
20190129,5329316340,186474344,5515790684,3.38,1188864541,32459760,1221324301,2.66
20190130,5233506338,185624742,5419131080,3.43,1218193117,36450729,1254643846,2.91
20190131,5285432733,196403692,5481836425,3.58,1196689878,33935302,1230625180,2.76
20190201,5342867845,189938885,5532806730,3.43,1175854271,31263494,1207117765,2.59
20190202,4835176124,185901260,5021077384,3.7,1121595426,32274132,1153869558,2.8
20190203,4788212293,183921274,4972133567,3.7,1086198474,31537195,1117735669,2.82
20190204,5150718500,185924081,5336642581,3.48,1082491277,31129696,1113620973,2.8
20190205,5141800991,190192126,5331993117,3.57,1096273385,31304634,1127578019,2.78
20190206,5116386248,185744930,5302131178,3.5,1105621491,32037427,1137658918,2.82
20190207,5216267889,175185869,5391453758,3.25,1131576563,33593660,1165170223,2.88
20190208,5238009126,178859396,5416868522,3.3,1149833862,33956396,1183790258,2.87
20190209,4833294219,167023461,5000317680,3.34,1100227562,30261520,1130489082,2.68
20190210,4753705875,153655766,4907361641,3.13,1100852545,33838482,1134691027,2.98
20190211,5215105531,159051731,5374157262,2.96,1127686361,32655409,1160341770,2.81
20190212,5359049540,159854755,5518904295,2.9,1144278744,32199206,1176477950,2.74
20190213,5307080667,177107351,5484188018,3.23,1214607350,32762146,1247369496,2.63
20190214,5273597044,177837622,5451434666,3.26,1188076925,31244729,1219321654,2.56
20190215,5301466247,170959322,5472425569,3.12,1196144802,30924119,1227068921,2.52
20190216,4825072946,160701007,4985773953,3.22,1173252347,29661941,1202914288,2.47
20190217,4855028205,158926680,5013954885,3.17,1179619945,30425143,1210045088,2.51
20190218,5327267779,168618878,5495886657,3.07,1148513756,29014742,1177528498,2.46
20190219,5446808725,173028770,5619837495,3.08,1126705938,31603857,1158309795,2.73
20190220,5485889998,164539359,5650429357,2.91,1103304291,31870722,1135175013,2.81
20190221,5322290811,162140280,5484431091,2.96,1119285017,31353667,1150638684,2.72
20190222,5260813559,165566957,5426380516,3.05,1151468586,29562408,1181030994,2.5
20190223,4895372465,164111945,5059484410,3.24,1146064900,29628914,1175693814,2.52
20190224,4926784167,163923377,5090707544,3.22,1163292339,31330716,1194623055,2.62
20190225,5330267301,159266276,5489533577,2.9,1122419186,28794008,1151213194,2.5
20190226,5406209694,167140701,5573350395,3.0,1128889319,31879122,1160768441,2.75
20190227,5475280851,179766416,5655047267,3.18,1080776758,30131211,1110907969,2.71
20190228,5466137895,173304540,5639442435,3.07,1123151152,31990130,1155141282,2.77
20190301,5540101159,171314818,5711415977,3.0,1136847705,32245322,1169093027,2.76
20190302,5135759141,160099773,5295858914,3.02,1103957495,30347080,1134304575,2.68
20190303,5051668428,151937886,5203606314,2.92,1114178769,31927802,1146106571,2.79
20190304,5534267117,167079694,5701346811,2.93,1104592740,32598959,1137191699,2.87
20190305,5574396516,173184928,5747581444,3.01,1120734555,29402608,1150137163,2.56
20190306,5663532311,166342396,5829874707,2.85,1130169532,29209341,1159378873,2.52
20190307,5734186800,159234177,5893420977,2.7,1132341307,27290703,1159632010,2.35
20190308,5536389899,163516290,5699906189,2.87,1091911009,26582203,1118493212,2.38
20190309,5197456220,156956516,5354412736,2.93,1096241965,27917308,1124159273,2.48
20190310,5224516527,182038617,5406555144,3.37,1137570363,27959717,1165530080,2.4
20190311,5655804069,184906375,5840710444,3.17,1078504799,25520156,1104024955,2.31
20190312,5629249601,194924284,5824173885,3.35,1108372254,27729620,1136101874,2.44
20190313,5883480467,201707791,6085188258,3.31,1122925987,27484601,1150410588,2.39
20190314,5765327168,172698821,5938025989,2.91,1116615692,25909728,1142525420,2.27
20190315,5557153940,166437914,5723591854,2.91,1139573507,26919791,1166493298,2.31
20190316,5156855977,184168482,5341024459,3.45,1095293856,26725555,1122019411,2.38
20190317,5145406989,182035272,5327442261,3.42,1120300299,26729860,1147030159,2.33
20190318,5533266568,190389061,5723655629,3.33,1117079901,25880964,1142960865,2.26
20190319,5552783688,191762066,5744545754,3.34,1128597231,27847193,1156444424,2.41
20190320,5632764915,198758443,5831523358,3.41,1138835349,29324171,1168159520,2.51
20190321,5634962972,192606241,5827569213,3.31,1129649141,29337214,1158986355,2.53
20190322,5398249030,194402649,5592651679,3.48,1130358046,28480079,1158838125,2.46
20190323,4696727727,196435887,4893163614,4.01,1082337394,28629205,1110966599,2.58
20190324,4678810034,196721653,4875531687,4.03,1107121193,29104358,1136225551,2.56
20190325,5143157307,209992196,5353149503,3.92,1124222661,28073844,1152296505,2.44
20190326,5210489832,188854878,5399344710,3.5,1154813665,28042057,1182855722,2.37
20190327,5267783495,192041612,5459825107,3.52,1167878614,29343212,1197221826,2.45
20190328,5249371722,194060645,5443432367,3.57,1101700587,30657407,1132357994,2.71
20190329,5226136447,194149609,5420286056,3.58,1097990086,31066636,1129056722,2.75
20190330,4735502105,188287732,4923789837,3.82,1029179443,31865606,1061045049,3.0
20190331,4726901582,190784242,4917685824,3.88,1073101759,32442247,1105544006,2.93
20190401,5250501430,202334221,5452835651,3.71,1110253242,29827926,1140081168,2.62
20190402,5253245325,207515558,5460760883,3.8,1118183786,30122640,1148306426,2.62
20190403,5329636866,195839570,5525476436,3.54,1117803462,30048695,1147852157,2.62
20190404,5323851837,185779761,5509631598,3.37,1130388398,30119253,1160507651,2.6
20190405,5325726951,188287326,5514014277,3.41,1152098686,30070919,1182169605,2.54
20190406,4878903767,196747837,5075651604,3.88,1076168791,30470894,1106639685,2.75
20190407,4805694744,187142522,4992837266,3.75,1073397256,31279933,1104677189,2.83
20190408,5349208259,200857500,5550065759,3.62,1111835877,29140695,1140976572,2.55
20190409,5414008391,190739365,5604747756,3.4,1136873611,29178859,1166052470,2.5
20190410,5602912430,204760467,5807672897,3.53,1155137000,29018181,1184155181,2.45
20190411,5458717827,197199031,5655916858,3.49,1131381236,29089836,1160471072,2.51
20190412,5469658087,209156167,5678814254,3.68,1105560434,28143526,1133703960,2.48
20190413,5090320655,202769989,5293090644,3.83,1089218878,31367689,1120586567,2.8
20190414,5026836266,200818271,5227654537,3.84,1111392165,30281075,1141673240,2.65
20190415,5503339309,198775663,5702114972,3.49,1102922317,29491204,1132413521,2.6
20190416,5466163092,170931460,5637094552,3.03,1122021499,30627036,1152648535,2.66
20190417,5429402420,164305165,5593707585,2.94,1167721325,30535608,1198256933,2.55
20190418,5390975641,171588259,5562563900,3.08,1120926512,33065714,1153992226,2.87
20190419,4989177182,162690451,5151867633,3.16,1094835170,32490059,1127325229,2.88
20190420,4702336051,160351058,4862687109,3.3,1018979979,31297439,1050277418,2.98
20190421,4620073569,169039237,4789112806,3.53,1009152248,32191394,1041343642,3.09
20190422,5112543781,171325550,5283869331,3.24,1080600693,36126250,1116726943,3.24
20190423,5367030623,182401004,5549431627,3.29,1086988500,34501187,1121489687,3.08
20190424,5389824203,183568559,5573392762,3.29,1091265803,36641519,1127907322,3.25
20190425,5475228564,197435460,5672664024,3.48,1105367976,34981675,1140349651,3.07
20190426,5563760348,173318365,5737078713,3.02,1135843771,34692814,1170536585,2.96
20190427,5199462719,182295969,5381758688,3.39,1117276565,33270157,1150546722,2.89
20190428,5112352904,173202307,5285555211,3.28,1071677254,32398040,1104075294,2.93
20190429,5572073996,187315196,5759389192,3.25,1102376119,32226786,1134602905,2.84
20190430,5920616384,189119963,6109736347,3.1,1134767095,32839379,1167606474,2.81
20190501,5437302842,177787687,5615090529,3.17,1138111464,29618022,1167729486,2.54
20190502,5417287556,184728495,5602016051,3.3,1117814211,31522560,1149336771,2.74
20190503,5430330576,197451808,5627782384,3.51,1111589279,29186233,1140775512,2.56
20190504,5010725668,191918311,5202643979,3.69,1071331906,32135426,1103467332,2.91
20190505,4821616307,186337808,5007954115,3.72,1062546851,31144939,1093691790,2.85
20190506,5297552018,197777547,5495329565,3.6,1063353233,31874210,1095227443,2.91
20190507,5450469964,192057647,5642527611,3.4,1095868796,30760111,1126628907,2.73
20190508,5396466672,185207947,5581674619,3.32,1057635512,29282740,1086918252,2.69
20190509,5297642820,176722997,5474365817,3.23,1071266776,28973691,1100240467,2.63
20190510,5272621702,187278019,5459899721,3.43,1070262576,31987242,1102249818,2.9
20190511,5029184273,180533026,5209717299,3.47,1014667092,31289120,1045956212,2.99
20190512,5063447044,185460299,5248907343,3.53,1024325024,28652638,1052977662,2.72
20190513,5351777203,186228279,5538005482,3.36,1062724849,29206151,1091931000,2.67
20190514,5453800137,200582811,5654382948,3.55,1084743362,30616118,1115359480,2.74
20190515,5792144086,196084947,5988229033,3.27,1099442667,30758847,1130201514,2.72
20190516,5601430948,183154528,5784585476,3.17,1097240265,29154078,1126394343,2.59
20190517,5417764296,193660281,5611424577,3.45,1096580962,29424837,1126005799,2.61
20190518,4935781602,186209526,5121991128,3.64,1058899887,30482841,1089382728,2.8
20190519,5027419585,201374391,5228793976,3.85,1077277390,30736413,1108013803,2.77
20190520,5564818540,217029968,5781848508,3.75,1103255306,32753138,1136008444,2.88
20190521,5502186387,202645594,5704831981,3.55,1073477213,31902450,1105379663,2.89
20190522,5446145497,211648129,5657793626,3.74,1058085046,32246541,1090331587,2.96
20190523,5456827237,215385334,5672212571,3.8,1071586342,32017035,1103603377,2.9
20190524,5380597173,201235659,5581832832,3.61,1071031975,30949388,1101981363,2.81
20190525,4864126626,194686426,5058813052,3.85,1009645179,30112667,1039757846,2.9
20190526,4833676945,199995869,5033672814,3.97,1009488917,29904615,1039393532,2.88
20190527,5120616552,199341906,5319958458,3.75,1026202222,29313586,1055515808,2.78
20190528,5397943735,200037754,5597981489,3.57,1087186035,31613646,1118799681,2.83
20190529,5533202181,201135575,5734337756,3.51,1107005484,30522591,1137528075,2.68
20190530,5453023210,192981275,5646004485,3.42,1119497223,31482394,1150979617,2.74
20190531,5280320542,185559854,5465880396,3.39,1113181861,32631438,1145813299,2.85
20190601,4826057878,176768544,5002826422,3.53,1076482224,31878028,1108360252,2.88
20190602,4620101954,182954594,4803056548,3.81,1076965919,37104386,1114070305,3.33
20190603,5134373096,200469608,5334842704,3.76,1109060509,32618239,1141678748,2.86
20190604,5222190109,188993946,5411184055,3.49,1125145083,33275460,1158420543,2.87
20190605,5151377073,202362856,5353739929,3.78,1137717878,32437678,1170155556,2.77
20190606,5205997704,203533294,5409530998,3.76,1148512293,31343731,1179856024,2.66
20190607,5155310229,203250268,5358560497,3.79,1136253465,31882301,1168135766,2.73
20190608,4720203890,182535703,4902739593,3.72,1090610850,33978209,1124589059,3.02
20190609,4600433282,181840955,4782274237,3.8,1092981632,36573521,1129555153,3.24
20190610,5029849834,178843938,5208693772,3.43,1162010820,35521533,1197532353,2.97
20190611,5154864795,182225195,5337089990,3.41,1191775571,35197680,1226973251,2.87
20190612,5173082108,178641749,5351723857,3.34,1147881311,31783614,1179664925,2.69
20190613,5200546603,181804743,5382351346,3.38,1147102568,31420656,1178523224,2.67
20190614,5076019210,182915964,5258935174,3.48,1140699057,28333830,1169032887,2.42
20190615,4660009980,168925316,4828935296,3.5,1096027473,31563887,1127591360,2.8
20190616,4621719381,180716998,4802436379,3.76,1090165327,30198357,1120363684,2.7
20190617,5052534312,201629533,5254163845,3.84,1134978167,30469663,1165447830,2.61
20190618,5137133798,201343722,5338477520,3.77,1151059167,30033612,1181092779,2.54
20190619,5119538035,199260135,5318798170,3.75,1169770365,29611336,1199381701,2.47
20190620,5165725672,196410674,5362136346,3.66,1190822416,28529211,1219351627,2.34
20190621,5149582417,198269084,5347851501,3.71,1164852461,29211770,1194064231,2.45
20190622,4790797607,192327620,4983125227,3.86,1073297348,26968170,1100265518,2.45
20190623,4672228610,181121223,4853349833,3.73,1116335914,29936825,1146272739,2.61
20190624,5142382009,199914393,5342296402,3.74,1177671405,32486363,1210157768,2.68
20190625,5153960999,207978877,5361939876,3.88,1232994767,38775647,1271770414,3.05
20190626,5226977903,219900417,5446878320,4.04,1193535772,37071840,1230607612,3.01
20190627,5213638575,203511905,5417150480,3.76,1273646933,36956479,1310603412,2.82
20190628,5307789970,187939590,5495729560,3.42,1260700097,35482708,1296182805,2.74
20190629,5375837254,187626779,5563464033,3.37,1201320648,37882199,1239202847,3.06
20190630,4709284553,188089358,4897373911,3.84,1238675489,32780529,1271456018,2.58
20190701,5160770910,182207027,5342977937,3.41,1298961015,34276785,1333237800,2.57
20190702,5087215115,198636947,5285852062,3.76,1308113671,33286757,1341400428,2.48
20190703,5178994996,184048135,5363043131,3.43,1242243086,28349934,1270593020,2.23
20190704,5096839254,181226771,5278066025,3.43,1189337707,27959217,1217296924,2.3
20190705,5338365094,193972654,5532337748,3.51,1205987593,28260917,1234248510,2.29
20190706,5234858702,195714349,5430573051,3.6,1154655709,29294216,1183949925,2.47
20190707,4753752235,194371881,4948124116,3.93,1174474500,31606496,1206080996,2.62
20190708,5125041138,190146040,5315187178,3.58,1222275158,38002761,1260277919,3.02
20190709,5288499119,190995958,5479495077,3.49,1183725737,30429452,1214155189,2.51
20190710,5303609791,189808821,5493418612,3.46,1198170180,31445002,1229615182,2.56
20190711,5259202506,193477371,5452679877,3.55,1202984535,31277259,1234261794,2.53
20190712,5217653359,191715455,5409368814,3.54,1206507998,31250015,1237758013,2.52
20190713,4855774274,174172714,5029946988,3.46,1163515139,33109067,1196624206,2.77
20190714,4727238804,163294617,4890533421,3.34,1148471664,32737510,1181209174,2.77
20190715,5062228676,167190455,5229419131,3.2,1196704459,29604670,1226309129,2.41
20190716,5208974780,193290877,5402265657,3.58,1242656125,31093197,1273749322,2.44
20190717,5167302536,198629796,5365932332,3.7,1222489545,30373225,1252862770,2.42
20190718,5099923929,183852887,5283776816,3.48,1202509589,30292686,1232802275,2.46
20190719,5165384316,202806070,5368190386,3.78,1213387267,36013815,1249401082,2.88
20190720,4836723707,181195208,5017918915,3.61,1153248701,31441250,1184689951,2.65
20190721,4798758549,178212053,4976970602,3.58,1146845056,30826952,1177672008,2.62
20190722,5047930462,189276859,5237207321,3.61,1174466884,30560844,1205027728,2.54
20190723,5156784916,201168313,5357953229,3.75,1223081184,32102037,1255183221,2.56
20190724,5101790710,187045932,5288836642,3.54,1208168389,31929601,1240097990,2.57
20190725,5091051398,192891562,5283942960,3.65,1219349649,31652135,1251001784,2.53
20190726,5080382040,200492493,5280874533,3.8,1217858745,32266427,1250125172,2.58
20190727,4649399118,189257381,4838656499,3.91,1179446108,30842967,1210289075,2.55
20190728,4545334182,187253564,4732587746,3.96,1159739644,29705852,1189445496,2.5
20190729,4936239698,190237356,5126477054,3.71,1168780109,28726076,1197506185,2.4
20190730,5104548920,195786768,5300335688,3.69,1197715947,29932657,1227648604,2.44
20190731,5174514283,199920642,5374434925,3.72,1196303703,29080400,1225384103,2.37
20190801,5145700488,188363925,5334064413,3.53,1194450931,29183421,1223634352,2.38
20190802,5100754356,178375977,5279130333,3.38,1210748791,28269991,1239018782,2.28
20190803,4806248341,191329509,4997577850,3.83,1168244925,30459951,1198704876,2.54
20190804,4726800806,187550676,4914351482,3.82,1148928604,30034165,1178962769,2.55
20190805,5118901010,195937226,5314838236,3.69,1177193869,29468407,1206662276,2.44
20190806,5136083225,186805343,5322888568,3.51,1185463254,28428149,1213891403,2.34
20190807,5043821283,160377683,5204198966,3.08,1184136213,29398760,1213534973,2.42
20190808,1633653,10850,1644503,0.66,144661,7221,151882,4.75
20190809,5022813008,174283585,5197096593,3.35,1177668121,29286500,1206954621,2.43
20190810,4718828133,194726854,4913554987,3.96,1113137320,29731241,1142868561,2.6
20190811,4658879699,195319967,4854199666,4.02,1099353033,30186671,1129539704,2.67
20190812,5047770049,190560065,5238330114,3.64,1169178283,29229388,1198407671,2.44
20190813,5047843605,210705680,5258549285,4.01,1137854550,29152778,1167007328,2.5
20190814,5208404598,202698796,5411103394,3.75,1273205736,29749417,1302955153,2.28
20190815,5911491404,198794281,6110285685,3.25,1468893831,43712617,1512606448,2.89
20190816,5827436151,191102659,6018538810,3.18,1483705842,40015841,1523721683,2.63
20190817,4732444668,200605575,4933050243,4.07,1242341351,28411216,1270752567,2.24
20190818,4633555175,192176239,4825731414,3.98,1231893926,26984621,1258878547,2.14
20190819,5047003273,194941843,5241945116,3.72,1242557883,28564148,1271122031,2.25
20190820,5029450249,186155977,5215606226,3.57,1256939061,28883871,1285822932,2.25
20190821,5092210971,192528879,5284739850,3.64,1249834249,27998920,1277833169,2.19
20190822,5085161389,192436097,5277597486,3.65,1252859046,28159409,1281018455,2.2
20190823,5033030378,197273840,5230304218,3.77,1218755593,27900700,1246656293,2.24
20190824,4779471623,205162837,4984634460,4.12,1169927137,29796275,1199723412,2.48
20190825,4776125320,192829213,4968954533,3.88,1174825115,29325312,1204150427,2.44
20190826,5134927867,200889725,5335817592,3.76,1205894727,30157701,1236052428,2.44
20190827,5212765741,196575629,5409341370,3.63,1249081463,29843311,1278924774,2.33
20190828,5504084904,202777956,5706862860,3.55,1468169572,31886977,1500056549,2.13
20190829,5208167440,210429520,5418596960,3.88,1247495618,30895483,1278391101,2.42
20190830,5132463980,208465535,5340929515,3.9,1246319841,31523116,1277842957,2.47
20190831,4737770055,207197272,4944967327,4.19,1183157683,31175936,1214333619,2.57
20190901,4697860140,211827866,4909688006,4.31,1182286627,31361633,1213648260,2.58
20190902,5016005242,209898290,5225903532,4.02,1190777990,31838280,1222616270,2.6
20190903,5190690657,211850317,5402540974,3.92,1240566074,30546622,1271112696,2.4
20190904,5111922460,204834760,5316757220,3.85,1232761767,31060414,1263822181,2.46
20190905,5211846829,215678104,5427524933,3.97,1305347487,31398579,1336746066,2.35
20190906,6060888717,191503109,6252391826,3.06,1795141841,30684692,1825826533,1.68
20190907,4963118973,217451689,5180570662,4.2,1260972110,33624279,1294596389,2.6
20190908,4914948633,213820933,5128769566,4.17,1289153682,57179503,1346333185,4.25
20190909,5214930502,217123920,5432054422,4.0,1305396274,54700076,1360096350,4.02
20190910,5168950628,222678098,5391628726,4.13,1283235465,32361455,1315596920,2.46
20190911,5194454693,218782768,5413237461,4.04,1293755605,31618547,1325374152,2.39
20190912,5147619819,227088013,5374707832,4.23,1258611872,30633922,1289245794,2.38
20190913,5010802682,230938268,5241740950,4.41,1251586937,31545110,1283132047,2.46
20190914,4711106688,232915358,4944022046,4.71,1209377104,32502954,1241880058,2.62
20190915,4640159472,216629188,4856788660,4.46,1203089760,31513854,1234603614,2.55
20190916,5034408221,213799106,5248207327,4.07,1220377072,30821364,1251198436,2.46
20190917,5132346889,217789567,5350136456,4.07,1230051367,31750304,1261801671,2.52
20190918,5115368765,206172348,5321541113,3.87,1218362477,31477348,1249839825,2.52
20190919,5160826911,206545874,5367372785,3.85,1257559686,33330867,1290890553,2.58
20190920,5129439051,209715627,5339154678,3.93,1237419419,32059300,1269478719,2.53
20190921,4850362717,213276692,5063639409,4.21,1160340332,32001481,1192341813,2.68
20190922,4727127353,213489765,4940617118,4.32,1157470245,31500860,1188971105,2.65
20190923,5106477465,221605551,5328083016,4.16,1176221328,33745599,1209966927,2.79
20190924,5168294583,220369597,5388664180,4.09,1173200981,30812780,1204013761,2.56
20190925,5147239878,210604184,5357844062,3.93,1162391113,30891155,1193282268,2.59
20190926,5212662351,208506801,5421169152,3.85,1173724821,31061643,1204786464,2.58
20190927,5144739167,193353892,5338093059,3.62,1166800594,30895553,1197696147,2.58
20190928,4774394488,192501404,4966895892,3.88,1126321348,35996608,1162317956,3.1
20190929,4795041588,211592332,5006633920,4.23,1173766700,52624198,1226390898,4.29
20190930,5171743020,197126535,5368869555,3.67,1115265781,27203120,1142468901,2.38
20191001,5220179603,213693043,5433872646,3.93,1207299360,30887581,1238186941,2.49
20191002,5060865522,226324377,5287189899,4.28,1223880847,34281071,1258161918,2.72
20191003,5131235517,242341762,5373577279,4.51,1374102577,61839766,1435942343,4.31
20191004,5741046957,258020859,5999067816,4.3,1307160016,38101160,1345261176,2.83
20191005,5757984090,244071532,6002055622,4.07,1220853911,33381946,1254235857,2.66
20191006,5951697296,249331891,6201029187,4.02,1236559268,35422026,1271981294,2.78
20191007,6307381041,249104646,6556485687,3.8,1258398954,34164768,1292563722,2.64
20191008,5508132092,234747955,5742880047,4.09,1263962035,34974506,1298936541,2.69
20191009,5502733379,262932429,5765665808,4.56,1286974408,38730826,1325705234,2.92
20191010,5442098590,248119446,5690218036,4.36,1277949600,40025566,1317975166,3.04
20191011,5452961443,266262786,5719224229,4.66,1526299001,88915864,1615214865,5.5
20191012,5025256569,247810286,5273066855,4.7,1227236655,42650720,1269887375,3.36
20191013,4963661479,256127004,5219788483,4.91,1244009746,44045363,1288055109,3.42
20191014,5321778297,261486164,5583264461,4.68,1251883537,43259018,1295142555,3.34
20191015,5381924330,257459282,5639383612,4.57,1419123015,47812601,1466935616,3.26
20191016,5707619787,244445522,5952065309,4.11,1454593990,51649313,1506243303,3.43
20191017,5446477198,265226816,5711704014,4.64,1397786479,49358617,1447145096,3.41
20191018,6071414980,335588655,6407003635,5.24,1450109159,48078702,1498187861,3.21
20191019,5758104176,241340382,5999444558,4.02,1294406154,47920738,1342326892,3.57
20191020,5740962268,240515358,5981477626,4.02,1277082884,46458615,1323541499,3.51
20191021,5982025567,254494688,6236520255,4.08,1321856523,49550248,1371406771,3.61
20191022,5479986451,268093152,5748079603,4.66,1351082738,50468450,1401551188,3.6
20191023,5491805873,254793965,5746599838,4.43,1343599816,50552310,1394152126,3.63
20191024,5597840390,273356951,5871197341,4.66,1340234661,54240804,1394475465,3.89
20191025,5650408279,269628612,5920036891,4.55,1335721206,51118354,1386839560,3.69
20191026,4977358390,260970499,5238328889,4.98,1279284235,53235246,1332519481,4.0
20191027,5035210962,298568778,5333779740,5.6,1376237033,55127673,1431364706,3.85
20191028,5399170382,271387351,5670557733,4.79,1491242514,74649803,1565892317,4.77
20191029,5617973236,289182904,5907156140,4.9,1384966590,56539133,1441505723,3.92
20191030,5648899341,289712786,5938612127,4.88,1478291359,76353250,1554644609,4.91
20191031,5692539038,289732834,5982271872,4.84,1630356049,95389555,1725745604,5.53
20191101,5536523089,279120318,5815643407,4.8,1409665916,64502851,1474168767,4.38
20191102,5233280071,280814473,5514094544,5.09,1367472945,68547899,1436020844,4.77
20191103,5145773004,281645061,5427418065,5.19,1315991137,57775285,1373766422,4.21
20191104,5489082236,275585430,5764667666,4.78,1338003710,56588148,1394591858,4.06
20191105,5670471052,291130390,5961601442,4.88,1401325577,58234769,1459560346,3.99
20191106,5707335957,293347785,6000683742,4.89,1383722180,54525545,1438247725,3.79
