#date,queriesUDP_IPV4,queriesTCP_IPv4,queriesTOTAL_IPv4,ratioTCP_IPv4,queriesUDP_IPV6,queriesTCP_IPv6,queriesTOTAL_IPv6,ratioTCP_IPv6
20151017,3023729423,15168807,3038898230,0.5,402757108,522993,403280101,0.13
20151018,3025659978,14609566,3040269544,0.48,399530533,456108,399986641,0.11
20151019,3451133434,16139128,3467272562,0.47,415903120,529173,416432293,0.13
20151020,3112257568,14494419,3126751987,0.46,389340342,500613,389840955,0.13
20151021,3844749187,16254593,3861003780,0.42,426347772,528976,426876748,0.12
20151022,3895667952,16537815,3912205767,0.42,444949770,518094,445467864,0.12
20151023,3770067528,16625583,3786693111,0.44,448330950,515927,448846877,0.11
20151024,3064184730,16086462,3080271192,0.52,441033632,441814,441475446,0.1
20151025,2822985153,14573603,2837558756,0.51,413545991,437831,413983822,0.11
20151026,3218848979,16082141,3234931120,0.5,416925220,518409,417443629,0.12
20151027,3423085752,18480352,3441566104,0.54,438235187,567656,438802843,0.13
20151028,3420920598,19268132,3440188730,0.56,447394851,628862,448023713,0.14
20151029,3448303957,18418650,3466722607,0.53,432491589,599948,433091537,0.14
20151030,3276029522,18879306,3294908828,0.57,428598831,611467,429210298,0.14
20151031,2896937027,16500277,2913437304,0.57,396700996,477816,397178812,0.12
20151101,2790158082,15312392,2805470474,0.55,377298153,420051,377718204,0.11
20151102,3236813374,16962148,3253775522,0.52,409902859,501633,410404492,0.12
20151103,2911990568,10296554,2922287122,0.35,419518636,496853,420015489,0.12
20151104,2982001595,10330937,2992332532,0.35,475297953,506487,475804440,0.11
20151105,3454126813,15813057,3469939870,0.46,495884871,502057,496386928,0.1
20151106,3387361923,16970543,3404332466,0.5,479040898,515784,479556682,0.11
20151107,3373738041,16129655,3389867696,0.48,465038714,478780,465517494,0.1
20151108,3375517582,15360345,3390877927,0.45,456023818,449106,456472924,0.1
20151109,2327988666,12043679,2340032345,0.51,294009155,334146,294343301,0.11
20151110,3669521892,17550484,3687072376,0.48,479062437,506273,479568710,0.11
20151111,3834393609,17535007,3851928616,0.46,469486814,489369,469976183,0.1
20151112,3977984976,20976235,3998961211,0.52,460305140,496873,460802013,0.11
20151113,3730380541,18815646,3749196187,0.5,463667921,478860,464146781,0.1
20151114,3417719025,17454679,3435173704,0.51,446199438,498775,446698213,0.11
20151115,3708781758,16167179,3724948937,0.43,440723799,491753,441215552,0.11
20151116,4112345280,17995656,4130340936,0.44,461313368,522220,461835588,0.11
20151117,3803823010,20695776,3824518786,0.54,459959326,473915,460433241,0.1
20151118,3808949264,19695292,3828644556,0.51,471742290,478567,472220857,0.1
20151119,3733556383,19356646,3752913029,0.52,443515393,466032,443981425,0.1
20151120,3766393010,17640020,3784033030,0.47,427437696,530100,427967796,0.12
20151121,3574991660,17179829,3592171489,0.48,410737330,430445,411167775,0.1
20151122,3382669412,17910666,3400580078,0.53,430271969,477767,430749736,0.11
20151123,3727458877,18793878,3746252755,0.5,444014408,440678,444455086,0.1
20151124,3853331322,18104197,3871435519,0.47,430435962,451300,430887262,0.1
20151125,3711901831,17837619,3729739450,0.48,396948218,489092,397437310,0.12
20151126,3471860030,17120535,3488980565,0.49,392526260,552659,393078919,0.14
20151127,3576358116,17683186,3594041302,0.49,396878238,541762,397420000,0.14
20151128,3533426107,18641955,3552068062,0.52,378436913,506432,378943345,0.13
20151129,3633646798,19368559,3653015357,0.53,380482287,512571,380994858,0.13
20151130,4626930207,28361180,4655291387,0.61,428339981,668193,429008174,0.16
20151201,4427967716,23609798,4451577514,0.53,426747811,684577,427432388,0.16
20151202,4380402048,22640791,4403042839,0.51,426832803,636546,427469349,0.15
20151203,4229659454,21919899,4251579353,0.52,411905115,614997,412520112,0.15
20151204,4221989594,20012226,4242001820,0.47,402310656,680914,402991570,0.17
20151205,3773042281,18844647,3791886928,0.5,384379589,630161,385009750,0.16
20151206,3950442550,17975328,3968417878,0.45,387243960,608237,387852197,0.16
20151207,4281833287,22357207,4304190494,0.52,397205172,589092,397794264,0.15
20151208,4152856387,23209937,4176066324,0.56,409263958,667088,409931046,0.16
20151209,4293896999,22658439,4316555438,0.52,418741603,743945,419485548,0.18
20151210,4316171888,22410894,4338582782,0.52,436911317,707972,437619289,0.16
20151211,4257178858,22872102,4280050960,0.53,426227770,663662,426891432,0.16
20151212,3548895545,19008413,3567903958,0.53,392963412,614849,393578261,0.16
20151213,3451759351,18846155,3470605506,0.54,401506663,611626,402118289,0.15
20151214,3543943496,17923808,3561867304,0.5,391627130,608538,392235668,0.16
20151215,3918181090,20496834,3938677924,0.52,392389943,680561,393070504,0.17
20151216,4313723565,32463141,4346186706,0.75,409068681,708755,409777436,0.17
20151217,4532061767,31237950,4563299717,0.68,419529376,664740,420194116,0.16
20151218,6037647293,30055416,6067702709,0.5,444651285,692895,445344180,0.16
20151219,4023161842,27990945,4051152787,0.69,393712381,568978,394281359,0.14
20151220,3823536591,26888468,3850425059,0.7,393228620,572463,393801083,0.15
20151221,4191755394,28953988,4220709382,0.69,410941712,568630,411510342,0.14
20151222,4070898845,24557623,4095456468,0.6,408658821,581038,409239859,0.14
20151223,4032914223,23336756,4056250979,0.58,420533766,558708,421092474,0.13
20151224,3898973369,23823679,3922797048,0.61,398516422,547281,399063703,0.14
20151225,3533889735,22157395,3556047130,0.62,381235062,624273,381859335,0.16
20151226,3530327821,23420671,3553748492,0.66,381707188,550206,382257394,0.14
20151227,3523766989,20684561,3544451550,0.58,384579339,546321,385125660,0.14
20151228,4015660800,23440421,4039101221,0.58,407300567,582766,407883333,0.14
20151229,3992869092,22639062,4015508154,0.56,416112861,606843,416719704,0.15
20151230,3964170589,24409296,3988579885,0.61,405875677,577191,406452868,0.14
20151231,4091904099,23342099,4115246198,0.57,399125012,562874,399687886,0.14
20160101,3645755618,19738310,3665493928,0.54,392842790,570474,393413264,0.15
20160102,3709762208,21971054,3731733262,0.59,390622871,541563,391164434,0.14
20160103,3675532702,22530154,3698062856,0.61,395611872,571433,396183305,0.14
20160104,4160852631,26096266,4186948897,0.62,420314540,585852,420900392,0.14
20160105,4258582702,25486570,4284069272,0.59,424044567,585118,424629685,0.14
20160106,4119216201,24381664,4143597865,0.59,417797709,569023,418366732,0.14
20160107,4236234259,24137007,4260371266,0.57,430556062,566559,431122621,0.13
20160108,4330001480,25961878,4355963358,0.6,422955068,596802,423551870,0.14
20160109,4049985270,21254594,4071239864,0.52,409593288,543487,410136775,0.13
20160110,3925237261,19080778,3944318039,0.48,403409256,525624,403934880,0.13
20160111,4286494973,21013671,4307508644,0.49,423177134,582178,423759312,0.14
20160112,4295218576,22138540,4317357116,0.51,435257787,682584,435940371,0.16
20160113,4339666506,22281831,4361948337,0.51,439554099,683070,440237169,0.16
20160114,4518015974,21863465,4539879439,0.48,451186759,595320,451782079,0.13
20160115,4429083840,21106460,4450190300,0.47,443175156,602558,443777714,0.14
20160116,3929560451,20494930,3950055381,0.52,414955157,565269,415520426,0.14
20160117,3906190455,20733294,3926923749,0.53,419628694,554659,420183353,0.13
20160118,4385635376,25139489,4410774865,0.57,440233189,593939,440827128,0.13
20160119,4504828277,26055021,4530883298,0.58,437864734,661653,438526387,0.15
20160120,4561530637,22176195,4583706832,0.48,422111485,666985,422778470,0.16
20160121,4444184913,21825390,4466010303,0.49,419982533,651739,420634272,0.15
20160122,4420835494,22665613,4443501107,0.51,417395531,598705,417994236,0.14
20160123,3912206395,20270461,3932476856,0.52,398892117,550508,399442625,0.14
20160124,3909470335,18965741,3928436076,0.48,405550130,552113,406102243,0.14
20160125,4415760348,20706857,4436467205,0.47,426656744,583775,427240519,0.14
20160126,4288194297,20783088,4308977385,0.48,485236452,578656,485815108,0.12
20160127,4508939066,22875268,4531814334,0.5,462632513,585054,463217567,0.13
20160128,4638975341,23268391,4662243732,0.5,427897848,590876,428488724,0.14
20160129,4532973675,22260468,4555234143,0.49,423244351,611563,423855914,0.14
20160130,4193721384,21789384,4215510768,0.52,408809196,545616,409354812,0.13
20160131,4137697830,21228057,4158925887,0.51,412608610,540280,413148890,0.13
20160201,4764961026,22532180,4787493206,0.47,428129524,614272,428743796,0.14
20160202,5006824829,21761738,5028586567,0.43,430520232,648826,431169058,0.15
20160203,5112735761,21614595,5134350356,0.42,433779227,629677,434408904,0.14
20160204,4832643748,22448257,4855092005,0.46,430669339,633349,431302688,0.15
20160205,4783888924,20736790,4804625714,0.43,433148167,607177,433755344,0.14
20160206,4177271499,18202857,4195474356,0.43,404989031,541793,405530824,0.13
20160207,4054263705,17653564,4071917269,0.43,403713626,537637,404251263,0.13
20160208,4288511099,19151269,4307662368,0.44,411832688,544893,412377581,0.13
20160209,4355297647,19370669,4374668316,0.44,418347631,585386,418933017,0.14
20160210,4443280363,19526220,4462806583,0.44,423102086,610516,423712602,0.14
20160211,4338220728,19209237,4357429965,0.44,422206082,599778,422805860,0.14
20160212,4213330833,19580095,4232910928,0.46,423117801,598642,423716443,0.14
20160213,3948905562,19344914,3968250476,0.49,410457531,554515,411012046,0.13
20160214,3936791251,20233599,3957024850,0.51,407640372,555614,408195986,0.14
20160215,4403030041,23714719,4426744760,0.54,421037621,573337,421610958,0.14
20160216,4477598733,25415979,4503014712,0.56,443034302,681557,443715859,0.15
20160217,4434711492,26983235,4461694727,0.6,442419183,1117217,443536400,0.25
20160218,4535528206,27449489,4562977695,0.6,453609473,1240749,454850222,0.27
20160219,4526732990,25553878,4552286868,0.56,448384171,1228279,449612450,0.27
20160220,4146589684,22938562,4169528246,0.55,427492826,1088864,428581690,0.25
20160221,3968824699,21123199,3989947898,0.53,423183534,958615,424142149,0.23
20160222,4517729988,23858644,4541588632,0.53,450742408,1119806,451862214,0.25
20160223,4633019580,26322099,4659341679,0.56,504804054,1129863,505933917,0.22
20160224,4560591395,27028198,4587619593,0.59,521496749,1114951,522611700,0.21
20160225,4481029221,25851202,4506880423,0.57,519864941,1085764,520950705,0.21
20160226,4360697712,26129327,4386827039,0.6,523433644,1093422,524527066,0.21
20160227,3804194823,24279757,3828474580,0.63,504100133,1121370,505221503,0.22
20160228,3888543029,23729866,3912272895,0.61,497257206,974270,498231476,0.2
20160229,4418113736,25336740,4443450476,0.57,509010399,1074011,510084410,0.21
20160301,4417472045,26218859,4443690904,0.59,500515328,1157148,501672476,0.23
20160302,4423419690,27179888,4450599578,0.61,486395820,1029785,487425605,0.21
20160303,4407782430,31011858,4438794288,0.7,513393126,1008671,514401797,0.2
20160304,4153359099,27221357,4180580456,0.65,498617412,1028414,499645826,0.21
20160305,3823787704,27952199,3851739903,0.73,457450553,990918,458441471,0.22
20160306,3670832843,27991184,3698824027,0.76,455840739,917694,456758433,0.2
20160307,4134267884,29601607,4163869491,0.71,470906873,1086992,471993865,0.23
20160308,4338445982,31204358,4369650340,0.71,481774047,1288213,483062260,0.27
20160309,4260095004,30502484,4290597488,0.71,508941477,1314479,510255956,0.26
20160310,4257879430,28772496,4286651926,0.67,512210956,1170820,513381776,0.23
20160311,4152412501,28363535,4180776036,0.68,522333353,1186790,523520143,0.23
20160312,3819942955,26916255,3846859210,0.7,509697510,1083048,510780558,0.21
20160313,3662902740,24842586,3687745326,0.67,514672415,980178,515652593,0.19
20160314,4354747228,27508704,4382255932,0.63,540471641,1181403,541653044,0.22
20160315,4354577425,27022657,4381600082,0.62,525126989,1398403,526525392,0.27
20160316,4094778994,26228114,4121007108,0.64,527616490,1274949,528891439,0.24
20160317,4340613261,28088605,4368701866,0.64,531369134,1322310,532691444,0.25
20160318,4265319367,28300319,4293619686,0.66,534963797,1277657,536241454,0.24
20160319,3913505946,29492377,3942998323,0.75,525386897,1172353,526559250,0.22
20160320,3967590078,29227390,3996817468,0.73,518782863,1046765,519829628,0.2
20160321,4345525896,29151935,4374677831,0.67,547288525,1208742,548497267,0.22
20160322,4596931856,30260685,4627192541,0.65,563217298,1092840,564310138,0.19
20160323,4594243774,32437647,4626681421,0.7,580874130,594629,581468759,0.1
20160324,4379941185,30167822,4410109007,0.68,557475744,554838,558030582,0.1
20160325,4075024335,33341369,4108365704,0.81,561657919,547722,562205641,0.1
20160326,3915269354,41344698,3956614052,1.04,535384462,537124,535921586,0.1
20160327,4241051464,40905133,4281956597,0.96,524207631,469760,524677391,0.09
20160328,4411209345,42676700,4453886045,0.96,557618704,523529,558142233,0.09
20160329,4750040401,41499729,4791540130,0.87,580847702,594926,581442628,0.1
20160330,4797918167,36510908,4834429075,0.76,580912200,614742,581526942,0.11
20160331,4745851234,35249109,4781100343,0.74,597127482,605691,597733173,0.1
20160401,4821870708,36553601,4858424309,0.75,601828611,556420,602385031,0.09
20160402,4303954613,35641797,4339596410,0.82,559942361,517640,560460001,0.09
20160403,4128462919,33220159,4161683078,0.8,575296513,519729,575816242,0.09
20160404,4518974925,34869605,4553844530,0.77,608338154,545830,608883984,0.09
20160405,4691549583,38164866,4729714449,0.81,628322970,564649,628887619,0.09
20160406,4798218518,38960742,4837179260,0.81,618388450,617408,619005858,0.1
20160407,4721076581,38397585,4759474166,0.81,617039105,601933,617641038,0.1
20160408,4645855611,38329227,4684184838,0.82,595612621,564752,596177373,0.09
20160409,4363260467,42206600,4405467067,0.96,587446733,532812,587979545,0.09
20160410,4188765692,37798614,4226564306,0.89,591095380,548413,591643793,0.09
20160411,4525582466,39599056,4565181522,0.87,597183106,611076,597794182,0.1
20160412,4526993306,38568824,4565562130,0.84,627584881,606022,628190903,0.1
20160413,4422876381,32243266,4455119647,0.72,643101013,609387,643710400,0.09
20160414,4446228649,32243845,4478472494,0.72,635541271,646991,636188262,0.1
20160415,4249475882,31422035,4280897917,0.73,627139357,597669,627737026,0.1
20160416,3976468484,31795497,4008263981,0.79,610316021,575608,610891629,0.09
20160417,3764499828,29990438,3794490266,0.79,596453115,534555,596987670,0.09
20160418,4186992283,33102591,4220094874,0.78,614264620,732044,614996664,0.12
20160419,4271804614,33192132,4304996746,0.77,620276389,591759,620868148,0.1
20160420,4254579307,33294564,4287873871,0.78,654004217,609344,654613561,0.09
20160421,4686959900,48932977,4735892877,1.03,700310009,876104,701186113,0.12
20160422,4295395881,37977995,4333373876,0.88,603224706,590822,603815528,0.1
20160423,4136590289,37421985,4174012274,0.9,581344218,568702,581912920,0.1
20160424,3975324644,35812112,4011136756,0.89,585706142,548760,586254902,0.09
20160425,4711564786,38730884,4750295670,0.82,666867226,627250,667494476,0.09
20160426,4518984423,37490099,4556474522,0.82,618133780,615673,618749453,0.1
20160427,4653272606,39133170,4692405776,0.83,619153285,640954,619794239,0.1
20160428,4768057073,37744566,4805801639,0.79,622152817,691668,622844485,0.11
20160429,4639394378,39488862,4678883240,0.84,613096260,645441,613741701,0.11
20160430,4166932697,37436506,4204369203,0.89,593927679,546389,594474068,0.09
20160501,4010207014,34373655,4044580669,0.85,607607392,544537,608151929,0.09
20160502,4437121976,36191377,4473313353,0.81,617994502,653004,618647506,0.11
20160503,4268851976,36676492,4305528468,0.85,647144922,685454,647830376,0.11
20160504,4492968788,35372603,4528341391,0.78,651375852,711495,652087347,0.11
20160505,4411937614,33020366,4444957980,0.74,644676456,636222,645312678,0.1
20160506,4390580360,35682266,4426262626,0.81,641006525,584287,641590812,0.09
20160507,3856497043,36223598,3892720641,0.93,603784785,563456,604348241,0.09
20160508,3753893487,35555211,3789448698,0.94,608755187,571866,609327053,0.09
20160509,4212568530,35711858,4248280388,0.84,673898697,606045,674504742,0.09
20160510,4452567316,36113004,4488680320,0.8,657640655,594148,658234803,0.09
20160511,4498084363,34490038,4532574401,0.76,656328826,644509,656973335,0.1
20160512,4149603282,33978299,4183581581,0.81,652211305,658404,652869709,0.1
20160513,7363726523,33281888,7397008411,0.45,734423129,638546,735061675,0.09
20160514,8568579307,34777723,8603357030,0.4,934657204,584784,935241988,0.06
20160515,8508227857,33763426,8541991283,0.4,877892251,753440,878645691,0.09
20160516,8366778003,33396442,8400174445,0.4,819531079,764478,820295557,0.09
20160517,7742748136,33162706,7775910842,0.43,761987543,753495,762741038,0.1
20160518,7217006871,32179834,7249186705,0.44,747816240,734750,748550990,0.1
20160519,6811629169,32138448,6843767617,0.47,761631752,710014,762341766,0.09
20160520,6842962862,34499025,6877461887,0.5,752182393,688802,752871195,0.09
20160521,6049489642,34327869,6083817511,0.56,690797129,586869,691383998,0.08
20160522,5687668948,33450036,5721118984,0.58,682397713,620637,683018350,0.09
20160523,5898885215,33869286,5932754501,0.57,707666820,726599,708393419,0.1
20160524,5837655928,33995823,5871651751,0.58,732655370,714657,733370027,0.1
20160525,5746038222,33252727,5779290949,0.58,739421288,721853,740143141,0.1
20160526,5151983932,32364322,5184348254,0.62,719635776,733319,720369095,0.1
20160527,4899738893,34118425,4933857318,0.69,736413920,703050,737116970,0.1
20160528,4564410984,33768305,4598179289,0.73,702588288,616617,703204905,0.09
20160529,4519113055,31798050,4550911105,0.7,709456308,640970,710097278,0.09
20160530,4778483025,32991653,4811474678,0.69,748957313,706645,749663958,0.09
20160531,5120607082,33603964,5154211046,0.65,759072486,652482,759724968,0.09
20160601,5067451513,32153509,5099605022,0.63,742604208,618195,743222403,0.08
20160602,5029814956,31556783,5061371739,0.62,734279829,612633,734892462,0.08
20160603,4857024565,32625348,4889649913,0.67,749104021,588240,749692261,0.08
20160604,4639425219,30812982,4670238201,0.66,726381477,573968,726955445,0.08
20160605,4481048076,32408389,4513456465,0.72,711645733,557416,712203149,0.08
20160606,4891452101,36256976,4927709077,0.74,744677297,637788,745315085,0.09
20160607,5007121590,34438265,5041559855,0.68,764589763,643024,765232787,0.08
20160608,5303287994,34235070,5337523064,0.64,779362760,642242,780005002,0.08
20160609,5184594655,33847231,5218441886,0.65,766142206,617427,766759633,0.08
20160610,5039713960,34204722,5073918682,0.67,747632394,583258,748215652,0.08
20160611,4783035544,32613311,4815648855,0.68,725952016,559179,726511195,0.08
20160612,4775213072,32455796,4807668868,0.68,710801169,595493,711396662,0.08
20160613,5053234361,34334775,5087569136,0.67,723656523,614964,724271487,0.08
20160614,5055333125,34347611,5089680736,0.67,722387686,638125,723025811,0.09
20160615,5307754938,34289648,5342044586,0.64,723998494,680197,724678691,0.09
20160616,4680611936,33808444,4714420380,0.72,816197191,667082,816864273,0.08
20160617,3604352884,33254811,3637607695,0.91,813549164,680375,814229539,0.08
20160618,3352292639,32713309,3385005948,0.97,807174527,642309,807816836,0.08
20160619,3238681428,32792274,3271473702,1.0,802718514,627532,803346046,0.08
20160620,3456927996,33890417,3490818413,0.97,798252713,682227,798934940,0.09
20160621,3590142581,35033100,3625175681,0.97,681486405,730770,682217175,0.11
20160622,3698229593,34497880,3732727473,0.92,556188497,781413,556969910,0.14
20160623,3856150007,35429105,3891579112,0.91,553903279,762292,554665571,0.14
20160624,3634397128,35881156,3670278284,0.98,541678261,788296,542466557,0.15
20160625,3364660055,35969937,3400629992,1.06,521912007,965053,522877060,0.18
20160626,3506528283,33968201,3540496484,0.96,503322469,729620,504052089,0.14
20160627,3847969319,37749912,3885719231,0.97,521517024,781993,522299017,0.15
20160628,3944629839,37246955,3981876794,0.94,543727780,763338,544491118,0.14
20160629,3958925923,35650796,3994576719,0.89,529822252,771885,530594137,0.15
20160630,3855643107,34863813,3890506920,0.9,514209908,700392,514910300,0.14
20160701,3767930021,35972168,3803902189,0.95,509023050,683109,509706159,0.13
20160702,3459416663,33634584,3493051247,0.96,486274446,655847,486930293,0.13
20160703,3383968395,32371874,3416340269,0.95,474574258,643203,475217461,0.14
20160704,3649229565,35755942,3684985507,0.97,504768885,703823,505472708,0.14
20160705,3807435747,36151107,3843586854,0.94,513502649,754584,514257233,0.15
20160706,3844789200,38043600,3882832800,0.98,500394522,764613,501159135,0.15
20160707,3906307409,37116425,3943423834,0.94,534514235,784697,535298932,0.15
20160708,3959111373,39399575,3998510948,0.99,494324322,832378,495156700,0.17
20160709,3758640492,41610465,3800250957,1.09,484978266,790036,485768302,0.16
20160710,3734362797,42291527,3776654324,1.12,479241918,778926,480020844,0.16
20160711,4084475195,41688647,4126163842,1.01,518150840,896916,519047756,0.17
20160712,4152472263,39422950,4191895213,0.94,537150471,934516,538084987,0.17
20160713,4142393415,38362938,4180756353,0.92,542399122,905226,543304348,0.17
20160714,4300786514,34492423,4335278937,0.8,534908669,893176,535801845,0.17
20160715,4115777755,37113121,4152890876,0.89,518834333,921658,519755991,0.18
20160716,3793593606,37297735,3830891341,0.97,489042709,759825,489802534,0.16
20160717,3699076558,36529705,3735606263,0.98,487609695,689393,488299088,0.14
20160718,4120530202,39418081,4159948283,0.95,514665097,820011,515485108,0.16
20160719,4158510629,40541890,4199052519,0.97,505688740,855950,506544690,0.17
20160720,4080934765,38189876,4119124641,0.93,520740383,950014,521690397,0.18
20160721,4039961478,39767931,4079729409,0.97,560837039,913324,561750363,0.16
20160722,4008337989,38813234,4047151223,0.96,523877362,797937,524675299,0.15
20160723,3573467132,38607106,3612074238,1.07,456604719,695569,457300288,0.15
20160724,3446220454,39173115,3485393569,1.12,485814313,680215,486494528,0.14
20160725,3930670731,40348045,3971018776,1.02,498726508,805431,499531939,0.16
20160726,4008595431,36731353,4045326784,0.91,497931537,828684,498760221,0.17
20160727,4075355767,34609819,4109965586,0.84,492793120,843717,493636837,0.17
20160728,4001594989,35810577,4037405566,0.89,473932764,802733,474735497,0.17
20160729,3875081193,32763909,3907845102,0.84,458356842,761157,459117999,0.17
20160730,3423434297,30885391,3454319688,0.89,432152358,708892,432861250,0.16
20160731,3401561406,30696279,3432257685,0.89,437678814,747307,438426121,0.17
20160801,3943760336,34238274,3977998610,0.86,463381123,1160548,464541671,0.25
20160802,4024670723,33815897,4058486620,0.83,467013695,820288,467833983,0.18
20160803,4033781353,36610616,4070391969,0.9,455854978,823130,456678108,0.18
20160804,3894902280,37105639,3932007919,0.94,465108610,969060,466077670,0.21
20160805,3628391332,38334382,3666725714,1.05,463776174,1069716,464845890,0.23
20160806,3343255253,34205709,3377460962,1.01,440844826,904987,441749813,0.2
20160807,3261313762,32240174,3293553936,0.98,439640532,772556,440413088,0.18
20160808,3789828694,34916057,3824744751,0.91,461575752,833270,462409022,0.18
20160809,4026135634,36556121,4062691755,0.9,475985777,2344784,478330561,0.49
20160810,4200741869,38209881,4238951750,0.9,484087695,936248,485023943,0.19
20160811,4115320706,40398369,4155719075,0.97,491952704,954607,492907311,0.19
20160812,3907569434,41866800,3949436234,1.06,489485637,972660,490458297,0.2
20160813,3576019879,39680020,3615699899,1.1,439669781,982232,440652013,0.22
20160814,3617155625,39763475,3656919100,1.09,449417632,960007,450377639,0.21
20160815,3827125691,41903927,3869029618,1.08,468647732,1015040,469662772,0.22
20160816,3945528559,43677980,3989206539,1.09,480480419,1008519,481488938,0.21
20160817,4008049055,44158630,4052207685,1.09,483087576,985276,484072852,0.2
20160818,4129916657,44312043,4174228700,1.06,492589253,965605,493554858,0.2
20160819,4020739422,42134060,4062873482,1.04,503408475,1055922,504464397,0.21
20160820,3776606238,39958108,3816564346,1.05,491299581,1008111,492307692,0.2
20160821,3772421416,39074572,3811495988,1.03,491127342,990814,492118156,0.2
20160822,4169281935,40264058,4209545993,0.96,511266820,1137609,512404429,0.22
20160823,4206877952,43362042,4250239994,1.02,511124372,924760,512049132,0.18
20160824,4297372643,43375088,4340747731,1.0,522932165,953306,523885471,0.18
20160825,4298621732,43838999,4342460731,1.01,512562633,938715,513501348,0.18
20160826,4082398760,45312398,4127711158,1.1,478007396,994694,479002090,0.21
20160827,3712704883,42079381,3754784264,1.12,452639293,953896,453593189,0.21
20160828,3597723706,43161646,3640885352,1.19,457831021,847214,458678235,0.18
20160829,4105559191,49173564,4154732755,1.18,481025534,2437993,483463527,0.5
20160830,4393337822,51405078,4444742900,1.16,492168493,3301528,495470021,0.67
20160831,4361262446,49402183,4410664629,1.12,504863640,978801,505842441,0.19
20160901,4075216444,38623679,4113840123,0.94,508887952,989679,509877631,0.19
20160902,4023882616,38542761,4062425377,0.95,499213572,965315,500178887,0.19
20160903,3622542081,37209128,3659751209,1.02,460827313,920463,461747776,0.2
20160904,3745128407,38750613,3783879020,1.02,464142070,872792,465014862,0.19
20160905,4160205057,40398056,4200603113,0.96,488429291,994487,489423778,0.2
20160906,4239031697,40796564,4279828261,0.95,501756546,992719,502749265,0.2
20160907,4339445702,40357676,4379803378,0.92,515751798,993258,516745056,0.19
20160908,4305703592,40483967,4346187559,0.93,501111659,991041,502102700,0.2
20160909,4192329950,39593151,4231923101,0.94,495925926,995041,496920967,0.2
20160910,3848435041,37936733,3886371774,0.98,486298052,904045,487202097,0.19
20160911,3752726047,37304575,3790030622,0.98,493031801,913186,493944987,0.18
20160912,4172280587,39063590,4211344177,0.93,510863096,987464,511850560,0.19
20160913,4421358708,39501984,4460860692,0.89,530921691,1040687,531962378,0.2
20160914,4418499852,37277501,4455777353,0.84,531640454,1070307,532710761,0.2
20160915,4389703533,38248593,4427952126,0.86,530826403,1317564,532143967,0.25
20160916,4199623581,36168487,4235792068,0.85,523074250,1084734,524158984,0.21
20160917,3637234953,32360955,3669595908,0.88,501919071,980283,502899354,0.19
20160918,3730321925,30218953,3760540878,0.8,513847580,1030506,514878086,0.2
20160919,4199257327,35236071,4234493398,0.83,543567350,1093966,544661316,0.2
20160920,4105988942,32089352,4138078294,0.78,529975498,1061869,531037367,0.2
20160921,3933660974,32130122,3965791096,0.81,498947975,985276,499933251,0.2
20160922,3994051728,31848706,4025900434,0.79,495477379,1048414,496525793,0.21
20160923,3794184948,31642652,3825827600,0.83,478957874,958354,479916228,0.2
20160924,3536940140,30418951,3567359091,0.85,452794258,900163,453694421,0.2
20160925,4271551132,29382753,4300933885,0.68,470670189,889775,471559964,0.19
20160926,4337611110,31741376,4369352486,0.73,477719145,997626,478716771,0.21
20160927,4330388705,33223608,4363612313,0.76,483021826,978357,484000183,0.2
20160928,4409664717,34611059,4444275776,0.78,501764737,1033992,502798729,0.21
20160929,5769868331,48892900,5818761231,0.84,584883442,1641112,586524554,0.28
20160930,5147956652,44707782,5192664434,0.86,572274892,1399106,573673998,0.24
20161001,4459787811,64145668,4523933479,1.42,530767564,3744305,534511869,0.7
20161002,3915153782,70787496,3985941278,1.78,496790536,5357870,502148406,1.07
20161003,4138331355,75536509,4213867864,1.79,512097469,5741161,517838630,1.11
20161004,3985717337,73054440,4058771777,1.8,488931135,5665014,494596149,1.15
20161005,3944331248,71816212,4016147460,1.79,487529827,5177024,492706851,1.05
20161006,3964227919,70466860,4034694779,1.75,496615280,5393486,502008766,1.07
20161007,4159841544,71846406,4231687950,1.7,567018441,5673347,572691788,0.99
20161008,3410970996,64858549,3475829545,1.87,499430307,5484931,504915238,1.09
20161009,3417481748,63602721,3481084469,1.83,499442913,5390378,504833291,1.07
20161010,3678334612,68830897,3747165509,1.84,520330192,5549836,525880028,1.06
20161011,3679251143,71127119,3750378262,1.9,523254756,5715121,528969877,1.08
20161012,3783706301,71431831,3855138132,1.85,540383473,6043002,546426475,1.11
20161013,3812316129,70309631,3882625760,1.81,545472614,6366369,551838983,1.15
20161014,3789358228,72413235,3861771463,1.88,547144626,6126492,553271118,1.11
20161015,3490645819,66565049,3557210868,1.87,508601417,5713557,514314974,1.11
20161016,3499251635,64160298,3563411933,1.8,506731777,5727401,512459178,1.12
20161017,3841565254,70682938,3912248192,1.81,535840463,6937850,542778313,1.28
20161018,3811319509,70787918,3882107427,1.82,557150781,6655668,563806449,1.18
20161019,3842359689,69006508,3911366197,1.76,538961739,6903635,545865374,1.26
20161020,3844030090,68196496,3912226586,1.74,539076839,6710670,545787509,1.23
20161021,3910471280,70099982,3980571262,1.76,533240198,7255533,540495731,1.34
20161022,3769083934,66163012,3835246946,1.73,516341414,6107665,522449079,1.17
20161023,3690524831,65191989,3755716820,1.74,511907529,6339368,518246897,1.22
20161024,4031303085,70750229,4102053314,1.72,534313479,6528133,540841612,1.21
20161025,3988311861,71254408,4059566269,1.76,517804254,6443760,524248014,1.23
20161026,4065740247,70487274,4136227521,1.7,557371569,7018746,564390315,1.24
20161027,4087723881,72740493,4160464374,1.75,583689935,6790345,590480280,1.15
20161028,4043334142,72271433,4115605575,1.76,627802374,6618570,634420944,1.04
20161029,3616978910,65424920,3682403830,1.78,609567872,6663102,616230974,1.08
20161030,3624756103,64168795,3688924898,1.74,601027554,6347428,607374982,1.05
20161031,3978200506,72202888,4050403394,1.78,665274301,6937744,672212045,1.03
20161101,4101601802,70698051,4172299853,1.69,656113556,7208699,663322255,1.09
20161102,4314791545,69942438,4384733983,1.6,673299537,7100184,680399721,1.04
20161103,4308134482,70281217,4378415699,1.61,686411474,7330736,693742210,1.06
20161104,4394681838,69831402,4464513240,1.56,646823846,7248392,654072238,1.11
20161105,3963190542,63485343,4026675885,1.58,636670219,7039056,643709275,1.09
20161106,3871368942,62859571,3934228513,1.6,662278412,6833671,669112083,1.02
20161107,4120338147,70988919,4191327066,1.69,692350353,7448173,699798526,1.06
20161108,4266509561,72697121,4339206682,1.68,696683227,7898800,704582027,1.12
20161109,4296546550,69508145,4366054695,1.59,715233923,7908004,723141927,1.09
20161110,4130878063,70591041,4201469104,1.68,726909625,8011430,734921055,1.09
20161111,3992200999,73879738,4066080737,1.82,762172829,7671871,769844700,1.0
20161112,3704042584,66042096,3770084680,1.75,718997150,6650092,725647242,0.92
20161113,3863189789,66333847,3929523636,1.69,736878634,7150923,744029557,0.96
20161114,4044131335,67620426,4111751761,1.64,920328284,8018980,928347264,0.86
20161115,4210423012,69152838,4279575850,1.62,757719962,8184565,765904527,1.07
20161116,4140999735,70916356,4211916091,1.68,1202092744,8699556,1210792300,0.72
20161117,4163282974,70435110,4233718084,1.66,1244186059,7742007,1251928066,0.62
20161118,4157035520,74544969,4231580489,1.76,1395909392,7437065,1403346457,0.53
20161119,3898246954,68646740,3966893694,1.73,1309830219,7103751,1316933970,0.54
20161120,3839322457,66845362,3906167819,1.71,1283518013,7477223,1290995236,0.58
20161121,4202610875,74110311,4276721186,1.73,964781363,8501125,973282488,0.87
20161122,4399181615,76863604,4476045219,1.72,673598430,9424653,683023083,1.38
20161123,4368405040,78263713,4446668753,1.76,669842491,9446128,679288619,1.39
20161124,4189448358,75931315,4265379673,1.78,657574915,9161909,666736824,1.37
20161125,4263126619,76049106,4339175725,1.75,674483099,9334869,683817968,1.37
20161126,3825808167,67098739,3892906906,1.72,865224205,8661594,873885799,0.99
20161127,3936821977,66809979,4003631956,1.67,1067438349,8704627,1076142976,0.81
20161128,4458348722,74870329,4533219051,1.65,878424402,9378196,887802598,1.06
20161129,4556841066,70128985,4626970051,1.52,701860653,7459589,709320242,1.05
20161130,4472079539,67241218,4539320757,1.48,869833549,8380287,878213836,0.95
20161201,4431403237,69757526,4501160763,1.55,718348124,8094740,726442864,1.11
20161202,4413678397,72168432,4485846829,1.61,1021359129,8269296,1029628425,0.8
20161203,4022064597,65030567,4087095164,1.59,1111525927,6726577,1118252504,0.6
20161204,3989529393,62368407,4051897800,1.54,1119778801,7006666,1126785467,0.62
20161205,4480947661,72813608,4553761269,1.6,1171339690,8517046,1179856736,0.72
20161206,4572887258,75330221,4648217479,1.62,885238421,9279415,894517836,1.04
20161207,4525638082,74150673,4599788755,1.61,712924355,7800687,720725042,1.08
20161208,4425877346,72034639,4497911985,1.6,722235609,8690780,730926389,1.19
20161209,4314115550,70379992,4384495542,1.61,714535656,7092148,721627804,0.98
20161210,4073770837,63465412,4137236249,1.53,700013935,6111183,706125118,0.87
20161211,3966327551,60324827,4026652378,1.5,684339560,6582304,690921864,0.95
20161212,4497917811,70385580,4568303391,1.54,746291790,7465886,753757676,0.99
20161213,4470028845,71994081,4542022926,1.59,751788363,8050043,759838406,1.06
20161214,4578203611,71863684,4650067295,1.55,713679035,8970663,722649698,1.24
20161215,4503879174,72165114,4576044288,1.58,699390976,9115466,708506442,1.29
20161216,4519556566,74857542,4594414108,1.63,730039729,8467002,738506731,1.15
20161217,3987853049,65588313,4053441362,1.62,679324917,6301060,685625977,0.92
20161218,3777130730,62971298,3840102028,1.64,668531182,6515846,675047028,0.97
20161219,4182207414,71225419,4253432833,1.67,714596356,7232476,721828832,1.0
20161220,4290102321,79483692,4369586013,1.82,718020544,7334417,725354961,1.01
20161221,4243174410,73411468,4316585878,1.7,677217599,7463090,684680689,1.09
20161222,4151098094,67935798,4219033892,1.61,665723878,8073120,673796998,1.2
20161223,3965642822,64751439,4030394261,1.61,665673547,7240156,672913703,1.08
20161224,3662362045,60424007,3722786052,1.62,624054188,6091940,630146128,0.97
20161225,3591763710,59796006,3651559716,1.64,616220166,6147483,622367649,0.99
20161226,3750307536,60992467,3811300003,1.6,664973235,6331863,671305098,0.94
20161227,3841988382,63334313,3905322695,1.62,656059301,6318918,662378219,0.95
20161228,3948392356,65358258,4013750614,1.63,659083860,6572596,665656456,0.99
20161229,3948566075,63007971,4011574046,1.57,654248037,6180721,660428758,0.94
20161230,3911069794,62338781,3973408575,1.57,655255385,6315420,661570805,0.95
20161231,3774196595,62025798,3836222393,1.62,643811115,5964092,649775207,0.92
20170101,3690051650,60357196,3750408846,1.61,619843368,6479136,626322504,1.03
20170102,3876889232,63728452,3940617684,1.62,636401776,7582880,643984656,1.18
20170103,4051323036,72339150,4123662186,1.75,683139581,7593846,690733427,1.1
20170104,4180799938,67452810,4248252748,1.59,666119310,6625007,672744317,0.98
20170105,4173835444,67238475,4241073919,1.59,660230049,6821370,667051419,1.02
20170106,5012655717,86642085,5099297802,1.7,751158390,8568259,759726649,1.13
20170107,3958880571,63664588,4022545159,1.58,632218344,6955870,639174214,1.09
20170108,3892100770,64225271,3956326041,1.62,630360096,6501353,636861449,1.02
20170109,7298765931,124325496,7423091427,1.67,939596451,11809379,951405830,1.24
20170110,7180346878,139114065,7319460943,1.9,955181630,11893028,967074658,1.23
20170111,4296525961,77102099,4373628060,1.76,708548140,12018907,720567047,1.67
20170112,4183234174,81889536,4265123710,1.92,703515954,11950923,715466877,1.67
20170113,4145802157,75018272,4220820429,1.78,687784925,11915924,699700849,1.7
20170114,3725218585,68199340,3793417925,1.8,668408697,10886938,679295635,1.6
20170115,3699058294,66277572,3765335866,1.76,663348854,11283674,674632528,1.67
20170116,3979680393,70370647,4050051040,1.74,697107198,11579961,708687159,1.63
20170117,4097562882,68087111,4165649993,1.63,706033539,10876556,716910095,1.52
20170118,4074663163,68001686,4142664849,1.64,710794775,10206101,721000876,1.42
20170119,4194074612,69610723,4263685335,1.63,714497459,9484084,723981543,1.31
20170120,4015413430,68595235,4084008665,1.68,713891463,11716995,725608458,1.61
20170121,3761428252,65852946,3827281198,1.72,670678201,7024406,677702607,1.04
20170122,3838782266,65343931,3904126197,1.67,657929027,7067517,664996544,1.06
20170123,4102116066,69784911,4171900977,1.67,684915999,7555886,692471885,1.09
20170124,4059663278,68982175,4128645453,1.67,688955309,7887252,696842561,1.13
20170125,3992849230,69072590,4061921820,1.7,690838065,8445472,699283537,1.21
20170126,4077996242,68939733,4146935975,1.66,688758266,8900203,697658469,1.28
20170127,4158820334,68197380,4227017714,1.61,685996786,7386142,693382928,1.07
20170128,3653870823,63304162,3717174985,1.7,670350279,5884779,676235058,0.87
20170129,3735181903,62890845,3798072748,1.66,674040060,6030169,680070229,0.89
20170130,3910717789,66589697,3977307486,1.67,699660785,7850842,707511627,1.11
20170131,3960580553,69627751,4030208304,1.73,712169124,8825836,720994960,1.22
20170201,4012655647,70432240,4083087887,1.72,721010091,8375991,729386082,1.15
20170202,4018625441,68972101,4087597542,1.69,727287987,8722025,736010012,1.19
20170203,3999459162,65641109,4065100271,1.61,682717468,8737979,691455447,1.26
20170204,3994991975,64241754,4059233729,1.58,660925421,7392243,668317664,1.11
20170205,3932402376,64568793,3996971169,1.62,658486870,7630591,666117461,1.15
20170206,4062922133,69019403,4131941536,1.67,692668295,7350642,700018937,1.05
20170207,4279980237,70378489,4350358726,1.62,686864596,7233627,694098223,1.04
20170208,4344268667,70390414,4414659081,1.59,703276469,7611241,710887710,1.07
20170209,4422367669,70256187,4492623856,1.56,764587657,7688007,772275664,1.0
20170210,4552323889,69737663,4622061552,1.51,780048156,7358387,787406543,0.93
20170211,4218101248,65287715,4283388963,1.52,714247782,6552011,720799793,0.91
20170212,4240619350,64709605,4305328955,1.5,719717318,6351568,726068886,0.87
20170213,4506077941,69053222,4575131163,1.51,758161218,7636023,765797241,1.0
20170214,4394333297,69489685,4463822982,1.56,759522564,7935412,767457976,1.03
20170215,4464586021,68762291,4533348312,1.52,738307057,7802802,746109859,1.05
20170216,4593037333,70409467,4663446800,1.51,732810884,7967640,740778524,1.08
20170217,4607833077,74502401,4682335478,1.59,749072132,7926471,756998603,1.05
20170218,4192981561,65410781,4258392342,1.54,698568419,7619795,706188214,1.08
20170219,4111229430,64236792,4175466222,1.54,696789846,7278282,704068128,1.03
20170220,4587125297,72463283,4659588580,1.56,741705553,9023636,750729189,1.2
20170221,6894765715,112784448,7007550163,1.61,956052622,10787059,966839681,1.12
20170222,4685242771,74197190,4759439961,1.56,756483144,7756643,764239787,1.01
20170223,4683592686,72982457,4756575143,1.53,723411331,7214283,730625614,0.99
20170224,4517609568,73426829,4591036397,1.6,726936598,7361718,734298316,1.0
20170225,4204037182,70318197,4274355379,1.65,686716700,7092523,693809223,1.02
20170226,4289347720,68996647,4358344367,1.58,685444044,7244672,692688716,1.05
20170227,4563793837,72981875,4636775712,1.57,715684002,8288716,723972718,1.14
20170228,4685017340,75415547,4760432887,1.58,744131406,8976483,753107889,1.19
20170301,4732926713,73710804,4806637517,1.53,787988127,9305997,797294124,1.17
20170302,4692675192,73265848,4765941040,1.54,798636697,8371131,807007828,1.04
20170303,4714433340,73108823,4787542163,1.53,772486759,7319486,779806245,0.94
20170304,4410475490,69476469,4479951959,1.55,749276272,6513423,755789695,0.86
20170305,4476490073,67733506,4544223579,1.49,751426208,6979340,758405548,0.92
20170306,9771299982,172482406,9943782388,1.73,1242325475,15365015,1257690490,1.22
20170307,4740543865,74365556,4814909421,1.54,823734441,10974901,834709342,1.31
20170308,4840077327,76035460,4916112787,1.55,807856987,10252793,818109780,1.25
20170309,4794954581,75857638,4870812219,1.56,794331591,10729664,805061255,1.33
20170310,4908758355,77630795,4986389150,1.56,824435973,10160489,834596462,1.22
20170311,4612402572,66957093,4679359665,1.43,767997477,7682641,775680118,0.99
20170312,4612344967,65552875,4677897842,1.4,768103308,7389576,775492884,0.95
20170313,4769467671,71904555,4841372226,1.49,803964003,9057248,813021251,1.11
20170314,4953077576,73460458,5026538034,1.46,814926397,9820480,824746877,1.19
20170315,4751343320,74849608,4826192928,1.55,807260254,9462695,816722949,1.16
20170316,4802320427,74868418,4877188845,1.54,817666357,9942958,827609315,1.2
20170317,5186851957,85075815,5271927772,1.61,845254181,10108380,855362561,1.18
20170318,4523432220,69352869,4592785089,1.51,765332111,6913773,772245884,0.9
20170319,4431724383,67736344,4499460727,1.51,757006617,7078240,764084857,0.93
20170320,4979425729,75372257,5054797986,1.49,818172481,8331979,826504460,1.01
20170321,4746495358,75473270,4821968628,1.57,846886047,8884528,855770575,1.04
20170322,4903330719,77231854,4980562573,1.55,861150281,10360560,871510841,1.19
20170323,4993898756,75456848,5069355604,1.49,827264326,9095597,836359923,1.09
20170324,5053405146,77718244,5131123390,1.51,849106007,9652960,858758967,1.12
20170325,4679961306,68479802,4748441108,1.44,772958740,8404002,781362742,1.08
20170326,4371139696,69200151,4440339847,1.56,767200540,7852210,775052750,1.01
20170327,4861690182,75692945,4937383127,1.53,805865436,9615610,815481046,1.18
20170328,4740782696,75936393,4816719089,1.58,803357301,8948141,812305442,1.1
20170329,4793720768,76449564,4870170332,1.57,809616553,9137415,818753968,1.12
20170330,4856531099,77346481,4933877580,1.57,787957447,9092353,797049800,1.14
20170331,4450483089,74264078,4524747167,1.64,735078888,8095623,743174511,1.09
20170401,3913607508,67660868,3981268376,1.7,690951254,7968619,698919873,1.14
20170402,3786344799,66087531,3852432330,1.72,684044787,8168488,692213275,1.18
20170403,4179587941,70473944,4250061885,1.66,711452661,8722183,720174844,1.21
20170404,4567977800,73526818,4641504618,1.58,745859556,9127198,754986754,1.21
20170405,4532851274,75081202,4607932476,1.63,761874871,8900831,770775702,1.15
20170406,4370281556,75779430,4446060986,1.7,748844765,8680460,757525225,1.15
20170407,4299061339,73408762,4372470101,1.68,772965336,8938547,781903883,1.14
20170408,3898365103,67679772,3966044875,1.71,723406260,7552841,730959101,1.03
20170409,3823515113,66240204,3889755317,1.7,712096473,7095189,719191662,0.99
20170410,4326276797,71311333,4397588130,1.62,745947936,8629397,754577333,1.14
20170411,4414739751,73554443,4488294194,1.64,772940076,9150281,782090357,1.17
20170412,4420225212,76153627,4496378839,1.69,779681149,9327488,789008637,1.18
20170413,4544189085,75832946,4620022031,1.64,769008399,8947978,777956377,1.15
20170414,4298566163,72579987,4371146150,1.66,767121438,7883754,775005192,1.02
20170415,3978434026,67023898,4045457924,1.66,719859182,6884738,726743920,0.95
20170416,3929985751,65325119,3995310870,1.64,696917281,6999936,703917217,0.99
20170417,4355407785,72604031,4428011816,1.64,736693155,8099543,744792698,1.09
20170418,4450606030,77407447,4528013477,1.71,752603252,9714739,762317991,1.27
20170419,4403035936,78272177,4481308113,1.75,760844720,9518516,770363236,1.24
20170420,4420328985,78331831,4498660816,1.74,710274261,9489229,719763490,1.32
20170421,4168829144,74780548,4243609692,1.76,688464054,9181190,697645244,1.32
20170422,3733253768,68325341,3801579109,1.8,652133810,8626841,660760651,1.31
20170423,3724621558,66917244,3791538802,1.76,674746896,7479036,682225932,1.1
20170424,4566845060,74607565,4641452625,1.61,681237342,9236618,690473960,1.34
20170425,5412822339,102007877,5514830216,1.85,765692807,11255164,776947971,1.45
20170426,4332674532,78219229,4410893761,1.77,705778885,9713632,715492517,1.36
20170427,4071429654,76486621,4147916275,1.84,660562121,8714989,669277110,1.3
20170428,4068621798,74375603,4142997401,1.8,652871835,9031200,661903035,1.36
20170429,4068083743,67712201,4135795944,1.64,627035292,7917755,634953047,1.25
20170430,3877212802,66242794,3943455596,1.68,614066573,8224056,622290629,1.32
20170501,4051971459,68049769,4120021228,1.65,640443171,8864628,649307799,1.37
20170502,4453993793,74525443,4528519236,1.65,643706923,9988723,653695646,1.53
20170503,4832839680,76538996,4909378676,1.56,692894594,10366086,703260680,1.47
20170504,4636030459,76165859,4712196318,1.62,728266448,10050228,738316676,1.36
20170505,4241764422,75618969,4317383391,1.75,715108745,9739828,724848573,1.34
20170506,3900536546,68602456,3969139002,1.73,701006310,9079680,710085990,1.28
20170507,3831495154,67460821,3898955975,1.73,688326958,9186856,697513814,1.32
20170508,4338360501,73331878,4411692379,1.66,724780847,10282490,735063337,1.4
20170509,4247098195,77265762,4324363957,1.79,736812905,10618638,747431543,1.42
20170510,4264359055,77148471,4341507526,1.78,750196921,9630672,759827593,1.27
20170511,4445365060,78545792,4523910852,1.74,737712994,9619454,747332448,1.29
20170512,4263109162,75895345,4339004507,1.75,726707292,9193887,735901179,1.25
20170513,3791728910,69686139,3861415049,1.8,682430062,8422580,690852642,1.22
20170514,3675770732,67562897,3743333629,1.8,682792404,8327313,691119717,1.2
20170515,4136390754,76935803,4213326557,1.83,728405552,9940351,738345903,1.35
20170516,4212573578,79065560,4291639138,1.84,734911518,10103937,745015455,1.36
20170517,4192467601,77481590,4269949191,1.81,721750342,10100475,731850817,1.38
20170518,4220382085,75452137,4295834222,1.76,708237024,10742732,718979756,1.49
20170519,4094453953,76659020,4171112973,1.84,709582396,10540376,720122772,1.46
20170520,3705411416,70412574,3775823990,1.86,696204116,9304531,705508647,1.32
20170521,3694811347,70306297,3765117644,1.87,703579468,9071529,712650997,1.27
20170522,4034982651,78263842,4113246493,1.9,725920197,10493489,736413686,1.42
20170523,4158700287,81251569,4239951856,1.92,710435588,10749584,721185172,1.49
20170524,4121944716,75698731,4197643447,1.8,692150327,11623577,703773904,1.65
20170525,4043760512,74979482,4118739994,1.82,666877903,10543202,677421105,1.56
20170526,4007492009,74527317,4082019326,1.83,679013723,9979632,688993355,1.45
20170527,3689449490,68145672,3757595162,1.81,647535044,9356225,656891269,1.42
20170528,3560616597,65984599,3626601196,1.82,639738667,9122916,648861583,1.41
20170529,3890773346,71190776,3961964122,1.8,669164105,10106052,679270157,1.49
20170530,4024698372,71150743,4095849115,1.74,672134892,10185777,682320669,1.49
20170531,4105173801,72606675,4177780476,1.74,689493639,10571267,700064906,1.51
20170601,4292102831,72250883,4364353714,1.66,717144750,11009157,728153907,1.51
20170602,4131592305,71923598,4203515903,1.71,698380961,10829936,709210897,1.53
20170603,3787901239,67586790,3855488029,1.75,627567418,10690101,638257519,1.67
20170604,3753324574,66540497,3819865071,1.74,598536236,10011851,608548087,1.65
20170605,3986272640,70786757,4057059397,1.74,646675505,10160677,656836182,1.55
20170606,4139489083,73714836,4213203919,1.75,649153928,9921207,659075135,1.51
20170607,4135688406,74085623,4209774029,1.76,698483106,10269922,708753028,1.45
20170608,4164128581,70726577,4234855158,1.67,619480090,10347518,629827608,1.64
20170609,4121296293,68765521,4190061814,1.64,600426356,10824420,611250776,1.77
20170610,3824288551,63876179,3888164730,1.64,562631240,10067630,572698870,1.76
20170611,3607585778,64306634,3671892412,1.75,571845805,9781623,581627428,1.68
20170612,3971427447,69927474,4041354921,1.73,624644117,11411957,636056074,1.79
20170613,4306866566,74807733,4381674299,1.71,664428176,11599075,676027251,1.72
20170614,4397327405,74835606,4472163011,1.67,685054959,11550643,696605602,1.66
20170615,4296878991,77706749,4374585740,1.78,721515096,12225862,733740958,1.67
20170616,4237293644,78608999,4315902643,1.82,776920273,12249147,789169420,1.55
20170617,3787748094,70732596,3858480690,1.83,707519025,9532313,717051338,1.33
20170618,3752385739,79659231,3832044970,2.08,715062183,9853218,724915401,1.36
20170619,4247903821,87280541,4335184362,2.01,766511986,10811159,777323145,1.39
20170620,4234764308,80957339,4315721647,1.88,760937408,12087093,773024501,1.56
20170621,4175634865,82883954,4258518819,1.95,755163638,11618606,766782244,1.52
20170622,4131814406,83944342,4215758748,1.99,714861215,11133709,725994924,1.53
20170623,4046553423,86826610,4133380033,2.1,711625352,9887523,721512875,1.37
20170624,3675374401,74398946,3749773347,1.98,687848830,9191602,697040432,1.32
20170625,3754089762,72764736,3826854498,1.9,690228784,9230732,699459516,1.32
20170626,4183597598,84503196,4268100794,1.98,748105543,10613183,758718726,1.4
20170627,4425138564,90874637,4516013201,2.01,759930301,11671191,771601492,1.51
20170628,4266240839,92030074,4358270913,2.11,717069265,11798107,728867372,1.62
20170629,4303959441,92455577,4396415018,2.1,705748069,10827941,716576010,1.51
20170630,4285154604,89171524,4374326128,2.04,688191942,10435050,698626992,1.49
20170701,3959331790,83218429,4042550219,2.06,664549078,9515338,674064416,1.41
20170702,3788129567,80862295,3868991862,2.09,653919504,9479414,663398918,1.43
20170703,4175895825,92122278,4268018103,2.16,697093938,10489630,707583568,1.48
20170704,4196393943,86159020,4282552963,2.01,696557397,11213637,707771034,1.58
20170705,4265443171,87534496,4352977667,2.01,704946243,10635513,715581756,1.49
20170706,4231922320,83806799,4315729119,1.94,672866219,10456136,683322355,1.53
20170707,4194737053,79432141,4274169194,1.86,674343699,10465039,684808738,1.53
20170708,3889732981,73702325,3963435306,1.86,622004303,9275216,631279519,1.47
20170709,3783146334,73408117,3856554451,1.9,630334573,9141300,639475873,1.43
20170710,4173457270,78102786,4251560056,1.84,691982725,9972779,701955504,1.42
20170711,4255675992,81878751,4337554743,1.89,716407402,10436409,726843811,1.44
20170712,4263659271,80985325,4344644596,1.86,665699542,10575750,676275292,1.56
20170713,4234200127,81893385,4316093512,1.9,621452033,10629755,632081788,1.68
20170714,4100589562,80278517,4180868079,1.92,648770702,10001324,658772026,1.52
20170715,3875258311,74318165,3949576476,1.88,603569874,9643800,613213674,1.57
20170716,3800349163,70828853,3871178016,1.83,601052937,9428581,610481518,1.54
20170717,4240187006,77650312,4317837318,1.8,668047872,11037410,679085282,1.63
20170718,4258744301,78712050,4337456351,1.81,673853489,11639699,685493188,1.7
20170719,4246101948,78077913,4324179861,1.81,679798497,10897119,690695616,1.58
20170720,4321469283,78539200,4400008483,1.78,688838843,10888881,699727724,1.56
20170721,4181895609,77114307,4259009916,1.81,657305738,10975881,668281619,1.64
20170722,3901040194,70372975,3971413169,1.77,610993160,9633936,620627096,1.55
20170723,3729679939,68104066,3797784005,1.79,614700561,9420233,624120794,1.51
20170724,4108108922,74447618,4182556540,1.78,669027560,10357961,679385521,1.52
20170725,4182070349,75953601,4258023950,1.78,664037790,10500393,674538183,1.56
20170726,4237335569,76776072,4314111641,1.78,631888489,10900107,642788596,1.7
20170727,4146501195,78415668,4224916863,1.86,619159764,11413955,630573719,1.81
20170728,3959870212,76788089,4036658301,1.9,601199522,10518871,611718393,1.72
20170729,3649901322,69033078,3718934400,1.86,567003946,9212892,576216838,1.6
20170730,3653899917,68208135,3722108052,1.83,562071006,8682304,570753310,1.52
20170731,4012396715,75569632,4087966347,1.85,596443539,10037587,606481126,1.66
20170801,4160971838,77362052,4238333890,1.83,612495465,10282785,622778250,1.65
20170802,4012573377,76625941,4089199318,1.87,597541059,10417296,607958355,1.71
20170803,3959774460,75469772,4035244232,1.87,593121881,10372684,603494565,1.72
20170804,4015909373,77713709,4093623082,1.9,656294407,10320556,666614963,1.55
20170805,3666662444,72089082,3738751526,1.93,608649509,9077303,617726812,1.47
20170806,3604653667,70801814,3675455481,1.93,606489897,8981560,615471457,1.46
20170807,4610099450,93803440,4703902890,1.99,688800757,11165805,699966562,1.6
20170808,4138684405,78802495,4217486900,1.87,677794036,10351962,688145998,1.5
20170809,4025393190,76946999,4102340189,1.88,649367382,10598366,659965748,1.61
20170810,4059926265,78833081,4138759346,1.9,628350683,10181898,638532581,1.59
20170811,4048582361,78714556,4127296917,1.91,626423582,9870998,636294580,1.55
20170812,3827748571,69984476,3897733047,1.8,608467561,8794881,617262442,1.42
20170813,3737427791,70547133,3807974924,1.85,604807054,8833475,613640529,1.44
20170814,4079843361,75992246,4155835607,1.83,637908320,9588295,647496615,1.48
20170815,3988021064,76669034,4064690098,1.89,635309409,9633548,644942957,1.49
20170816,3726053212,78108170,3804161382,2.05,626003379,10489825,636493204,1.65
20170817,3801204893,82580248,3883785141,2.13,628664648,10328849,638993497,1.62
20170818,4059097998,82246532,4141344530,1.99,634509985,10116805,644626790,1.57
20170819,3777310500,76112627,3853423127,1.98,588817975,9248138,598066113,1.55
20170820,3714430157,76181956,3790612113,2.01,588562816,9174632,597737448,1.53
20170821,4147211333,83802979,4231014312,1.98,680368537,9580540,689949077,1.39
20170822,4370324523,84978193,4455302716,1.91,715146717,10126506,725273223,1.4
20170823,4292149772,83283173,4375432945,1.9,724020818,10117076,734137894,1.38
20170824,4490772747,83644836,4574417583,1.83,758487476,10589617,769077093,1.38
20170825,4309757391,82591393,4392348784,1.88,747010763,11180218,758190981,1.47
20170826,4298421896,82185431,4380607327,1.88,729682012,10986388,740668400,1.48
20170827,3992058753,77177548,4069236301,1.9,704914483,9838650,714753133,1.38
20170828,4183470230,82142199,4265612429,1.93,730072429,10617823,740690252,1.43
20170829,4354878969,81444091,4436323060,1.84,721524781,10785987,732310768,1.47
20170830,4181113167,87238987,4268352154,2.04,673657585,10453799,684111384,1.53
20170831,4256050034,83223348,4339273382,1.92,687649680,10603343,698253023,1.52
20170901,4129711232,81134771,4210846003,1.93,696565905,10417294,706983199,1.47
20170902,3717640872,73164623,3790805495,1.93,611478989,9391850,620870839,1.51
20170903,3565927570,73296525,3639224095,2.01,620870299,9195879,630066178,1.46
20170904,4038877227,80521764,4119398991,1.95,628822110,10275268,639097378,1.61
20170905,4278818508,86607867,4365426375,1.98,657225506,10370628,667596134,1.55
20170906,4431591284,92979616,4524570900,2.05,680329613,10596687,690926300,1.53
20170907,4305444599,94695355,4400139954,2.15,667209539,10416661,677626200,1.54
20170908,4264935500,91849606,4356785106,2.11,680984959,10605943,691590902,1.53
20170909,3811178903,77608425,3888787328,2.0,657672071,9293613,666965684,1.39
20170910,3755123395,74230828,3829354223,1.94,673634626,9386257,683020883,1.37
20170911,3959124874,82462115,4041586989,2.04,669539352,10452800,679992152,1.54
20170912,4072516654,80456982,4152973636,1.94,689898328,10585258,700483586,1.51
20170913,4091132059,79207628,4170339687,1.9,669383049,10786829,680169878,1.59
20170914,4199695461,80584362,4280279823,1.88,694088220,10545315,704633535,1.5
20170915,4165798680,79058018,4244856698,1.86,685741492,10095811,695837303,1.45
20170916,3872840800,78048574,3950889374,1.98,677362007,9164420,686526427,1.33
20170917,3968268563,79060141,4047328704,1.95,642184318,9043434,651227752,1.39
20170918,4425864234,80131464,4505995698,1.78,673732196,9904025,683636221,1.45
20170919,4425826331,80373425,4506199756,1.78,685797274,10370697,696167971,1.49
20170920,4410162025,80793625,4490955650,1.8,684213460,10522455,694735915,1.51
20170921,4325070448,78433652,4403504100,1.78,698058777,10106856,708165633,1.43
20170922,4292513748,78575049,4371088797,1.8,696463371,10334046,706797417,1.46
20170923,4031222734,72391213,4103613947,1.76,652766301,9675952,662442253,1.46
20170924,3971365217,71680765,4043045982,1.77,658727239,9604847,668332086,1.44
20170925,4385419849,80026022,4465445871,1.79,698222606,10473535,708696141,1.48
20170926,4636010072,80841809,4716851881,1.71,708029535,10635358,718664893,1.48
20170927,4646626926,79623365,4726250291,1.68,744940916,10674377,755615293,1.41
20170928,4669528018,80075842,4749603860,1.69,723024295,10772977,733797272,1.47
20170929,4503400537,77345429,4580745966,1.69,718066238,10838163,728904401,1.49
20170930,4019828896,71446656,4091275552,1.75,694555042,9853902,704408944,1.4
20171001,4097815904,71905036,4169720940,1.72,678431274,10153577,688584851,1.47
20171002,4539672506,77529737,4617202243,1.68,723336135,10920839,734256974,1.49
20171003,4599958711,77854715,4677813426,1.66,732200580,11063050,743263630,1.49
20171004,4517852411,76438593,4594291004,1.66,732564517,11204848,743769365,1.51
20171005,4491086980,75230997,4566317977,1.65,770464691,10735838,781200529,1.37
20171006,4396750985,74475910,4471226895,1.67,774421724,10575321,784997045,1.35
20171007,4152544838,72075272,4224620110,1.71,709465257,10361753,719827010,1.44
20171008,4080318714,72556289,4152875003,1.75,680248260,10218908,690467168,1.48
20171009,4522975047,83072580,4606047627,1.8,731471136,11266309,742737445,1.52
20171010,4636827511,81621715,4718449226,1.73,733873075,12170221,746043296,1.63
20171011,4763587959,80091060,4843679019,1.65,769550622,10674047,780224669,1.37
20171012,4870383240,79629012,4950012252,1.61,825791230,11196755,836987985,1.34
20171013,4450362834,76664543,4527027377,1.69,761022430,10534909,771557339,1.37
20171014,4238699250,71775690,4310474940,1.67,709401245,9706794,719108039,1.35
20171015,4185557498,72018024,4257575522,1.69,649835678,9376873,659212551,1.42
20171016,4420282145,76548323,4496830468,1.7,659501624,10213790,669715414,1.53
20171017,4202048261,74061011,4276109272,1.73,644804158,10284665,655088823,1.57
20171018,4480822719,77940189,4558762908,1.71,678754935,10712082,689467017,1.55
20171019,4386830702,77115989,4463946691,1.73,678822826,11234048,690056874,1.63
20171020,4220451792,73934173,4294385965,1.72,661601927,10893714,672495641,1.62
20171021,3856573115,66491040,3923064155,1.69,636115274,10267017,646382291,1.59
20171022,3840587551,65849674,3906437225,1.69,644000537,10096997,654097534,1.54
20171023,4449556263,74779370,4524335633,1.65,676806442,10773997,687580439,1.57
20171024,4430012174,73110292,4503122466,1.62,665571968,11162169,676734137,1.65
20171025,4220941917,75413716,4296355633,1.76,703167568,11027061,714194629,1.54
20171026,4079861496,74089045,4153950541,1.78,727227816,11031990,738259806,1.49
20171027,4134729721,72883784,4207613505,1.73,697766743,10798959,708565702,1.52
20171028,3962487853,73620764,4036108617,1.82,669850641,10817449,680668090,1.59
20171029,4014346903,70674138,4085021041,1.73,673649353,10540407,684189760,1.54
20171030,4335927572,76722327,4412649899,1.74,713226794,11294305,724521099,1.56
20171031,4330392422,77734301,4408126723,1.76,728593155,11418306,740011461,1.54
20171101,4260095483,75975735,4336071218,1.75,721549058,11434003,732983061,1.56
20171102,4406361932,85505733,4491867665,1.9,719346609,11853060,731199669,1.62
20171103,4777754431,83105670,4860860101,1.71,716861122,11770150,728631272,1.62
20171104,4017912765,79524017,4097436782,1.94,669149036,10952889,680101925,1.61
20171105,4052693642,78846880,4131540522,1.91,668891378,10950782,679842160,1.61
20171106,4257693526,78594382,4336287908,1.81,700068289,12028809,712097098,1.69
20171107,4477658664,83148107,4560806771,1.82,719307072,12309681,731616753,1.68
20171108,4623333556,88612021,4711945577,1.88,717071783,12553322,729625105,1.72
20171109,4660220204,84514030,4744734234,1.78,733251473,12543277,745794750,1.68
20171110,4620341281,81852056,4702193337,1.74,732601226,11961391,744562617,1.61
20171111,4221155030,74415533,4295570563,1.73,672103886,11003196,683107082,1.61
20171112,4016525311,74918536,4091443847,1.83,652135852,11403808,663539660,1.72
20171113,4180841175,81122387,4261963562,1.9,702773906,12901786,715675692,1.8
20171114,4044114802,82950840,4127065642,2.01,699682846,13178459,712861305,1.85
20171115,4029071509,89085784,4118157293,2.16,681673742,12316232,693989974,1.77
20171116,4247908797,85826797,4333735594,1.98,701083399,12095824,713179223,1.7
20171117,3995440646,81026378,4076467024,1.99,704567200,11899367,716466567,1.66
20171118,3629797756,79900994,3709698750,2.15,668765743,11012853,679778596,1.62
20171119,3612187412,80958909,3693146321,2.19,663167966,11187396,674355362,1.66
20171120,4313697619,86510205,4400207824,1.97,705618601,12400491,718019092,1.73
20171121,4173491974,85511217,4259003191,2.01,731476568,13731829,745208397,1.84
20171122,4008530762,85788836,4094319598,2.1,746772137,13537886,760310023,1.78
20171123,3923882293,81446829,4005329122,2.03,730707095,12787179,743494274,1.72
20171124,4242557247,79938666,4322495913,1.85,716760344,12524702,729285046,1.72
20171125,3718493088,74951842,3793444930,1.98,672003738,11874088,683877826,1.74
20171126,3647149004,76655159,3723804163,2.06,667703505,11617494,679320999,1.71
20171127,3943480406,82911742,4026392148,2.06,708200858,12372166,720573024,1.72
20171128,4288489196,81948781,4370437977,1.88,719004124,12426416,731430540,1.7
20171129,4367631541,84175197,4451806738,1.89,725720514,12615427,738335941,1.71
20171130,4358017568,87019236,4445036804,1.96,738311273,12713021,751024294,1.69
20171201,3970315006,81946178,4052261184,2.02,705151456,12435825,717587281,1.73
20171202,3686577396,79333589,3765910985,2.11,682761211,11789055,694550266,1.7
20171203,3780482266,77403370,3857885636,2.01,680149448,11590975,691740423,1.68
20171204,4796115596,80650699,4876766295,1.65,711288951,12402667,723691618,1.71
20171205,4555044486,80592454,4635636940,1.74,724562147,12258330,736820477,1.66
20171206,4026936790,80741260,4107678050,1.97,619775096,12407960,632183056,1.96
20171207,4170634899,86338570,4256973469,2.03,515829996,12534229,528364225,2.37
20171208,4630807815,85222977,4716030792,1.81,513768085,12301930,526070015,2.34
20171209,3766247888,81586086,3847833974,2.12,487229988,11650748,498880736,2.34
20171210,4172909666,76952328,4249861994,1.81,504916250,11584879,516501129,2.24
20171211,4060940893,82192636,4143133529,1.98,519931725,12359089,532290814,2.32
20171212,3761624003,83877489,3845501492,2.18,528653543,12213654,540867197,2.26
20171213,3750676997,85658402,3836335399,2.23,535817223,12146776,547963999,2.22
20171214,3736701910,89078957,3825780867,2.33,535284991,12415395,547700386,2.27
20171215,3707829130,89314757,3797143887,2.35,529300834,12092987,541393821,2.23
20171216,4760784408,80943071,4841727479,1.67,518978086,11690585,530668671,2.2
20171217,3645323527,78973031,3724296558,2.12,499662900,11657542,511320442,2.28
20171218,5296994483,85779633,5382774116,1.59,530563685,12377338,542941023,2.28
20171219,5009737619,88176496,5097914115,1.73,550694026,12277891,562971917,2.18
20171220,4837116644,89261003,4926377647,1.81,554407739,12673258,567080997,2.23
20171221,4666868696,88207075,4755075771,1.86,540175939,12711466,552887405,2.3
20171222,4755621784,89081335,4844703119,1.84,547846918,11822832,559669750,2.11
20171223,4676808571,87251038,4764059609,1.83,524627854,11520826,536148680,2.15
20171224,3640416213,90859681,3731275894,2.44,503566980,11213194,514780174,2.18
20171225,3285742078,87482757,3373224835,2.59,511093980,10961222,522055202,2.1
20171226,3486055397,90949234,3577004631,2.54,544992187,11415537,556407724,2.05
20171227,3638157855,89106791,3727264646,2.39,562499901,11903051,574402952,2.07
20171228,4515228278,94262549,4609490827,2.04,557598865,12162493,569761358,2.13
20171229,3624168289,97821772,3721990061,2.63,550802321,12060651,562862972,2.14
20171230,3416546508,92728607,3509275115,2.64,536278597,12095104,548373701,2.21
20171231,3331336681,86065247,3417401928,2.52,515411063,11878055,527289118,2.25
20180101,3232720537,82060322,3314780859,2.48,519259837,11769414,531029251,2.22
20180102,3618291635,90070988,3708362623,2.43,547789960,12308945,560098905,2.2
20180103,3720331089,95281390,3815612479,2.5,590010087,12707554,602717641,2.11
20180104,3642328252,96821023,3739149275,2.59,567625404,12883617,580509021,2.22
20180105,3591810103,92062702,3683872805,2.5,610222401,12730651,622953052,2.04
20180106,3331094339,78962893,3410057232,2.32,554953574,11647139,566600713,2.06
20180107,3274573117,77427052,3352000169,2.31,535540295,11641296,547181591,2.13
20180108,3534707381,83865104,3618572485,2.32,563730203,12244358,575974561,2.13
20180109,3621160258,83138239,3704298497,2.24,546993297,12504876,559498173,2.24
20180110,3897133181,81749570,3978882751,2.05,550543266,12681901,563225167,2.25
20180111,3970408193,83696797,4054104990,2.06,558060269,12589376,570649645,2.21
20180112,3835218063,84257247,3919475310,2.15,546035226,12335060,558370286,2.21
20180113,3416020011,74048004,3490068015,2.12,531285863,12080058,543365921,2.22
20180114,3668310367,75272880,3743583247,2.01,537050890,12247999,549298889,2.23
20180115,3916084989,82958011,3999043000,2.07,560606002,12533215,573139217,2.19
20180116,3768984844,84569258,3853554102,2.19,577104934,12856724,589961658,2.18
20180117,3792581559,85558135,3878139694,2.21,579630150,13039250,592669400,2.2
20180118,3788543131,83375566,3871918697,2.15,566616607,13335678,579952285,2.3
20180119,3614773850,78808438,3693582288,2.13,549793472,13025921,562819393,2.31
20180120,3426675834,75056365,3501732199,2.14,542334295,12526338,554860633,2.26
20180121,3355252453,71080111,3426332564,2.07,524711535,12504952,537216487,2.33
20180122,3657474263,77590506,3735064769,2.08,537895632,13238036,551133668,2.4
20180123,3769640338,82079864,3851720202,2.13,552386076,13995555,566381631,2.47
20180124,3809027648,83649717,3892677365,2.15,579312571,14122735,593435306,2.38
20180125,3766158773,85059256,3851218029,2.21,570033264,13579856,583613120,2.33
20180126,3620099031,81462046,3701561077,2.2,551946064,13082956,565029020,2.32
20180127,3497667747,76014110,3573681857,2.13,578565967,12727265,591293232,2.15
20180128,3521775660,75835411,3597611071,2.11,526565316,13172001,539737317,2.44
20180129,3679924916,84076715,3764001631,2.23,549964247,14431497,564395744,2.56
20180130,3732626970,86388712,3819015682,2.26,555465529,14289734,569755263,2.51
20180131,3856266160,84859169,3941125329,2.15,580973580,13974888,594948468,2.35
20180201,3944507606,85591280,4030098886,2.12,607308806,14421014,621729820,2.32
20180202,3658414153,84159937,3742574090,2.25,552098871,14002914,566101785,2.47
20180203,3366359434,85741072,3452100506,2.48,547712404,13225943,560938347,2.36
20180204,3340122533,87403660,3427526193,2.55,529375277,13401849,542777126,2.47
20180205,3611887813,93175984,3705063797,2.51,555345520,13889478,569234998,2.44
20180206,3724984489,92806937,3817791426,2.43,560246152,14161321,574407473,2.47
20180207,3738042642,95862304,3833904946,2.5,563845212,14276532,578121744,2.47
20180208,3670173174,93253426,3763426600,2.48,532849332,14810879,547660211,2.7
20180209,3627839945,90390953,3718230898,2.43,523524352,14533947,538058299,2.7
20180210,3380795877,84160444,3464956321,2.43,526866306,13425865,540292171,2.48
20180211,3349827321,82936554,3432763875,2.42,502107515,13335042,515442557,2.59
20180212,3585185542,88219113,3673404655,2.4,523101325,13848922,536950247,2.58
20180213,3562294870,89894906,3652189776,2.46,524985287,14097869,539083156,2.62
20180214,3557947701,87786457,3645734158,2.41,524585563,14188126,538773689,2.63
20180215,3557320582,90602148,3647922730,2.48,534809188,14270276,549079464,2.6
20180216,3505305085,90796793,3596101878,2.52,510053397,13615179,523668576,2.6
20180217,3263736971,83433097,3347170068,2.49,494582402,13056094,507638496,2.57
20180218,3277984079,83954096,3361938175,2.5,493067658,13125460,506193118,2.59
20180219,3507017460,85433725,3592451185,2.38,506278267,14010015,520288282,2.69
20180220,3547826055,85580923,3633406978,2.36,506161283,13659859,519821142,2.63
20180221,3572518932,86022467,3658541399,2.35,526009134,13635008,539644142,2.53
20180222,3637993496,90533885,3728527381,2.43,517529537,13552165,531081702,2.55
20180223,3629621982,94345176,3723967158,2.53,529905083,13398157,543303240,2.47
20180224,3382079866,88046845,3470126711,2.54,517808301,12792879,530601180,2.41
20180225,3338404314,83205031,3421609345,2.43,516886883,12891704,529778587,2.43
20180226,3564290269,92322184,3656612453,2.52,527516043,13808395,541324438,2.55
20180227,3538895395,94997295,3633892690,2.61,553615280,13465982,567081262,2.37
20180228,3578051247,96047462,3674098709,2.61,520691229,13722059,534413288,2.57
20180301,3506434979,93325539,3599760518,2.59,508118862,14068815,522187677,2.69
20180302,3375155578,92514001,3467669579,2.67,497799303,13866233,511665536,2.71
20180303,3153820308,85932715,3239753023,2.65,510713926,13268476,523982402,2.53
20180304,3149276041,81072595,3230348636,2.51,527813385,13236986,541050371,2.45
20180305,3491517161,84622556,3576139717,2.37,551694023,13648146,565342169,2.41
20180306,3773157157,88721484,3861878641,2.3,507230074,13832432,521062506,2.65
20180307,3854678323,84398345,3939076668,2.14,508991446,13644790,522636236,2.61
20180308,3864726876,85526451,3950253327,2.17,510227677,13597959,523825636,2.6
20180309,3500142652,83097527,3583240179,2.32,493745279,13558850,507304129,2.67
20180310,3224081857,77287008,3301368865,2.34,488470000,13059444,501529444,2.6
20180311,3197770904,74692873,3272463777,2.28,474406572,13176419,487582991,2.7
20180312,3520156270,83505363,3603661633,2.32,503299895,13826638,517126533,2.67
20180313,3690815457,88411156,3779226613,2.34,533411925,14352886,547764811,2.62
20180314,3757005498,95514580,3852520078,2.48,550946534,14393600,565340134,2.55
20180315,3805758631,96619772,3902378403,2.48,577010709,14279838,591290547,2.42
20180316,3616731168,96089921,3712821089,2.59,569338471,14161756,583500227,2.43
20180317,3461537103,90108000,3551645103,2.54,570500442,14061012,584561454,2.41
20180318,3434968190,88500592,3523468782,2.51,557363404,13979684,571343088,2.45
20180319,3696722341,96816569,3793538910,2.55,560065866,14567543,574633409,2.54
20180320,3696826590,98661617,3795488207,2.6,573663764,14728133,588391897,2.5
20180321,3717818833,95744120,3813562953,2.51,587608511,14985156,602593667,2.49
20180322,3691542534,95457247,3786999781,2.52,578868388,15060597,593928985,2.54
20180323,3574103928,98081743,3672185671,2.67,578342241,14932882,593275123,2.52
20180324,3619258169,87834937,3707093106,2.37,546347934,14116017,560463951,2.52
20180325,3987893334,84046076,4071939410,2.06,526620939,13644111,540265050,2.53
20180326,4058152509,98603840,4156756349,2.37,557283263,14304302,571587565,2.5
20180327,3853253259,100642231,3953895490,2.55,563813060,14565937,578378997,2.52
20180328,3705502485,99687147,3805189632,2.62,576510257,14577203,591087460,2.47
20180329,4102504581,101701744,4204206325,2.42,585267770,14914783,600182553,2.49
20180330,3921683841,99765233,4021449074,2.48,548405570,14779463,563185033,2.62
20180331,3522676233,95290719,3617966952,2.63,544111214,14028497,558139711,2.51
20180401,3336473058,93982294,3430455352,2.74,516050055,13732988,529783043,2.59
20180402,3606036289,98991673,3705027962,2.67,537602660,14283973,551886633,2.59
20180403,3828732222,103546245,3932278467,2.63,590104468,15029958,605134426,2.48
20180404,3873459474,103902643,3977362117,2.61,607679564,15176217,622855781,2.44
20180405,3825550784,94725767,3920276551,2.42,628546520,15067373,643613893,2.34
20180406,3901848250,92130796,3993979046,2.31,621215122,14418702,635633824,2.27
20180407,3986726245,87271535,4073997780,2.14,562302605,14085770,576388375,2.44
20180408,4320364590,86261267,4406625857,1.96,545169763,13969434,559139197,2.5
20180409,4281148249,94398987,4375547236,2.16,562511717,14441686,576953403,2.5
20180410,3842242073,95355672,3937597745,2.42,570816388,14489125,585305513,2.48
20180411,4044717397,94845913,4139563310,2.29,600913467,14638524,615551991,2.38
20180412,3877337489,97396753,3974734242,2.45,582613333,14999728,597613061,2.51
20180413,3862348843,99794217,3962143060,2.52,568581386,15336912,583918298,2.63
20180414,3551795438,88291700,3640087138,2.43,563120763,14300013,577420776,2.48
20180415,3527091625,94885146,3621976771,2.62,559191502,13967841,573159343,2.44
20180416,3864212815,103482169,3967694984,2.61,573430247,14612629,588042876,2.48
20180417,4353953051,104062317,4458015368,2.33,594420554,14957330,609377884,2.45
20180418,4414183234,103858650,4518041884,2.3,596545298,15044391,611589689,2.46
20180419,4004088798,108101398,4112190196,2.63,593929121,14864674,608793795,2.44
20180420,3946206328,104237083,4050443411,2.57,577214417,15358974,592573391,2.59
20180421,3549010788,94427475,3643438263,2.59,561145915,14503028,575648943,2.52
20180422,3545184160,91854291,3637038451,2.53,573980238,13938333,587918571,2.37
20180423,3914581016,97851370,4012432386,2.44,589439154,14285923,603725077,2.37
20180424,4026235916,96948074,4123183990,2.35,611862751,13923244,625785995,2.22
20180425,4199103836,92584262,4291688098,2.16,614380030,14476178,628856208,2.3
20180426,3934817579,92420053,4027237632,2.29,607590783,14291549,621882332,2.3
20180427,3819291418,88123793,3907415211,2.26,613372002,13918890,627290892,2.22
20180428,3531606046,82133076,3613739122,2.27,621763075,13053309,634816384,2.06
20180429,3497340270,82522114,3579862384,2.31,622244891,12916209,635161100,2.03
20180430,3765318456,94275686,3859594142,2.44,619076303,13809894,632886197,2.18
20180501,3730836193,94525996,3825362189,2.47,635075372,14789885,649865257,2.28
20180502,3924555553,103552926,4028108479,2.57,644115718,15264958,659380676,2.32
20180503,4673694970,105748321,4779443291,2.21,731828280,15579666,747407946,2.08
20180504,4710591022,108771019,4819362041,2.26,698588745,15747118,714335863,2.2
20180505,3691072116,99543395,3790615511,2.63,649503191,15010532,664513723,2.26
20180506,3700312353,96993197,3797305550,2.55,623364757,14529752,637894509,2.28
20180507,3902105077,103111463,4005216540,2.57,604022668,15445322,619467990,2.49
20180508,4228001911,105557958,4333559869,2.44,612071735,15779283,627851018,2.51
20180509,4132633273,105110529,4237743802,2.48,607025633,16226550,623252183,2.6
20180510,4320331682,105080173,4425411855,2.37,655535579,15994403,671529982,2.38
20180511,4229513220,104572330,4334085550,2.41,640883208,16394120,657277328,2.49
20180512,3971238365,97828052,4069066417,2.4,601749612,16191622,617941234,2.62
20180513,3991186645,96940619,4088127264,2.37,603085652,16132743,619218395,2.61
20180514,4352511032,109992506,4462503538,2.46,633980641,16564621,650545262,2.55
20180515,4392847400,110319265,4503166665,2.45,668641462,16783033,685424495,2.45
20180516,4525210320,111964459,4637174779,2.41,668538689,17068824,685607513,2.49
20180517,4471489837,114765187,4586255024,2.5,650439163,17540905,667980068,2.63
20180518,4461287863,115537426,4576825289,2.52,649463622,17681839,667145461,2.65
20180519,4344080577,129780485,4473861062,2.9,606253762,17184279,623438041,2.76
20180520,4289749722,179059739,4468809461,4.01,585398677,18625979,604024656,3.08
20180521,4818034345,191887659,5009922004,3.83,641633269,21924364,663557633,3.3
20180522,5234297349,196573932,5430871281,3.62,666311579,18917939,685229518,2.76
20180523,4869724147,194587062,5064311209,3.84,648727291,17870090,666597381,2.68
20180524,4858332804,199151059,5057483863,3.94,672618074,19119897,691737971,2.76
20180525,4534157740,197334004,4731491744,4.17,649814984,18119600,667934584,2.71
20180526,4196497450,184397165,4380894615,4.21,637109920,17579619,654689539,2.69
20180527,4113991165,186268586,4300259751,4.33,618059248,17281806,635341054,2.72
20180528,4464283805,195316315,4659600120,4.19,642638337,15425774,658064111,2.34
20180529,4755330132,209506536,4964836668,4.22,715390453,16238794,731629247,2.22
20180530,4764722940,208402319,4973125259,4.19,703978541,16296229,720274770,2.26
20180531,4760208114,204223835,4964431949,4.11,676464061,15883289,692347350,2.29
20180601,4731524536,191943627,4923468163,3.9,674860240,16013773,690874013,2.32
20180602,4372249607,193427437,4565677044,4.24,658057355,15919766,673977121,2.36
20180603,4337846249,187639226,4525485475,4.15,656532016,15563946,672095962,2.32
20180604,4855432646,193570382,5049003028,3.83,737155885,15974383,753130268,2.12
20180605,4976769768,203702817,5180472585,3.93,700501624,16535923,717037547,2.31
20180606,4860344838,206812826,5067157664,4.08,701067187,16343585,717410772,2.28
20180607,4750568605,207814697,4958383302,4.19,681795674,16499254,698294928,2.36
20180608,4959559879,189980106,5149539985,3.69,689850310,16849943,706700253,2.38
20180609,4644827281,177728910,4822556191,3.69,669031066,15652490,684683556,2.29
20180610,4540339818,173155271,4713495089,3.67,653743550,15911919,669655469,2.38
20180611,5024025067,182717439,5206742506,3.51,674849348,16258366,691107714,2.35
20180612,5401477155,188678625,5590155780,3.38,720548025,17805248,738353273,2.41
20180613,4977996872,178411323,5156408195,3.46,682995016,18285974,701280990,2.61
20180614,4869449909,179151326,5048601235,3.55,664846778,17698925,682545703,2.59
20180615,4830499840,173322685,5003822525,3.46,651988238,17311064,669299302,2.59
20180616,4641946446,166954992,4808901438,3.47,630313847,16565202,646879049,2.56
20180617,4444880018,169578359,4614458377,3.67,604040426,16335458,620375884,2.63
20180618,4837836958,192038837,5029875795,3.82,636898901,17579607,654478508,2.69
20180619,4804918117,188375071,4993293188,3.77,631613265,17593790,649207055,2.71
20180620,4888428520,193488220,5081916740,3.81,574082359,17061550,591143909,2.89
20180621,4947390899,183790768,5131181667,3.58,576549780,17671241,594221021,2.97
20180622,4915343476,187108646,5102452122,3.67,581514220,18156483,599670703,3.03
20180623,4637800246,178623655,4816423901,3.71,522975028,15932322,538907350,2.96
20180624,4380970895,178061344,4559032239,3.91,526321571,15731929,542053500,2.9
20180625,4697109491,189677128,4886786619,3.88,548924524,16984979,565909503,3.0
20180626,4835179643,181559687,5016739330,3.62,567404580,17352446,584757026,2.97
20180627,4670481189,166435107,4836916296,3.44,554326229,16949016,571275245,2.97
20180628,4736456698,174835204,4911291902,3.56,618884030,17125325,636009355,2.69
20180629,4676715798,177086069,4853801867,3.65,648521004,17029476,665550480,2.56
20180630,4386780022,173093091,4559873113,3.8,602505830,16475640,618981470,2.66
20180701,4220744771,166450403,4387195174,3.79,595975604,16671817,612647421,2.72
20180702,4597485957,172832610,4770318567,3.62,603099049,16960735,620059784,2.74
20180703,4554868961,148772405,4703641366,3.16,599332899,16918356,616251255,2.75
20180704,4450475993,170618727,4621094720,3.69,577611861,16723287,594335148,2.81
20180705,4657914112,204609491,4862523603,4.21,661398673,17503686,678902359,2.58
20180706,4525980991,189678425,4715659416,4.02,653690719,17477492,671168211,2.6
20180707,4183730971,185341045,4369072016,4.24,645360837,16772129,662132966,2.53
20180708,4088666637,167325478,4255992115,3.93,676994305,17276952,694271257,2.49
20180709,4547235146,186313460,4733548606,3.94,636800762,17541691,654342453,2.68
20180710,4730870568,206294688,4937165256,4.18,669854594,18485570,688340164,2.69
20180711,4767276204,202251156,4969527360,4.07,716966534,19049538,736016072,2.59
20180712,4770093306,193888136,4963981442,3.91,752199525,18669043,770868568,2.42
20180713,4751352390,191879023,4943231413,3.88,691587389,18816348,710403737,2.65
20180714,4476512260,189868463,4666380723,4.07,660570554,17531047,678101601,2.59
20180715,4338738764,186206324,4524945088,4.12,623764140,17533124,641297264,2.73
20180716,4646024833,183794375,4829819208,3.81,648454051,18336616,666790667,2.75
20180717,4788702775,178697985,4967400760,3.6,685610643,18234953,703845596,2.59
20180718,4695589875,179928860,4875518735,3.69,680636290,18635316,699271606,2.66
20180719,4753419363,178957419,4932376782,3.63,669868623,19339614,689208237,2.81
20180720,4654681149,170912813,4825593962,3.54,670913644,19236088,690149732,2.79
20180721,4446068486,168488978,4614557464,3.65,629415404,17958284,647373688,2.77
20180722,4371927474,164798360,4536725834,3.63,626378474,18564749,644943223,2.88
20180723,4831365490,180317470,5011682960,3.6,686460826,19348589,705809415,2.74
20180724,4787419490,181563613,4968983103,3.65,682509074,19359339,701868413,2.76
20180725,4841806466,180990481,5022796947,3.6,678321462,19732140,698053602,2.83
20180726,4925995808,187576000,5113571808,3.67,671097363,20176321,691273684,2.92
20180727,4637808052,170640914,4808448966,3.55,667126200,19703574,686829774,2.87
20180728,3804989524,83844121,3888833645,2.16,563086516,18929963,582016479,3.25
20180729,4436644905,109930175,4546575080,2.42,678944415,19692879,698637294,2.82
20180730,5324064191,168473654,5492537845,3.07,770841996,21336379,792178375,2.69
20180731,5285333143,162397700,5447730843,2.98,839800773,21941829,861742602,2.55
20180801,5924796867,175316925,6100113792,2.87,814127815,21541215,835669030,2.58
20180802,4803235330,169021287,4972256617,3.4,669995426,21752086,691747512,3.14
20180803,4565720082,166845900,4732565982,3.53,651008545,21534225,672542770,3.2
20180804,4224237539,165842358,4390079897,3.78,640246107,20233142,660479249,3.06
20180805,4239412592,172531578,4411944170,3.91,665889340,20398702,686288042,2.97
20180806,4565040858,169229406,4734270264,3.57,672038726,21568345,693607071,3.11
20180807,4557399236,177389238,4734788474,3.75,685172201,21543159,706715360,3.05
20180808,5187507352,185747572,5373254924,3.46,741478972,21843130,763322102,2.86
20180809,4802407765,180181455,4982589220,3.62,707586380,21589336,729175716,2.96
20180810,4695776598,174688356,4870464954,3.59,684409161,21751658,706160819,3.08
20180811,4303469735,166889969,4470359704,3.73,634542738,19793609,654336347,3.02
20180812,4289042659,167028862,4456071521,3.75,607173178,20079191,627252369,3.2
20180813,4644141877,169067096,4813208973,3.51,646122204,21412900,667535104,3.21
20180814,4637990608,180628488,4818619096,3.75,670788071,23256138,694044209,3.35
20180815,4608657272,176197588,4784854860,3.68,660364000,22499999,682863999,3.29
20180816,4610770218,191129022,4801899240,3.98,677065157,23735902,700801059,3.39
20180817,4444367334,174811521,4619178855,3.78,669465032,23665631,693130663,3.41
20180818,4266742938,178541874,4445284812,4.02,650292367,22514813,672807180,3.35
20180819,4212740991,183274502,4396015493,4.17,646192732,22450373,668643105,3.36
20180820,4653693201,181374180,4835067381,3.75,669118834,24313373,693432207,3.51
20180821,4708921648,184833519,4893755167,3.78,683325565,25659146,708984711,3.62
20180822,4685036856,205921531,4890958387,4.21,693512285,24140084,717652369,3.36
20180823,4757074940,223347600,4980422540,4.48,691276455,24720787,715997242,3.45
20180824,4645050618,201797560,4846848178,4.16,680725344,24091875,704817219,3.42
20180825,4310418170,176447306,4486865476,3.93,651478811,22853619,674332430,3.39
20180826,4247228197,184849230,4432077427,4.17,642909552,23060452,665970004,3.46
20180827,4639378281,195717704,4835095985,4.05,687311837,24321317,711633154,3.42
20180828,4700407912,191573120,4891981032,3.92,713638677,24994928,738633605,3.38
20180829,4819114977,194861847,5013976824,3.89,745541607,25627454,771169061,3.32
20180830,4807524808,204572674,5012097482,4.08,740885558,24758088,765643646,3.23
20180831,4797260716,201993440,4999254156,4.04,734125150,24446222,758571372,3.22
20180901,4433568808,200134872,4633703680,4.32,708238067,23418815,731656882,3.2
20180902,4383344422,231385395,4614729817,5.01,690379746,23506304,713886050,3.29
20180903,4820281417,217966504,5038247921,4.33,762121837,25023551,787145388,3.18
20180904,4871232416,199707241,5070939657,3.94,736593047,24559778,761152825,3.23
20180905,5007356190,194444310,5201800500,3.74,770261676,24513986,794775662,3.08
20180906,4998280315,194489133,5192769448,3.75,810734005,23824105,834558110,2.85
20180907,4958203812,194599366,5152803178,3.78,758774545,23947803,782722348,3.06
20180908,4639430959,191227686,4830658645,3.96,727824224,22156563,749980787,2.95
20180909,4634629612,185511580,4820141192,3.85,724315853,22012407,746328260,2.95
20180910,4994052144,185767114,5179819258,3.59,741639808,24457758,766097566,3.19
20180911,5142278405,193237177,5335515582,3.62,749387233,24657485,774044718,3.19
20180912,5241071974,204630601,5445702575,3.76,733578497,25075441,758653938,3.31
20180913,5221354341,205681455,5427035796,3.79,721379732,25580934,746960666,3.42
20180914,5100423529,186347327,5286770856,3.52,717396497,25298241,742694738,3.41
20180915,4669590281,180910808,4850501089,3.73,688077909,23554050,711631959,3.31
20180916,4645487148,192381185,4837868333,3.98,687152726,23723361,710876087,3.34
20180917,4978566860,192531994,5171098854,3.72,704413688,25360402,729774090,3.48
20180918,5236796399,207546656,5444343055,3.81,729973782,26947455,756921237,3.56
20180919,5155423121,198803126,5354226247,3.71,745224951,27487830,772712781,3.56
20180920,5149829764,196105133,5345934897,3.67,721433619,28527696,749961315,3.8
20180921,5722933935,202292044,5925225979,3.41,831891572,31953714,863845286,3.7
20180922,5476177958,203959720,5680137678,3.59,830237044,27817924,858054968,3.24
20180923,5247248474,205160207,5452408681,3.76,799060768,27361768,826422536,3.31
20180924,4925487021,197242628,5122729649,3.85,724229182,27190627,751419809,3.62
20180925,5101205610,202622096,5303827706,3.82,751886565,28641668,780528233,3.67
20180926,5168069335,203249508,5371318843,3.78,754060306,28829212,782889518,3.68
20180927,5184220426,198269398,5382489824,3.68,769693643,28930640,798624283,3.62
20180928,5117515999,208222502,5325738501,3.91,784218826,28398892,812617718,3.49
20180929,4824861390,217211840,5042073230,4.31,782295502,27891535,810187037,3.44
20180930,4688819931,210497150,4899317081,4.3,726854687,28632956,755487643,3.79
20181001,4998171374,214249902,5212421276,4.11,762331260,28720818,791052078,3.63
20181002,5028711019,216800043,5245511062,4.13,763537618,27808248,791345866,3.51
20181003,5067105417,213391342,5280496759,4.04,808110772,26691298,834802070,3.2
20181004,5015611445,211108586,5226720031,4.04,791621273,25616504,817237777,3.13
20181005,5006568240,208424976,5214993216,4.0,757747520,25313059,783060579,3.23
20181006,4680962614,210434113,4891396727,4.3,724103648,24070037,748173685,3.22
20181007,4595068836,207207865,4802276701,4.31,693276263,24625742,717902005,3.43
20181008,4938450617,208245264,5146695881,4.05,724036524,26026577,750063101,3.47
20181009,5145106641,213002660,5358109301,3.98,748419426,26962952,775382378,3.48
20181010,5062311095,218493906,5280805001,4.14,732228275,27446744,759675019,3.61
20181011,5072375575,219862837,5292238412,4.15,712693848,26800628,739494476,3.62
20181012,5048936083,227772168,5276708251,4.32,702168375,27140286,729308661,3.72
20181013,4708433082,222870318,4931303400,4.52,694194408,26705873,720900281,3.7
20181014,4691146684,223863137,4915009821,4.55,674226829,24967860,699194689,3.57
20181015,5132778520,225876946,5358655466,4.22,691620933,26182014,717802947,3.65
20181016,5345015472,255185175,5600200647,4.56,710444910,25746902,736191812,3.5
20181017,5312430635,266347081,5578777716,4.77,739667716,26420276,766087992,3.45
20181018,5401401850,255587483,5656989333,4.52,736211066,26770829,762981895,3.51
20181019,5463508891,259284115,5722793006,4.53,728087934,27200609,755288543,3.6
20181020,5203797141,258001648,5461798789,4.72,711955841,25913215,737869056,3.51
20181021,5052131832,243594318,5295726150,4.6,709992815,24765583,734758398,3.37
20181022,5528917733,247879764,5776797497,4.29,739381292,26739975,766121267,3.49
20181023,5735336973,265673558,6001010531,4.43,744334201,27088677,771422878,3.51
20181024,5789599752,258009913,6047609665,4.27,752687267,26939189,779626456,3.46
20181025,5681797673,257804956,5939602629,4.34,751972677,27551923,779524600,3.53
20181026,5558265091,240708252,5798973343,4.15,771638410,26842944,798481354,3.36
20181027,5116336630,244346093,5360682723,4.56,764328512,24239635,788568147,3.07
20181028,5037762119,232527854,5270289973,4.41,729905190,23960636,753865826,3.18
20181029,5593465242,241563832,5835029074,4.14,801994798,25774188,827768986,3.11
20181030,5679393281,249708161,5929101442,4.21,884714009,27633577,912347586,3.03
20181031,5537415592,248557040,5785972632,4.3,889693036,30245684,919938720,3.29
20181101,5556870065,242826466,5799696531,4.19,939609003,30020877,969629880,3.1
20181102,5565171828,227947004,5793118832,3.93,928928235,30573002,959501237,3.19
20181103,5179677548,223023771,5402701319,4.13,857090104,27886404,884976508,3.15
20181104,5225404925,242062311,5467467236,4.43,841197550,28277492,869475042,3.25
20181105,5509414868,235678915,5745093783,4.1,861480395,29047884,890528279,3.26
20181106,5624516042,236455499,5860971541,4.03,881538939,29703582,911242521,3.26
20181107,5599785677,215362648,5815148325,3.7,866456849,28943592,895400441,3.23
20181108,5631023767,226935693,5857959460,3.87,864584567,28897731,893482298,3.23
20181109,5795515883,229377474,6024893357,3.81,884518854,28662936,913181790,3.14
20181110,5404909658,214641543,5619551201,3.82,859020843,27761941,886782784,3.13
20181111,5596529852,241620779,5838150631,4.14,827267496,27933958,855201454,3.27
20181112,5739069561,235384320,5974453881,3.94,869985747,28050639,898036386,3.12
20181113,5838124308,254095216,6092219524,4.17,885582028,29415706,914997734,3.21
20181114,6029468589,279510198,6308978787,4.43,902898915,28646193,931545108,3.08
20181115,6078472256,230885231,6309357487,3.66,912828888,28398915,941227803,3.02
20181116,6224244629,239056333,6463300962,3.7,946535143,27892515,974427658,2.86
20181117,5716759333,221477127,5938236460,3.73,904753058,27177581,931930639,2.92
20181118,5767180358,228376848,5995557206,3.81,907976831,27752949,935729780,2.97
20181119,6261757514,268658703,6530416217,4.11,927309717,28514975,955824692,2.98
20181120,6769584733,294169517,7063754250,4.16,1019563785,29686991,1049250776,2.83
20181121,6227765983,295292600,6523058583,4.53,959249506,28292585,987542091,2.86
20181122,6178725328,296175429,6474900757,4.57,945181600,28675640,973857240,2.94
20181123,6194186756,299452455,6493639211,4.61,967639254,30214428,997853682,3.03
20181124,5908450902,320882710,6229333612,5.15,964773834,28669640,993443474,2.89
20181125,5974981227,303793120,6278774347,4.84,939082119,28428059,967510178,2.94
20181126,6200725206,296161962,6496887168,4.56,979764941,29856754,1009621695,2.96
20181127,6514865387,325263030,6840128417,4.76,987936479,31667442,1019603921,3.11
20181128,6543419417,334416954,6877836371,4.86,1020668725,30967727,1051636452,2.94
20181129,6508595338,330887448,6839482786,4.84,1108071922,32226961,1140298883,2.83
20181130,6258258040,305578363,6563836403,4.66,1451613630,54698700,1506312330,3.63
20181201,5908020773,311997609,6220018382,5.02,1384225113,54525395,1438750508,3.79
20181202,5892299019,316194851,6208493870,5.09,1352082292,58792301,1410874593,4.17
20181203,6321705818,327132224,6648838042,4.92,1426164759,52417900,1478582659,3.55
20181204,6514632368,311583770,6826216138,4.56,1469274764,60574882,1529849646,3.96
20181205,6472716547,320958646,6793675193,4.72,1489523476,54506593,1544030069,3.53
20181206,6534274248,336690464,6870964712,4.9,1461658720,45558261,1507216981,3.02
20181207,6560503771,350549228,6911052999,5.07,1399844750,35005695,1434850445,2.44
20181208,5989452123,308193410,6297645533,4.89,1353317030,37156394,1390473424,2.67
20181209,6065427256,318384255,6383811511,4.99,1323155570,39365900,1362521470,2.89
20181210,6395205519,310269178,6705474697,4.63,1422534352,43074698,1465609050,2.94
20181211,6488399183,329046152,6817445335,4.83,1514841885,46533224,1561375109,2.98
20181212,6299025607,297268231,6596293838,4.51,1454559313,39836610,1494395923,2.67
20181213,6403889485,314822267,6718711752,4.69,1426354657,43554775,1469909432,2.96
20181214,6326086637,323913645,6650000282,4.87,1461856909,45339695,1507196604,3.01
20181215,5936552587,315744446,6252297033,5.05,1412319524,59684992,1472004516,4.05
20181216,6032786075,350372949,6383159024,5.49,1384541153,45913017,1430454170,3.21
20181217,6251960163,344466412,6596426575,5.22,1460179886,45224829,1505404715,3.0
20181218,6301672845,385796068,6687468913,5.77,1444738850,37385977,1482124827,2.52
20181219,6312471571,393958648,6706430219,5.87,1449429639,37087240,1486516879,2.49
20181220,6260348492,390038064,6650386556,5.86,1432838520,41054564,1473893084,2.79
20181221,6264131007,378030364,6642161371,5.69,1446269665,42298440,1488568105,2.84
20181222,5822657880,361296049,6183953929,5.84,1372127420,37886189,1410013609,2.69
20181223,5740602027,372841045,6113443072,6.1,1350687140,36139640,1386826780,2.61
20181224,5892383280,368998350,6261381630,5.89,1386331237,40547116,1426878353,2.84
20181225,5731136736,369792323,6100929059,6.06,1348563773,41704206,1390267979,3.0
20181226,6007252011,384749250,6392001261,6.02,1410965155,39913084,1450878239,2.75
20181227,6174603899,382150889,6556754788,5.83,1443262507,45049613,1488312120,3.03
20181228,6213005940,392872585,6605878525,5.95,1438271178,41029680,1479300858,2.77
20181229,5883286324,383697672,6266983996,6.12,1419352052,41954742,1461306794,2.87
20181230,5909572548,381004802,6290577350,6.06,1375076115,40809156,1415885271,2.88
20181231,5950395556,379054986,6329450542,5.99,1414158313,41933941,1456092254,2.88
20190101,5749808175,374406283,6124214458,6.11,1402768320,42523222,1445291542,2.94
20190102,6067209438,363527156,6430736594,5.65,1455724092,46569810,1502293902,3.1
20190103,6280376140,371789719,6652165859,5.59,1458747663,47507073,1506254736,3.15
20190104,6334734898,369277839,6704012737,5.51,1451223208,46795792,1498019000,3.12
20190105,5904789543,364705913,6269495456,5.82,1403771535,44434593,1448206128,3.07
20190106,5975838892,363285601,6339124493,5.73,1411721449,49985478,1461706927,3.42
20190107,6193530511,370937763,6564468274,5.65,1471393842,54489053,1525882895,3.57
20190108,6384303691,393373593,6777677284,5.8,1491766527,52488831,1544255358,3.4
20190109,6372561425,403320165,6775881590,5.95,1489315767,43437950,1532753717,2.83
20190110,6314786104,312698881,6627484985,4.72,1548374700,87959791,1636334491,5.38
20190111,6228423374,223229277,6451652651,3.46,1573568243,115285836,1688854079,6.83
20190112,6001293876,186731939,6188025815,3.02,1534308305,103767946,1638076251,6.33
20190113,6091015362,191895361,6282910723,3.05,1540826285,108298678,1649124963,6.57
20190114,6456625595,192059799,6648685394,2.89,1689198847,142343423,1831542270,7.77
20190115,6459144597,197102394,6656246991,2.96,1633750548,132369454,1766120002,7.49
20190116,6549743715,242302147,6792045862,3.57,1585415724,109676455,1695092179,6.47
20190117,6530091255,233577103,6763668358,3.45,1539062311,93178340,1632240651,5.71
20190118,6466981040,215500437,6682481477,3.22,1532504560,83827171,1616331731,5.19
20190119,6183951523,219737129,6403688652,3.43,1451445267,65712576,1517157843,4.33
20190120,6207677841,216868811,6424546652,3.38,1398981406,42845608,1441827014,2.97
20190121,6631015525,245851779,6876867304,3.58,1416736158,42292825,1459028983,2.9
20190122,6634622181,279255446,6913877627,4.04,1447542605,45667515,1493210120,3.06
20190123,6669239321,270994157,6940233478,3.9,1489823553,57198696,1547022249,3.7
20190124,6596304604,258863816,6855168420,3.78,1474727395,44637368,1519364763,2.94
20190125,6665621178,257280854,6922902032,3.72,1522308585,47359542,1569668127,3.02
20190126,6152544724,241439288,6393984012,3.78,1501942914,51275235,1553218149,3.3
20190127,6376793747,285703304,6662497051,4.29,1480834360,41485684,1522320044,2.73
20190128,6708292990,325358576,7033651566,4.63,1564569833,66646427,1631216260,4.09
20190129,7066230723,337192381,7403423104,4.55,1545776109,69173001,1614949110,4.28
20190130,7115482099,312581015,7428063114,4.21,1549352592,46874803,1596227395,2.94
20190131,7150783270,289103751,7439887021,3.89,1609868711,53876350,1663745061,3.24
20190201,7251960057,344336960,7596297017,4.53,1743410294,65004405,1808414699,3.59
20190202,6472562354,333209965,6805772319,4.9,1591190759,52715980,1643906739,3.21
20190203,6422822807,352367437,6775190244,5.2,1554484314,56103798,1610588112,3.48
20190204,6917652090,414227908,7331879998,5.65,1625896674,47174799,1673071473,2.82
20190205,6991674907,368364705,7360039612,5.0,1626655098,50638259,1677293357,3.02
20190206,7041846134,316428544,7358274678,4.3,1658432244,59089275,1717521519,3.44
20190207,7087195897,308241577,7395437474,4.17,1702088075,67643909,1769731984,3.82
20190208,7124020684,286889357,7410910041,3.87,1660537564,66015235,1726552799,3.82
20190209,6612253234,310968628,6923221862,4.49,1589117889,50020017,1639137906,3.05
20190210,6854020726,374946458,7228967184,5.19,1567894679,36400579,1604295258,2.27
20190211,7140408435,370924110,7511332545,4.94,1652643502,41060116,1693703618,2.42
20190212,7293342426,404421573,7697763999,5.25,1708223290,42295947,1750519237,2.42
20190213,7397085332,417300716,7814386048,5.34,1766823733,42116232,1808939965,2.33
20190214,7305507217,407015080,7712522297,5.28,1737097628,41175144,1778272772,2.32
20190215,7393365768,426311716,7819677484,5.45,1718518286,43092964,1761611250,2.45
20190216,6859262939,409752434,7269015373,5.64,1654493142,39169839,1693662981,2.31
20190217,6971882937,429359183,7401242120,5.8,1651954362,47117483,1699071845,2.77
20190218,7343802934,427994057,7771796991,5.51,1712927394,49697140,1762624534,2.82
20190219,7420421603,434826442,7855248045,5.54,2588701688,55364778,2644066466,2.09
20190220,7620396044,425503961,8045900005,5.29,2688809165,42748823,2731557988,1.56
20190221,7292648969,414183342,7706832311,5.37,1666090261,40906711,1706996972,2.4
20190222,7373175537,424154008,7797329545,5.44,1666874335,40640930,1707515265,2.38
20190223,6754122627,414255602,7168378229,5.78,1622772737,36966397,1659739134,2.23
20190224,6933378818,424742041,7358120859,5.77,1605287127,39272931,1644560058,2.39
20190225,7227839479,408047183,7635886662,5.34,1666876447,41753439,1708629886,2.44
20190226,7384505115,416452281,7800957396,5.34,1690971016,42456973,1733427989,2.45
20190227,7447147558,394657934,7841805492,5.03,1657391611,53368013,1710759624,3.12
20190228,7411608460,419285035,7830893495,5.35,1654417005,50178409,1704595414,2.94
20190301,7487630053,415973809,7903603862,5.26,1653602022,44035686,1697637708,2.59
20190302,7013127060,428547820,7441674880,5.76,1625907131,41897410,1667804541,2.51
20190303,6989017176,425958850,7414976026,5.74,1569427626,38208306,1607635932,2.38
20190304,7472931691,411250706,7884182397,5.22,1670074392,45992711,1716067103,2.68
20190305,7659049319,428621937,8087671256,5.3,1699849454,45728263,1745577717,2.62
20190306,7765876776,433042326,8198919102,5.28,1700738033,45445288,1746183321,2.6
20190307,7648244205,398185187,8046429392,4.95,1735596943,54733896,1790330839,3.06
20190308,7689624368,410859518,8100483886,5.07,1735724872,44699763,1780424635,2.51
20190309,7136494752,412366440,7548861192,5.46,1643348786,42642100,1685990886,2.53
20190310,7290378389,421894868,7712273257,5.47,1610970277,37085260,1648055537,2.25
20190311,7735564647,382406858,8117971505,4.71,1691231354,36700160,1727931514,2.12
20190312,7664347804,386660220,8051008024,4.8,1734172378,37861740,1772034118,2.14
20190313,8047735864,396127107,8443862971,4.69,1791725268,38483962,1830209230,2.1
20190314,7899829000,403788905,8303617905,4.86,1750268195,39656705,1789924900,2.22
20190315,7911644065,422139897,8333783962,5.07,1778709752,40259267,1818969019,2.21
20190316,7280050821,399320979,7679371800,5.2,1727328249,36290925,1763619174,2.06
20190317,7311373465,405870908,7717244373,5.26,1748322852,34622079,1782944931,1.94
20190318,7785545330,410038281,8195583611,5.0,1821745319,39460830,1861206149,2.12
20190319,7680224801,421541740,8101766541,5.2,1827896341,38410931,1866307272,2.06
20190320,7692124200,404932081,8097056281,5.0,1852102573,36465012,1888567585,1.93
20190321,7671990593,419877756,8091868349,5.19,1820239233,38739740,1858978973,2.08
20190322,7716529199,411690798,8128219997,5.06,1814140896,40651851,1854792747,2.19
20190323,6886379573,388537122,7274916695,5.34,1689953602,37449576,1727403178,2.17
20190324,6935593981,385143391,7320737372,5.26,1709870701,38148736,1748019437,2.18
20190325,7571521272,400307766,7971829038,5.02,1767099137,36534743,1803633880,2.03
20190326,7624720975,439150143,8063871118,5.45,1788214209,36517046,1824731255,2.0
20190327,7619791551,424156274,8043947825,5.27,1801622823,35099002,1836721825,1.91
20190328,7620541640,436842027,8057383667,5.42,1767063801,33237843,1800301644,1.85
20190329,7630459429,378523092,8008982521,4.73,1763581879,38078678,1801660557,2.11
20190330,7043625278,360035434,7403660712,4.86,1693165830,31380554,1724546384,1.82
20190331,7072313899,327695192,7400009091,4.43,1679271850,31081454,1710353304,1.82
20190401,7592209743,319907248,7912116991,4.04,1755533572,38074172,1793607744,2.12
20190402,7544034915,290174399,7834209314,3.7,1830815730,47794875,1878610605,2.54
20190403,7442336242,288325543,7730661785,3.73,1807276310,93641563,1900917873,4.93
20190404,7471469085,292934331,7764403416,3.77,1840781487,103388437,1944169924,5.32
20190405,7578529163,292179604,7870708767,3.71,1878561995,114264515,1992826510,5.73
20190406,6859855120,231012537,7090867657,3.26,1805820958,126941775,1932762733,6.57
20190407,6992961622,268509179,7261470801,3.7,1757436165,115611853,1873048018,6.17
20190408,7432386133,275106912,7707493045,3.57,1767472318,93198951,1860671269,5.01
20190409,7554252151,364988482,7919240633,4.61,1776710721,40447936,1817158657,2.23
20190410,7900225022,358164461,8258389483,4.34,1849230854,45060698,1894291552,2.38
20190411,7573479017,369746135,7943225152,4.65,1810494766,40761398,1851256164,2.2
20190412,7822456011,368073009,8190529020,4.49,1691759204,50036106,1741795310,2.87
20190413,7194770324,370196594,7564966918,4.89,1686373507,40721762,1727095269,2.36
20190414,7334571406,389001629,7723573035,5.04,1684412238,39217732,1723629970,2.28
20190415,7814655040,375733518,8190388558,4.59,1677223724,38925907,1716149631,2.27
20190416,7683476090,364701423,8048177513,4.53,1646207430,38941337,1685148767,2.31
20190417,7688823054,352948960,8041772014,4.39,1597397815,45013245,1642411060,2.74
20190418,7794044715,339669434,8133714149,4.18,1688901644,69059951,1757961595,3.93
20190419,7504155062,345259295,7849414357,4.4,1707508786,44206993,1751715779,2.52
20190420,7158324064,358984692,7517308756,4.78,1747382363,40433229,1787815592,2.26
20190421,7208704460,375534892,7584239352,4.95,1727373609,34207147,1761580756,1.94
20190422,7540506700,353852851,7894359551,4.48,1746441559,39004152,1785445711,2.18
20190423,7795366553,394401073,8189767626,4.82,1814232318,40344391,1854576709,2.18
20190424,7661329172,369103402,8030432574,4.6,1803278594,53022091,1856300685,2.86
20190425,7823044910,381221038,8204265948,4.65,1834350095,43672152,1878022247,2.33
20190426,8051830005,388628359,8440458364,4.6,1881410738,42573517,1923984255,2.21
20190427,7508871871,374006932,7882878803,4.74,1846480717,39938128,1886418845,2.12
20190428,7323210922,374410593,7697621515,4.86,1800386136,36894071,1837280207,2.01
20190429,7824942366,364194788,8189137154,4.45,1839222434,45817202,1885039636,2.43
20190430,8175574947,374073679,8549648626,4.38,1879091225,42401276,1921492501,2.21
20190501,7570743671,342382909,7913126580,4.33,1903320549,56378303,1959698852,2.88
20190502,7616126751,343372654,7959499405,4.31,1876342234,53040828,1929383062,2.75
20190503,7656743811,346890196,8003634007,4.33,1846578730,53353153,1899931883,2.81
20190504,7212680828,327572099,7540252927,4.34,1772393023,66774463,1839167486,3.63
20190505,7020822808,337036161,7357858969,4.58,1756683515,64428856,1821112371,3.54
20190506,7476796235,355428525,7832224760,4.54,1750270338,67188705,1817459043,3.7
20190507,7670861954,353415212,8024277166,4.4,1847369390,86115319,1933484709,4.45
20190508,7578245360,346381557,7924626917,4.37,1815730489,76204916,1891935405,4.03
20190509,7478550456,324749211,7803299667,4.16,1808231383,100649604,1908880987,5.27
20190510,7396798519,315970933,7712769452,4.1,1797109504,107646563,1904756067,5.65
20190511,6953491980,320433069,7273925049,4.41,1759591433,97446707,1857038140,5.25
20190512,7133946040,342758470,7476704510,4.58,1740317069,79202574,1819519643,4.35
20190513,7560447032,355308347,7915755379,4.49,1788912438,82775686,1871688124,4.42
20190514,7605775906,353536493,7959312399,4.44,1808255039,94004829,1902259868,4.94
20190515,7895578321,330524749,8226103070,4.02,1866788223,103585684,1970373907,5.26
20190516,7638490538,341277578,7979768116,4.28,1812789980,93617433,1906407413,4.91
20190517,7593953375,331213973,7925167348,4.18,1803425377,85507182,1888932559,4.53
20190518,7016744155,312906508,7329650663,4.27,1737593677,85177832,1822771509,4.67
20190519,7072617269,351198514,7423815783,4.73,1737852847,72762802,1810615649,4.02
20190520,7694732144,386581616,8081313760,4.78,1773773588,56632486,1830406074,3.09
20190521,7706381935,387642232,8094024167,4.79,1769244412,56992331,1826236743,3.12
20190522,7639122220,328087975,7967210195,4.12,1755410565,69280412,1824690977,3.8
20190523,7682317205,366354355,8048671560,4.55,1784228297,58023173,1842251470,3.15
20190524,7587244063,383691472,7970935535,4.81,1765113752,58245219,1823358971,3.19
20190525,6987397415,343863081,7331260496,4.69,1711275173,58792816,1770067989,3.32
20190526,6942443408,357890136,7300333544,4.9,1705271479,57424029,1762695508,3.26
20190527,7606149212,412159680,8018308892,5.14,1691797736,45109426,1736907162,2.6
20190528,7974922643,430250789,8405173432,5.12,1795496011,42853409,1838349420,2.33
20190529,7939783757,445254327,8385038084,5.31,1798102418,53696469,1851798887,2.9
20190530,7713119891,392240384,8105360275,4.84,1851107915,71282033,1922389948,3.71
20190531,7570484366,385486105,7955970471,4.85,1843726794,75604413,1919331207,3.94
20190601,7028837541,376498396,7405335937,5.08,1814821475,70736014,1885557489,3.75
20190602,6818295334,386103348,7204398682,5.36,1737266548,66365593,1803632141,3.68
20190603,7618333499,438655091,8056988590,5.44,1787743773,41060086,1828803859,2.25
20190604,7693447216,376379052,8069826268,4.66,1928760867,70360303,1999121170,3.52
20190605,7721800924,422239754,8144040678,5.18,1863416065,53799058,1917215123,2.81
20190606,7724566587,387820952,8112387539,4.78,1872940630,51938557,1924879187,2.7
20190607,7569404517,398559198,7967963715,5.0,1787379628,48731109,1836110737,2.65
20190608,7002418079,380279057,7382697136,5.15,1778509400,50265691,1828775091,2.75
20190609,6817759476,384428517,7202187993,5.34,1748689841,46240001,1794929842,2.58
20190610,7310587609,383882700,7694470309,4.99,1817911809,41291196,1859203005,2.22
20190611,7476561512,398747764,7875309276,5.06,1839054300,47758899,1886813199,2.53
20190612,7433014551,392601555,7825616106,5.02,1831897620,49912199,1881809819,2.65
20190613,7710019759,403771674,8113791433,4.98,1949000339,65433787,2014434126,3.25
20190614,7679275234,397091430,8076366664,4.92,1978618535,64021576,2042640111,3.13
20190615,6970480373,396513393,7366993766,5.38,1907321574,62408463,1969730037,3.17
20190616,7149916793,399960472,7549877265,5.3,1895129656,58754634,1953884290,3.01
20190617,7627597869,394971797,8022569666,4.92,1929416915,60814207,1990231122,3.06
20190618,7687176535,419585279,8106761814,5.18,1941310378,64728966,2006039344,3.23
20190619,7783303781,425402431,8208706212,5.18,1924234741,67189317,1991424058,3.37
20190620,7866713577,438692499,8305406076,5.28,1942033567,66751667,2008785234,3.32
20190621,8043796366,446528374,8490324740,5.26,1909163983,62097929,1971261912,3.15
20190622,7394654699,409591622,7804246321,5.25,1788456424,57442754,1845899178,3.11
20190623,7378697845,411729844,7790427689,5.29,1806026714,57962503,1863989217,3.11
20190624,7961345616,446785639,8408131255,5.31,1870489143,61370624,1931859767,3.18
20190625,7859298035,408899384,8268197419,4.95,1938770678,57650664,1996421342,2.89
20190626,8171454806,444329152,8615783958,5.16,1912262795,56923795,1969186590,2.89
20190627,7994690005,403686960,8398376965,4.81,1851509495,64064745,1915574240,3.34
20190628,7870918610,357105330,8228023940,4.34,1841547478,69128808,1910676286,3.62
20190629,7463993581,409866274,7873859855,5.21,1756009351,54912014,1810921365,3.03
20190630,7437068425,411222024,7848290449,5.24,1717895252,57141635,1775036887,3.22
20190701,7923671571,370768324,8294439895,4.47,1840521710,84723670,1925245380,4.4
20190702,7974269729,431118366,8405388095,5.13,1797938395,69951616,1867890011,3.74
20190703,8088031535,412825959,8500857494,4.86,1747627979,73448107,1821076086,4.03
20190704,7733211504,410193757,8143405261,5.04,1710573844,74455322,1785029166,4.17
20190705,8099092015,415667513,8514759528,4.88,1737315225,69620902,1806936127,3.85
20190706,7733288587,405527967,8138816554,4.98,1670721137,67535030,1738256167,3.89
20190707,7433722964,406335024,7840057988,5.18,1639638046,61877720,1701515766,3.64
20190708,8132607718,405737725,8538345443,4.75,1824440790,69712489,1894153279,3.68
20190709,8085986217,410261796,8496248013,4.83,1838826038,76002693,1914828731,3.97
20190710,7979015002,420741316,8399756318,5.01,1827900277,76614920,1904515197,4.02
20190711,7892154264,419087452,8311241716,5.04,1779775512,69191577,1848967089,3.74
20190712,8006336886,409083023,8415419909,4.86,1801968935,72457563,1874426498,3.87
20190713,7313728355,395044121,7708772476,5.12,1761969500,71999966,1833969466,3.93
20190714,7381062694,405804988,7786867682,5.21,1754598427,66804739,1821403166,3.67
20190715,7827437191,398306678,8225743869,4.84,1815229592,79124464,1894354056,4.18
20190716,7862891704,408391487,8271283191,4.94,1836525745,77099413,1913625158,4.03
20190717,7900536971,424875346,8325412317,5.1,1806088089,72134246,1878222335,3.84
20190718,7995033994,424650652,8419684646,5.04,1849297386,69918989,1919216375,3.64
20190719,7990396349,442027774,8432424123,5.24,1820262337,57773485,1878035822,3.08
20190720,7542188590,439240716,7981429306,5.5,1726190054,54689442,1780879496,3.07
20190721,7413677225,447981378,7861658603,5.7,1681704685,49985704,1731690389,2.89
20190722,7909934552,443229216,8353163768,5.31,1740630247,62289671,1802919918,3.45
20190723,7960691698,406037611,8366729309,4.85,1804816141,75073073,1879889214,3.99
20190724,7838820736,449401872,8288222608,5.42,1795411273,52983241,1848394514,2.87
20190725,8041941473,460260036,8502201509,5.41,1824166257,56714958,1880881215,3.02
20190726,8118997789,462584224,8581582013,5.39,1835991443,69011793,1905003236,3.62
20190727,7538820349,429276625,7968096974,5.39,1782770332,71059578,1853829910,3.83
20190728,7440363771,434988135,7875351906,5.52,1742395620,71407673,1813803293,3.94
20190729,8028173659,437043771,8465217430,5.16,1792461299,71225879,1863687178,3.82
20190730,8231049100,452677494,8683726594,5.21,1869817941,68065392,1937883333,3.51
20190731,8195192311,449454819,8644647130,5.2,1770404761,64691586,1835096347,3.53
20190801,8260447197,470722416,8731169613,5.39,1708961063,63162789,1772123852,3.56
20190802,8341042092,461809956,8802852048,5.25,1672933243,64594902,1737528145,3.72
20190803,7855672236,454693099,8310365335,5.47,1618586976,64861750,1683448726,3.85
20190804,7726827045,455246736,8182073781,5.56,1650569520,66428387,1716997907,3.87
20190805,8259283931,445410374,8704694305,5.12,1660366421,73195004,1733561425,4.22
20190806,8387340748,459415146,8846755894,5.19,1718702292,73523612,1792225904,4.1
20190807,8329935882,453105545,8783041427,5.16,1647405848,70578547,1717984395,4.11
20190808,8395130134,453699521,8848829655,5.13,1711505646,79779263,1791284909,4.45
20190809,8536652259,468516195,9005168454,5.2,1725477597,79267043,1804744640,4.39
20190810,7922199277,457064767,8379264044,5.45,1643260809,76058134,1719318943,4.42
20190811,7966044156,471766971,8437811127,5.59,1611981437,72633111,1684614548,4.31
20190812,8335769247,460413338,8796182585,5.23,1671763465,70500392,1742263857,4.05
20190813,8437944820,479761997,8917706817,5.38,1741187575,71287015,1812474590,3.93
20190814,8577347002,475541051,9052888053,5.25,1804030272,80974758,1885005030,4.3
20190815,10044820152,436847558,10481667710,4.17,2103987810,87279216,2191267026,3.98
20190816,9973046056,432379556,10405425612,4.16,2064127058,101033817,2165160875,4.67
20190817,7793562900,481993172,8275556072,5.82,1639989977,94448994,1734438971,5.45
20190818,7685007357,499876690,8184884047,6.11,1582316093,87982628,1670298721,5.27
20190819,8303377780,478588045,8781965825,5.45,1652503168,91760195,1744263363,5.26
20190820,8226615518,487580655,8714196173,5.6,1693107353,86879621,1779986974,4.88
20190821,8376598667,511042319,8887640986,5.75,1678012026,74891327,1752903353,4.27
20190822,8288981969,503474738,8792456707,5.73,1720849960,87415755,1808265715,4.83
20190823,8539906270,518244933,9058151203,5.72,1683750766,96155367,1779906133,5.4
20190824,8159849808,496216279,8656066087,5.73,1557917757,81617878,1639535635,4.98
20190825,8110003910,509602694,8619606604,5.91,1578124999,97840783,1675965782,5.84
20190826,8485988405,491340244,8977328649,5.47,1653939946,105382696,1759322642,5.99
20190827,8727567569,514994478,9242562047,5.57,1662780935,129213866,1791994801,7.21
20190828,8963044414,539572622,9502617036,5.68,1654701377,114169303,1768870680,6.45
20190829,8792815002,524789424,9317604426,5.63,1634345948,97713046,1732058994,5.64
20190830,8655200031,515248631,9170448662,5.62,1638045987,126189158,1764235145,7.15
20190831,8163538706,525304309,8688843015,6.05,1511265465,133593013,1644858478,8.12
20190901,7965455294,527397471,8492852765,6.21,1500150505,151376435,1651526940,9.17
20190902,8441812339,527330355,8969142694,5.88,1595153225,157332707,1752485932,8.98
20190903,8656088371,580040653,9236129024,6.28,1507464611,60855237,1568319848,3.88
20190904,8657414495,554001340,9211415835,6.01,1529788880,72400838,1602189718,4.52
20190905,8757412800,578776544,9336189344,6.2,1558343298,76783940,1635127238,4.7
20190906,9368748588,567383835,9936132423,5.71,1555696693,71892618,1627589311,4.42
20190907,8197923958,588467842,8786391800,6.7,1503943897,76077060,1580020957,4.81
20190908,8588311517,594008508,9182320025,6.47,1624080311,83702789,1707783100,4.9
20190909,8919120766,589307394,9508428160,6.2,1634600852,78241628,1712842480,4.57
20190910,8531230379,590529223,9121759602,6.47,1590888961,78815633,1669704594,4.72
20190911,8431660465,595668024,9027328489,6.6,1647827069,80297564,1728124633,4.65
20190912,8438531229,593336084,9031867313,6.57,1617624239,80714960,1698339199,4.75
20190913,8473105991,537699452,9010805443,5.97,1597384972,62270277,1659655249,3.75
20190914,7872034835,496880469,8368915304,5.94,1513205642,50062050,1563267692,3.2
20190915,7731835453,470640802,8202476255,5.74,1507874019,57073268,1564947287,3.65
20190916,8296579183,474938064,8771517247,5.41,1572642687,53053525,1625696212,3.26
20190917,8513229069,503981020,9017210089,5.59,1605323580,52151740,1657475320,3.15
20190918,8587166763,522875281,9110042044,5.74,1583409102,51759020,1635168122,3.17
20190919,8744651543,508259956,9252911499,5.49,1602747554,55024388,1657771942,3.32
20190920,9080251353,533086413,9613337766,5.55,1581963975,57815609,1639779584,3.53
20190921,8403964210,501665579,8905629789,5.63,1509341968,60422126,1569764094,3.85
20190922,8270341437,525069860,8795411297,5.97,1495182388,62918833,1558101221,4.04
20190923,8650829791,478285547,9129115338,5.24,1569500454,57478892,1626979346,3.53
20190924,8938793987,518845111,9457639098,5.49,1594135305,64570284,1658705589,3.89
20190925,8730483702,508721921,9239205623,5.51,1586926288,60092765,1647019053,3.65
20190926,8739570858,520283114,9259853972,5.62,1607741097,48327183,1656068280,2.92
20190927,8764906446,466918664,9231825110,5.06,1575621628,45417643,1621039271,2.8
20190928,8098235898,475344828,8573580726,5.54,1492636227,48989464,1541625691,3.18
20190929,8096429579,482687627,8579117206,5.63,1551564582,61820493,1613385075,3.83
20190930,8449548034,454703073,8904251107,5.11,1367304561,47484825,1414789386,3.36
20191001,8616470657,453424510,9069895167,5.0,1436776652,47154749,1483931401,3.18
20191002,8572259822,459192188,9031452010,5.08,1453222804,62057150,1515279954,4.1
20191003,8608510059,484673881,9093183940,5.33,1609955970,87814960,1697770930,5.17
20191004,8981220166,456968431,9438188597,4.84,1589164827,65776117,1654940944,3.97
20191005,8985024662,446731289,9431755951,4.74,1525141189,55460298,1580601487,3.51
20191006,8987842041,471132788,9458974829,4.98,1511673832,49583323,1561257155,3.18
20191007,9358135089,473522909,9831657998,4.82,1659874496,63452743,1723327239,3.68
20191008,8446851693,494089169,8940940862,5.53,1726413843,55704033,1782117876,3.13
20191009,8579408558,467997409,9047405967,5.17,1785498858,62792404,1848291262,3.4
20191010,8507817566,469278048,8977095614,5.23,1747255487,59651498,1806906985,3.3
20191011,8722913764,463944387,9186858151,5.05,2053277733,127340818,2180618551,5.84
20191012,8225469182,419264342,8644733524,4.85,1715261624,66020151,1781281775,3.71
20191013,8178852665,457704928,8636557593,5.3,1652878346,49988504,1702866850,2.94
20191014,8435637951,454387458,8890025409,5.11,1732352600,50447196,1782799796,2.83
20191015,8236467937,446399517,8682867454,5.14,1640469644,54386269,1694855913,3.21
20191016,8727731631,439823241,9167554872,4.8,1646774445,69662182,1716436627,4.06
20191017,8489402560,441395795,8930798355,4.94,1629776998,65749413,1695526411,3.88
20191018,10286765774,439058116,10725823890,4.09,1961183521,62635189,2023818710,3.09
20191019,8957471097,450355906,9407827003,4.79,1500482408,63717422,1564199830,4.07
20191020,8939882481,467541598,9407424079,4.97,1465468496,62593427,1528061923,4.1
20191021,9000198985,453053721,9453252706,4.79,1591265214,60368796,1651634010,3.66
20191022,8331278261,458749791,8790028052,5.22,1635816956,60663190,1696480146,3.58
20191023,8299010777,459919869,8758930646,5.25,1612094951,68467242,1680562193,4.07
20191024,8476419169,464570785,8940989954,5.2,1881649901,64111613,1945761514,3.29
20191025,8879775225,484035650,9363810875,5.17,1865844212,65681245,1931525457,3.4
20191026,7909751518,467556597,8377308115,5.58,1803400765,67358105,1870758870,3.6
20191027,7802352558,449606736,8251959294,5.45,1779638102,69126561,1848764663,3.74
20191028,8413214019,463706371,8876920390,5.22,1957471033,89458159,2046929192,4.37
20191029,8457934718,486130234,8944064952,5.44,1854229321,72420540,1926649861,3.76
20191030,8355108095,448413794,8803521889,5.09,1968168254,101682239,2069850493,4.91
20191031,8467520609,445451031,8912971640,5.0,2177664691,156648685,2334313376,6.71
20191101,8511030507,383489502,8894520009,4.31,1895844944,89656502,1985501446,4.52
20191102,8031808482,371616594,8403425076,4.42,1910290457,107340738,2017631195,5.32
20191103,7836416688,380827307,8217243995,4.63,1788112304,81436843,1869549147,4.36
20191104,8238514955,384404698,8622919653,4.46,1830661207,68281762,1898942969,3.6
20191105,8262195172,388277251,8650472423,4.49,1880833167,73560296,1954393463,3.76
20191106,8321299812,418440149,8739739961,4.79,1831111298,77040733,1908152031,4.04
