#date,queriesUDP_IPV4,queriesTCP_IPv4,queriesTOTAL_IPv4,ratioTCP_IPv4,queriesUDP_IPV6,queriesTCP_IPv6,queriesTOTAL_IPv6,ratioTCP_IPv6
20160801,2415831035,168420878,2584251913,6.52,4467,72,4539,1.59
20160802,2493235721,174139430,2667375151,6.53,4393,80,4473,1.79
20160803,2496498284,178444623,2674942907,6.67,4490,82,4572,1.79
20160804,2478799237,169862929,2648662166,6.41,4465,83,4548,1.82
20160805,2340070630,161406548,2501477178,6.45,4516,79,4595,1.72
20160806,2127058095,146234036,2273292131,6.43,4433,72,4505,1.6
20160807,2110115471,146377103,2256492574,6.49,4428,72,4500,1.6
20160808,2434868237,155021943,2589890180,5.99,4400,72,4472,1.61
20160809,2421052956,159536086,2580589042,6.18,4230,72,4302,1.67
20160810,2401589990,149096373,2550686363,5.85,4536,72,4608,1.56
20160811,2468248051,155149002,2623397053,5.91,4305,72,4377,1.64
20160812,2359071739,153539939,2512611678,6.11,4353,75,4428,1.69
20160813,2106540218,136386837,2242927055,6.08,4352,72,4424,1.63
20160814,2088366352,139760244,2228126596,6.27,4434,72,4506,1.6
20160815,2137300272,146816675,2284116947,6.43,3287,72,3359,2.14
20160816,2350046977,160476805,2510523782,6.39,4330,72,4402,1.64
20160817,2834554654,187274662,3021829316,6.2,5412,79,5491,1.44
20160818,2611501209,173926683,2785427892,6.24,4723,66,4789,1.38
20160819,3140738696,208397503,3349136199,6.22,4269,97,4366,2.22
20160820,2417337360,161965055,2579302415,6.28,5138,81,5219,1.55
20160821,2159083178,142891782,2301974960,6.21,4602,72,4674,1.54
20160822,3036961010,194394605,3231355615,6.02,5074,99,5173,1.91
20160823,2630173066,171130699,2801303765,6.11,4428,76,4504,1.69
20160824,2086106554,127336441,2213442995,5.75,4147,73,4220,1.73
20160825,1759614593,107976096,1867590689,5.78,48883997,2762426,51646423,5.35
20160826,2830017549,182727331,3012744880,6.07,229874135,11898323,241772458,4.92
20160827,2212033196,142233040,2354266236,6.04,190232494,9796292,200028786,4.9
20160828,2175904333,146923151,2322827484,6.33,193332419,11346171,204678590,5.54
20160829,2426366162,161863970,2588230132,6.25,203124756,12688616,215813372,5.88
20160830,2503876508,168284978,2672161486,6.3,209634746,12821370,222456116,5.76
20160831,2588294319,175325069,2763619388,6.34,213091184,11570079,224661263,5.15
20160901,3187564803,220136939,3407701742,6.46,269915091,16169897,286084988,5.65
20160902,3323063737,233802044,3556865781,6.57,280527149,14487981,295015130,4.91
20160903,2948193900,203407423,3151601323,6.45,254339424,12359616,266699040,4.63
20160904,3278620016,244049376,3522669392,6.93,291215078,17150679,308365757,5.56
20160905,2587118973,188605678,2775724651,6.79,211610222,10686815,222297037,4.81
20160906,2576021537,182546325,2758567862,6.62,216249775,12242017,228491792,5.36
20160907,3221244362,226503626,3447747988,6.57,263576960,14872330,278449290,5.34
20160908,3198553068,232549373,3431102441,6.78,264638338,14784893,279423231,5.29
20160909,2672897178,188561053,2861458231,6.59,220441746,12922465,233364211,5.54
20160910,2750910315,202371824,2953282139,6.85,243303443,13628373,256931816,5.3
20160911,3026673722,211766434,3238440156,6.54,270255703,14322152,284577855,5.03
20160912,2982605905,215729674,3198335579,6.75,253213682,13057498,266271180,4.9
20160913,2777154147,199582588,2976736735,6.7,228136600,12229822,240366422,5.09
20160914,2673597500,196920794,2870518294,6.86,213588058,10598832,224186890,4.73
20160915,3138268290,260044218,3398312508,7.65,242651446,13339054,255990500,5.21
20160916,3034289706,245475358,3279765064,7.48,227656620,11639833,239296453,4.86
20160917,2395656185,182051837,2577708022,7.06,203344497,12005220,215349717,5.57
20160918,2229314378,158406070,2387720448,6.63,194375527,11725044,206100571,5.69
20160919,2529462602,171670460,2701133062,6.36,201815912,11606384,213422296,5.44
20160920,2504314559,176495942,2680810501,6.58,205431391,12217893,217649284,5.61
20160921,2448041270,171554549,2619595819,6.55,196181365,10286568,206467933,4.98
20160922,2507048643,169100094,2676148737,6.32,195340579,8861286,204201865,4.34
20160923,2464911350,166824202,2631735552,6.34,191622735,8233067,199855802,4.12
20160924,2316070629,153492386,2469563015,6.22,188745920,9665128,198411048,4.87
20160925,2605355206,160783912,2766139118,5.81,191823723,10155330,201979053,5.03
20160926,2753024170,169696747,2922720917,5.81,193968861,9566907,203535768,4.7
20160928,2845018121,180135023,3025153144,5.95,192988393,9658429,202646822,4.77
20160929,3414721346,244173345,3658894691,6.67,215915947,15411263,231327210,6.66
20161001,2698006135,212774797,2910780932,7.31,196140262,11005828,207146090,5.31
20161002,2442353062,197928392,2640281454,7.5,194030338,11036985,205067323,5.38
20161003,2669375089,202243569,2871618658,7.04,201786539,12167058,213953597,5.69
20161004,2647402892,200992197,2848395089,7.06,200858456,12054653,212913109,5.66
20161005,2436385707,185418621,2621804328,7.07,198452647,10671374,209124021,5.1
20161006,2478337610,207420487,2685758097,7.72,220211443,16597159,236808602,7.01
20161007,2760285804,267569432,3027855236,8.84,261819864,27196370,289016234,9.41
20161008,2239651555,178762369,2418413924,7.39,204643017,12869526,217512543,5.92
20161009,2183440483,170938758,2354379241,7.26,195412849,12014441,207427290,5.79
20161010,2341122445,181348351,2522470796,7.19,197906480,12128111,210034591,5.77
20161011,2443491352,185695183,2629186535,7.06,207739134,12642230,220381364,5.74
20161012,2706268710,206482718,2912751428,7.09,229309959,15930730,245240689,6.5
20161013,2736766926,207099682,2943866608,7.03,237818018,18725245,256543263,7.3
20161014,2667786427,213295659,2881082086,7.4,245608978,20422215,266031193,7.68
20161015,2440448843,197350065,2637798908,7.48,232107819,20795779,252903598,8.22
20161016,2478113643,197589851,2675703494,7.38,229223161,20006353,249229514,8.03
20161017,2774427351,212516544,2986943895,7.11,240194064,22764326,262958390,8.66
20161018,2707369763,207911015,2915280778,7.13,238576928,21970684,260547612,8.43
20161019,2712752564,209922927,2922675491,7.18,230383643,19776215,250159858,7.91
20161020,2701186232,211865944,2913052176,7.27,227798519,20004764,247803283,8.07
20161021,2698827335,205912761,2904740096,7.09,217995861,20591478,238587339,8.63
20161022,2556629456,197148174,2753777630,7.16,206407135,18978294,225385429,8.42
20161023,2411161304,186589354,2597750658,7.18,189739009,17231297,206970306,8.33
20161024,2754575551,221538938,2976114489,7.44,206765112,18467088,225232200,8.2
20161025,2731347133,234697445,2966044578,7.91,198188967,16354338,214543305,7.62
20161026,2758572771,236195445,2994768216,7.89,193322507,15114295,208436802,7.25
20161027,2809519094,252976809,3062495903,8.26,196269535,14908883,211178418,7.06
20161028,2753103472,258821500,3011924972,8.59,200725083,16681743,217406826,7.67
20161029,2298974180,214419116,2513393296,8.53,190881097,16415132,207296229,7.92
20161030,2402293540,236364634,2638658174,8.96,193693070,16633462,210326532,7.91
20161031,2683768863,256883683,2940652546,8.74,203962781,17698932,221661713,7.98
20161101,2765445227,250485747,3015930974,8.31,203723871,17163577,220887448,7.77
20161102,2540146496,235626916,2775773412,8.49,180429190,15714626,196143816,8.01
20161103,2865920098,261720816,3127640914,8.37,203698862,17273430,220972292,7.82
20161104,2904500289,266244173,3170744462,8.4,198346809,14839218,213186027,6.96
20161105,2564902021,243923641,2808825662,8.68,193521482,15003577,208525059,7.2
20161106,2542483094,243035659,2785518753,8.72,196915460,16191953,213107413,7.6
20161107,2813778825,261473006,3075251831,8.5,202510382,15867963,218378345,7.27
20161108,2891061118,275368693,3166429811,8.7,207635604,14573620,222209224,6.56
20161109,2908291270,272289731,3180581001,8.56,211654348,15314272,226968620,6.75
20161110,2849541577,249926121,3099467698,8.06,218611861,17152209,235764070,7.28
20161111,2706832486,239572959,2946405445,8.13,238899661,26781182,265680843,10.08
20161112,2449157663,223632510,2672790173,8.37,245359347,33143692,278503039,11.9
20161113,2518840914,234252189,2753093103,8.51,250808068,34021501,284829569,11.94
20161114,2729193259,238314832,2967508091,8.03,345908217,52250415,398158632,13.12
20161115,2750891364,267115017,3018006381,8.85,224595232,17645226,242240458,7.28
20161116,2762801734,249115812,3011917546,8.27,447072387,33462931,480535318,6.96
20161117,2785583895,238138765,3023722660,7.88,472704896,34411389,507116285,6.79
20161118,2703550753,243095787,2946646540,8.25,564256280,60627962,624884242,9.7
20161119,2495430486,238290464,2733720950,8.72,622137912,73367172,695505084,10.55
20161120,2464273282,233045073,2697318355,8.64,614107210,72531152,686638362,10.56
20161121,2706299535,246076686,2952376221,8.33,386143422,33154151,419297573,7.91
20161122,2770800436,246630555,3017430991,8.17,266289010,35972018,302261028,11.9
20161123,2833208652,259535410,3092744062,8.39,267568998,36301049,303870047,11.95
20161124,2818188773,246279344,3064468117,8.04,264933422,35827072,300760494,11.91
20161125,2883116810,253931278,3137048088,8.09,269636305,37796273,307432578,12.29
20161126,2517247752,247528033,2764775785,8.95,363166640,37663540,400830180,9.4
20161127,2571011581,264592643,2835604224,9.33,448042344,35522864,483565208,7.35
20161128,3011675291,285693308,3297368599,8.66,358707504,40770382,399477886,10.21
20161129,2829330837,251322758,3080653595,8.16,261276802,35982603,297259405,12.1
20161130,2750546877,241813819,2992360696,8.08,331247052,36015257,367262309,9.81
20161201,2855563773,268362881,3123926654,8.59,247094480,21029348,268123828,7.84
20161202,2809077909,249820229,3058898138,8.17,381536779,29549481,411086260,7.19
20161203,2526040764,234114887,2760155651,8.48,452836203,36400111,489236314,7.44
20161204,2457415957,234742444,2692158401,8.72,457169833,36936303,494106136,7.48
20161205,2793740103,261399558,3055139661,8.56,456429358,38126246,494555604,7.71
20161206,2834533588,269574546,3104108134,8.68,319307920,36062018,355369938,10.15
20161207,2720806919,258159680,2978966599,8.67,254081155,36826384,290907539,12.66
20161208,2576826444,247156633,2823983077,8.75,244614990,35545002,280159992,12.69
20161209,2800681879,260037268,3060719147,8.5,255249590,38669842,293919432,13.16
20161210,2774074106,260410724,3034484830,8.58,258261947,38446161,296708108,12.96
20161211,2739225422,260719473,2999944895,8.69,264966274,39090375,304056649,12.86
20161212,2999216681,286774765,3285991446,8.73,265209293,39905504,305114797,13.08
20161213,2860843623,275486657,3136330280,8.78,263732040,40245661,303977701,13.24
20161214,2848888254,270001963,3118890217,8.66,252739413,36757503,289496916,12.7
20161215,2675155766,261235292,2936391058,8.9,251921550,37021419,288942969,12.81
20161216,3670263922,347940852,4018204774,8.66,486941889,99816509,586758398,17.01
20161217,21123821537,2121173818,23244995355,9.13,4214652399,1095361610,5310014009,20.63
20161218,20512450728,2057765432,22570216160,9.12,4316961708,1124767581,5441729289,20.67
20161219,20857844059,2008714921,22866558980,8.78,3923746470,1024266278,4948012748,20.7
20161220,21583914597,2012374621,23596289218,8.53,3995095143,1048877156,5043972299,20.79
20161221,19997388222,1833668794,21831057016,8.4,2561517594,426919757,2988437351,14.29
20161222,16893461471,1548102067,18441563538,8.39,1737345375,108216808,1845562183,5.86
20161223,17046999571,1550402583,18597402154,8.34,1799752825,134624351,1934377176,6.96
20161224,16436848928,1570435296,18007284224,8.72,1806136435,126188991,1932325426,6.53
20161225,16447691300,1618286308,18065977608,8.96,1811191132,129210083,1940401215,6.66
20161226,16649401526,1629869112,18279270638,8.92,2128675209,300055295,2428730504,12.35
20161227,12401338987,1176159259,13577498246,8.66,1292542115,86575971,1379118086,6.28
20161228,77573087,8213489,85786576,9.57,1123973,86712,1210685,7.16
20161229,79784339,6923144,86707483,7.98,1099370,88571,1187941,7.46
20161230,77335643,7255532,84591175,8.58,931697,68825,1000522,6.88
20161231,1410162690,144314233,1554476923,9.28,129667070,9413904,139080974,6.77
20170101,2337771970,253724501,2591496471,9.79,214509930,17339139,231849069,7.48
20170102,2403193186,251864530,2655057716,9.49,210948607,15855175,226803782,6.99
20170103,2457580879,257817527,2715398406,9.49,213740622,16362494,230103116,7.11
20170104,2501620074,257762429,2759382503,9.34,212739145,15218295,227957440,6.68
20170105,2494131109,253914726,2748045835,9.24,207179084,14968841,222147925,6.74
20170106,2822229447,312294853,3134524300,9.96,222234711,18107978,240342689,7.53
20170107,2464339284,261514738,2725854022,9.59,215724642,16581896,232306538,7.14
20170108,2475135260,268097069,2743232329,9.77,217475095,15472344,232947439,6.64
20170109,3589080148,439005561,4028085709,10.9,273072073,26123897,299195970,8.73
20170110,3800017856,486343373,4286361229,11.35,280261161,27467209,307728370,8.93
20170111,2782355432,279713497,3062068929,9.13,233788456,18062378,251850834,7.17
20170112,2817082674,282216696,3099299370,9.11,225962096,16330081,242292177,6.74
20170113,2752853125,279294487,3032147612,9.21,226204070,17291776,243495846,7.1
20170114,2387345099,267431038,2654776137,10.07,227532319,18255265,245787584,7.43
20170115,2362817223,263861241,2626678464,10.05,226617600,17441768,244059368,7.15
20170116,2562294314,264116918,2826411232,9.34,230045310,18067396,248112706,7.28
20170117,2680668745,270578606,2951247351,9.17,233053608,17687801,250741409,7.05
20170118,2682521236,266406623,2948927859,9.03,235573287,17354296,252927583,6.86
20170119,2800932550,272017726,3072950276,8.85,234608941,19037310,253646251,7.51
20170120,2657648000,267411355,2925059355,9.14,235537897,19520710,255058607,7.65
20170121,2464820640,257340455,2722161095,9.45,229757681,17476718,247234399,7.07
20170122,2480220763,263268881,2743489644,9.6,228543476,18276085,246819561,7.4
20170123,2693261606,266982365,2960243971,9.02,234102569,17566947,251669516,6.98
20170124,2669555133,266044617,2935599750,9.06,237154696,19662810,256817506,7.66
20170125,2634887108,266917305,2901804413,9.2,242588058,20288319,262876377,7.72
20170126,2663714584,272933921,2936648505,9.29,241878782,19971014,261849796,7.63
20170127,2546542051,261127350,2807669401,9.3,232022983,16283849,248306832,6.56
20170128,2378109785,246161602,2624271387,9.38,234286665,17478337,251765002,6.94
20170129,2527993399,260815235,2788808634,9.35,234922746,18141143,253063889,7.17
20170130,2627039687,253227284,2880266971,8.79,232986337,17177463,250163800,6.87
20170131,2650880871,251596843,2902477714,8.67,232831889,16342684,249174573,6.56
20170201,2654422062,253682868,2908104930,8.72,245592164,19221059,264813223,7.26
20170202,1557843705,150079593,1707923298,8.79,138725599,11133189,149858788,7.43
20170203,1530959102,150855797,1681814899,8.97,128148030,9898630,138046660,7.17
20170204,1488663270,146553579,1635216849,8.96,111338483,8765596,120104079,7.3
20170205,1438707150,138647260,1577354410,8.79,118152325,9613765,127766090,7.52
20170206,1510217944,143241708,1653459652,8.66,126384481,9892966,136277447,7.26
20170207,1480408151,135766859,1616175010,8.4,119547944,9457162,129005106,7.33
20170208,1391370122,124026725,1515396847,8.18,119476607,8877507,128354114,6.92
20170209,1115077823,98831828,1213909651,8.14,102334095,8514345,110848440,7.68
20170210,1133799326,107388146,1241187472,8.65,128944012,14065944,143009956,9.84
20170211,1025429104,93506483,1118935587,8.36,116675621,8795796,125471417,7.01
20170212,1067127960,101861496,1168989456,8.71,124361075,9853859,134214934,7.34
20170213,1163213564,105019503,1268233067,8.28,122345995,9636978,131982973,7.3
20170214,1112224114,94092980,1206317094,7.8,118062546,10194587,128257133,7.95
20170215,1118903888,89523616,1208427504,7.41,113247969,9640542,122888511,7.84
20170216,1260215100,111562391,1371777491,8.13,125623441,10874817,136498258,7.97
20170217,1209696999,117462243,1327159242,8.85,121815748,11546077,133361825,8.66
20170218,1158010863,114133107,1272143970,8.97,125447207,12263088,137710295,8.9
20170219,1142328398,113016457,1255344855,9.0,124342983,11781785,136124768,8.66
20170220,1251737514,125516952,1377254466,9.11,121448735,12076914,133525649,9.04
20170221,1683334035,199035322,1882369357,10.57,136030287,14647040,150677327,9.72
20170222,1315458777,124404493,1439863270,8.64,125744123,12191318,137935441,8.84
20170223,1257180893,124365405,1381546298,9.0,109769366,10973078,120742444,9.09
20170224,1287127758,128077203,1415204961,9.05,108162752,10069639,118232391,8.52
20170225,1163794692,123815438,1287610130,9.62,120145200,11302850,131448050,8.6
20170226,1236236410,132786853,1369023263,9.7,128734046,12559847,141293893,8.89
20170227,1293642425,128778036,1422420461,9.05,127524813,12173387,139698200,8.71
20170228,1305213909,131428139,1436642048,9.15,125151098,12168489,137319587,8.86
20170301,1320698145,134404213,1455102358,9.24,136972386,18952496,155924882,12.15
20170302,1315137778,126766274,1441904052,8.79,139464659,19925745,159390404,12.5
20170303,1267024596,121035459,1388060055,8.72,144630393,20419669,165050062,12.37
20170304,1156457200,116125407,1272582607,9.13,143728782,19894670,163623452,12.16
20170305,81572728,6434942,88007670,7.31,311923,8653,320576,2.7
20170306,1474930324,171742890,1646673214,10.43,102402723,13957792,116360515,12.0
20170307,1875198690,177916871,2053115561,8.67,222298824,30737095,253035919,12.15
20170308,1368855454,131090525,1499945979,8.74,161091309,21070700,182162009,11.57
20170309,2630442897,239650939,2870093836,8.35,282460725,34067214,316527939,10.76
20170310,2640178925,241149747,2881328672,8.37,290632332,34745928,325378260,10.68
20170311,2530402820,229600062,2760002882,8.32,279720267,32893826,312614093,10.52
20170312,2564328008,256249469,2820577477,9.09,287374660,33240906,320615566,10.37
20170313,2668326450,247750242,2916076692,8.5,294493099,35393902,329887001,10.73
20170314,2686181212,246554908,2932736120,8.41,291011219,36723241,327734460,11.21
20170315,2449977790,231231767,2681209557,8.62,291891179,36584989,328476168,11.14
20170316,2420751167,224631998,2645383165,8.49,273813810,33755359,307569169,10.97
20170317,2544452716,255734835,2800187551,9.13,276174741,33449270,309624011,10.8
20170318,2220357918,221473051,2441830969,9.07,254396729,31369701,285766430,10.98
20170319,2238786879,219852831,2458639710,8.94,271398103,34242174,305640277,11.2
20170320,2671281049,250366694,2921647743,8.57,281681447,35925689,317607136,11.31
20170321,2482840866,240089300,2722930166,8.82,273693247,34847359,308540606,11.29
20170322,2519082506,241647060,2760729566,8.75,286116329,37825083,323941412,11.68
20170323,2602268852,248440310,2850709162,8.72,299971866,39825812,339797678,11.72
20170324,2684095323,249306681,2933402004,8.5,297013304,36120760,333134064,10.84
20170325,2519105586,240368060,2759473646,8.71,283339995,36094700,319434695,11.3
20170326,2236996381,219213444,2456209825,8.92,280149607,36348847,316498454,11.48
20170327,2471028791,240580871,2711609662,8.87,285110847,37345317,322456164,11.58
20170328,2575438938,229658687,2805097625,8.19,286443441,36797726,323241167,11.38
20170329,2527335038,235346427,2762681465,8.52,290907843,37397789,328305632,11.39
20170330,2514814136,243373494,2758187630,8.82,289803516,34284650,324088166,10.58
20170331,2403518692,233719742,2637238434,8.86,286372596,34418818,320791414,10.73
20170401,2167564853,201760409,2369325262,8.52,275672840,31750769,307423609,10.33
20170402,2154924991,202547600,2357472591,8.59,270231580,30975496,301207076,10.28
20170403,2440980637,226438144,2667418781,8.49,284109435,33666734,317776169,10.59
20170404,2553836939,244297981,2798134920,8.73,291651065,34370827,326021892,10.54
20170405,2377601127,232649470,2610250597,8.91,288697841,33780382,322478223,10.48
20170406,2293494351,222692402,2516186753,8.85,284481296,33342017,317823313,10.49
20170407,2263831485,214788538,2478620023,8.67,285278791,34084777,319363568,10.67
20170408,2081963771,203411861,2285375632,8.9,277153971,32115262,309269233,10.38
20170409,2054941230,198918444,2253859674,8.83,282271830,31904776,314176606,10.16
20170410,2169333592,201843932,2371177524,8.51,276463891,31476525,307940416,10.22
20170411,2206950273,191775650,2398725923,7.99,274209472,31278710,305488182,10.24
20170412,2169350596,195264044,2364614640,8.26,277141749,31309624,308451373,10.15
20170413,2274201486,205647283,2479848769,8.29,286304973,32216845,318521818,10.11
20170414,2178142643,201725861,2379868504,8.48,283922028,30925446,314847474,9.82
20170415,2019857001,193784376,2213641377,8.75,274392246,28934517,303326763,9.54
20170416,2033756334,197154790,2230911124,8.84,270957452,28579247,299536699,9.54
20170417,2241197812,218391288,2459589100,8.88,279304296,30621789,309926085,9.88
20170418,2195229844,201345510,2396575354,8.4,280046425,28972969,309019394,9.38
20170419,2185271798,197712666,2382984464,8.3,274192995,26947716,301140711,8.95
20170420,2218725100,196525958,2415251058,8.14,250187846,15180935,265368781,5.72
20170421,2106789829,183265755,2290055584,8.0,248626191,15944487,264570678,6.03
20170422,1908128162,167925235,2076053397,8.09,240874307,15314402,256188709,5.98
20170423,1892932208,167817409,2060749617,8.14,249836393,16463431,266299824,6.18
20170424,2163200136,188726422,2351926558,8.02,252343493,15996418,268339911,5.96
20170425,2614288916,258224315,2872513231,8.99,277301684,19717103,297018787,6.64
20170426,2188821989,196624619,2385446608,8.24,257332934,16994402,274327336,6.19
20170427,2140081914,183627545,2323709459,7.9,258903153,15702323,274605476,5.72
20170428,2192757340,178977795,2371735135,7.55,266011948,16897077,282909025,5.97
20170429,2352548157,196044851,2548593008,7.69,258537273,18013797,276551070,6.51
20170430,2211752870,187929336,2399682206,7.83,259868704,18332764,278201468,6.59
20170501,2300822878,205101281,2505924159,8.18,269631805,18539661,288171466,6.43
20170502,2219640838,193974550,2413615388,8.04,265741388,17443536,283184924,6.16
20170503,2430809892,207119613,2637929505,7.85,281336230,19689359,301025589,6.54
20170504,2344124050,199072707,2543196757,7.83,275556001,18562069,294118070,6.31
20170505,2261113646,182521290,2443634936,7.47,262136307,15756313,277892620,5.67
20170506,1975982304,171446818,2147429122,7.98,257436917,16133500,273570417,5.9
20170507,1800100622,158348144,1958448766,8.09,248000717,15431927,263432644,5.86
20170508,2187021732,182622051,2369643783,7.71,255149579,15496090,270645669,5.73
20170509,2227625867,188175702,2415801569,7.79,259337541,15645414,274982955,5.69
20170510,2135434120,191037838,2326471958,8.21,265584477,15931724,281516201,5.66
20170511,2273332342,197266878,2470599220,7.98,263616634,15616370,279233004,5.59
20170512,2256744452,196167840,2452912292,8.0,265758103,16129322,281887425,5.72
20170513,1978673769,185125122,2163798891,8.56,258549470,16198528,274747998,5.9
20170514,1903928706,180328224,2084256930,8.65,256147518,17229505,273377023,6.3
20170515,2147585340,199949437,2347534777,8.52,270335491,19032156,289367647,6.58
20170516,2151497344,191709708,2343207052,8.18,267493816,18110032,285603848,6.34
20170517,2145010061,187957415,2332967476,8.06,270997405,19357665,290355070,6.67
20170518,2160251891,190634527,2350886418,8.11,272129664,18638989,290768653,6.41
20170519,2123948712,190427228,2314375940,8.23,270752262,17563838,288316100,6.09
20170520,1941353507,176450774,2117804281,8.33,262701084,16932637,279633721,6.06
20170521,1944758593,181065365,2125823958,8.52,268251887,18077730,286329617,6.31
20170522,2129227758,191419213,2320646971,8.25,277427877,19417326,296845203,6.54
20170523,2048557869,193123160,2241681029,8.62,258831074,19767819,278598893,7.1
20170524,2156322667,193707710,2350030377,8.24,271709841,18669036,290378877,6.43
20170525,2124052508,190742859,2314795367,8.24,274274890,18149216,292424106,6.21
20170526,2045634339,180544347,2226178686,8.11,270259469,17970478,288229947,6.23
20170527,1942205804,176466440,2118672244,8.33,265794844,17693454,283488298,6.24
20170528,1872925248,167343480,2040268728,8.2,260463435,17662998,278126433,6.35
20170529,2037324247,184429095,2221753342,8.3,270588465,18759550,289348015,6.48
20170530,2080742292,184584474,2265326766,8.15,266006065,17286053,283292118,6.1
20170531,2043780201,179407135,2223187336,8.07,266214291,17182072,283396363,6.06
20170601,2160225723,194628013,2354853736,8.26,267370217,17465830,284836047,6.13
20170602,2070510361,182417446,2252927807,8.1,261279102,17821020,279100122,6.39
20170603,1922793423,183409399,2106202822,8.71,256104704,20417715,276522419,7.38
20170604,1940612916,179593613,2120206529,8.47,247080577,14555555,261636132,5.56
20170605,2118609004,192547225,2311156229,8.33,259138747,17593507,276732254,6.36
20170606,2217910301,200508638,2418418939,8.29,261243746,17319756,278563502,6.22
20170607,2234034664,195759579,2429794243,8.06,254804412,16990945,271795357,6.25
20170608,2122649077,190056535,2312705612,8.22,249035681,15189990,264225671,5.75
20170609,2168707626,194073750,2362781376,8.21,250158711,15809680,265968391,5.94
20170610,2080022711,184466953,2264489664,8.15,243253556,15234531,258488087,5.89
20170611,1944741582,176729879,2121471461,8.33,246099071,16249538,262348609,6.19
20170612,2111842014,187585442,2299427456,8.16,260034660,17025207,277059867,6.14
20170613,2141244009,189045952,2330289961,8.11,277564486,17512539,295077025,5.93
20170614,2140310418,195376591,2335687009,8.36,278069951,17902759,295972710,6.05
20170615,2125315232,198668818,2323984050,8.55,287850318,18988438,306838756,6.19
20170616,2128177269,198818659,2326995928,8.54,284440898,18609285,303050183,6.14
20170617,1938371081,185698959,2124070040,8.74,269553067,16224765,285777832,5.68
20170618,32954224,1570274,34524498,4.55,405310,39722,445032,8.93
20170619,47141751,2204899,49346650,4.47,597364,45149,642513,7.03
20170620,80977292,11417260,92394552,12.36,594944,48265,643209,7.5
20170621,80355669,11478212,91833881,12.5,623912,48952,672864,7.28
20170622,86925000,11256792,98181792,11.47,606734,52184,658918,7.92
20170623,75853003,11537649,87390652,13.2,542915,46757,589672,7.93
20170624,66700809,10378494,77079303,13.46,409201,38515,447716,8.6
20170625,63139279,9887928,73027207,13.54,411404,37615,449019,8.38
20170626,81461132,11403245,92864377,12.28,527560,47361,574921,8.24
20170627,81945641,11421775,93367416,12.23,537731,50662,588393,8.61
20170628,83030772,10616847,93647619,11.34,487570,45090,532660,8.47
20170629,51972554,2442367,54414921,4.49,558342,44862,603204,7.44
20170630,47364374,2604297,49968671,5.21,537098,42953,580051,7.41
20170701,39285883,2139202,41425085,5.16,430658,41396,472054,8.77
20170702,38202704,1826926,40029630,4.56,401604,41524,443128,9.37
20170703,46722293,2361204,49083497,4.81,544274,47298,591572,8.0
20170704,45082227,2331520,47413747,4.92,517676,44425,562101,7.9
20170705,49653968,2876398,52530366,5.48,511240,43556,554796,7.85
20170706,51046622,2664617,53711239,4.96,508763,44779,553542,8.09
20170707,45438383,2472022,47910405,5.16,478528,41163,519691,7.92
20170708,37090797,2096778,39187575,5.35,386501,36088,422589,8.54
20170709,37801237,2096359,39897596,5.25,369630,38576,408206,9.45
20170710,2172224741,223394747,2395619488,9.33,251476934,16940544,268417478,6.31
20170711,2244207469,228971585,2473179054,9.26,256378336,17909132,274287468,6.53
20170712,2203902842,222787462,2426690304,9.18,255726735,16139196,271865931,5.94
20170713,2224740498,218743416,2443483914,8.95,262522782,17854161,280376943,6.37
20170714,2099858748,200799429,2300658177,8.73,272153812,17774254,289928066,6.13
20170715,2009361356,188240484,2197601840,8.57,259372707,16733971,276106678,6.06
20170716,1921643376,182763944,2104407320,8.68,265281260,16985621,282266881,6.02
20170717,2156762535,189268552,2346031087,8.07,273304250,18901607,292205857,6.47
20170718,2153940006,193146429,2347086435,8.23,269291802,19693775,288985577,6.81
20170719,2119522727,187183605,2306706332,8.11,272614844,19914453,292529297,6.81
20170720,2158877948,204106155,2362984103,8.64,278443552,19622608,298066160,6.58
20170721,2095485540,195854482,2291340022,8.55,277914795,20112262,298027057,6.75
20170722,1935500282,185299710,2120799992,8.74,265651637,17880267,283531904,6.31
20170723,1929185194,191486584,2120671778,9.03,267413418,17833591,285247009,6.25
20170724,2120166763,199545126,2319711889,8.6,278662722,19044826,297707548,6.4
20170725,2146758123,203849128,2350607251,8.67,277950332,19542873,297493205,6.57
20170726,2161125482,213773985,2374899467,9.0,270468789,17974968,288443757,6.23
20170727,2154690958,206544695,2361235653,8.75,280902856,20001403,300904259,6.65
20170728,2052168536,189143362,2241311898,8.44,280065042,22222304,302287346,7.35
20170729,1950805743,182477961,2133283704,8.55,266702991,19929718,286632709,6.95
20170730,1873181562,177296875,2050478437,8.65,265535657,19278408,284814065,6.77
20170731,2036155785,192784102,2228939887,8.65,280267927,21697795,301965722,7.19
20170801,2154815673,202427068,2357242741,8.59,289568544,23354350,312922894,7.46
20170802,2127295578,201732468,2329028046,8.66,288679286,22961480,311640766,7.37
20170803,2108938115,198559123,2307497238,8.6,284336180,21231244,305567424,6.95
20170804,2115297548,204518059,2319815607,8.82,315268802,29219636,344488438,8.48
20170805,1916754751,185033710,2101788461,8.8,301414095,27413552,328827647,8.34
20170806,1939256521,201695724,2140952245,9.42,306349403,30421919,336771322,9.03
20170807,2347874456,242199294,2590073750,9.35,314901537,31546277,346447814,9.11
20170808,2246879407,215538472,2462417879,8.75,316572661,31523900,348096561,9.06
20170809,2211272346,207477092,2418749438,8.58,306662205,28222627,334884832,8.43
20170810,2195667625,206357369,2402024994,8.59,312424286,29032533,341456819,8.5
20170811,2167334951,208542219,2375877170,8.78,303830158,28687621,332517779,8.63
20170812,2028664172,190656616,2219320788,8.59,299824174,27840539,327664713,8.5
20170813,1918571744,184436049,2103007793,8.77,295987983,27188223,323176206,8.41
20170814,2114121253,201446323,2315567576,8.7,301546402,28075906,329622308,8.52
20170815,2227706440,199315422,2427021862,8.21,281338594,25104125,306442719,8.19
20170816,2401772175,202739197,2604511372,7.78,278634491,23789530,302424021,7.87
20170817,2333198922,205855129,2539054051,8.11,287542803,27344034,314886837,8.68
20170818,2032306131,180163419,2212469550,8.14,269361998,25370271,294732269,8.61
20170819,1956558693,183718811,2140277504,8.58,279887118,26034099,305921217,8.51
20170820,1978727579,184632744,2163360323,8.53,282065113,26670769,308735882,8.64
20170821,2182254892,192626204,2374881096,8.11,274309343,24389267,298698610,8.17
20170822,2210454077,204737047,2415191124,8.48,280046946,26337806,306384752,8.6
20170823,2030571954,187400740,2217972694,8.45,293110493,34977384,328087877,10.66
20170824,2084106879,211923559,2296030438,9.23,348508267,59308931,407817198,14.54
20170825,2056021344,210772540,2266793884,9.3,352849483,55447914,408297397,13.58
20170826,2210443277,265768467,2476211744,10.73,354918956,53951096,408870052,13.2
20170827,2037391960,233590220,2270982180,10.29,349408416,52873469,402281885,13.14
20170828,2109760340,197367852,2307128192,8.55,343535818,51200298,394736116,12.97
20170829,2176605949,211721054,2388327003,8.86,346508846,51845918,398354764,13.02
20170830,2109412000,211824323,2321236323,9.13,334977353,49435953,384413306,12.86
20170831,2089205637,209770251,2298975888,9.12,345183622,53516678,398700300,13.42
20170901,1949402415,203200284,2152602699,9.44,343201408,51704074,394905482,13.09
20170902,1828983034,191199170,2020182204,9.46,330768263,49835320,380603583,13.09
20170903,1859311655,191348328,2050659983,9.33,327641440,49705164,377346604,13.17
20170904,2103952743,199396376,2303349119,8.66,336436241,49473143,385909384,12.82
20170905,2177894618,216277670,2394172288,9.03,340407699,51581171,391988870,13.16
20170906,2203892248,214912109,2418804357,8.89,345858091,54428027,400286118,13.6
20170907,2147473216,198836270,2346309486,8.47,334230386,54204661,388435047,13.95
20170908,2233874199,198572641,2432446840,8.16,338218272,54400738,392619010,13.86
20170909,1991189270,197129969,2188319239,9.01,340246890,54321819,394568709,13.77
20170910,1948254902,194803100,2143058002,9.09,342137979,54540029,396678008,13.75
20170911,2123787335,210039705,2333827040,9.0,348409336,55362319,403771655,13.71
20170912,2126440296,203659113,2330099409,8.74,348017150,56976036,404993186,14.07
20170913,2201902908,207048438,2408951346,8.59,343504367,57838714,401343081,14.41
20170914,2248012053,202306144,2450318197,8.26,347155322,56634839,403790161,14.03
20170915,2232619726,186903449,2419523175,7.72,335349124,55278131,390627255,14.15
20170916,1915128199,178743866,2093872065,8.54,329191810,54138427,383330237,14.12
20170917,1915660290,180544273,2096204563,8.61,322175879,53358980,375534859,14.21
20170918,2096756654,190330739,2287087393,8.32,331648829,52799028,384447857,13.73
20170919,2020885678,193766230,2214651908,8.75,324375208,52524889,376900097,13.94
20170920,1989658073,191085903,2180743976,8.76,322689848,52131397,374821245,13.91
20170921,1972282263,195444691,2167726954,9.02,329122130,55371494,384493624,14.4
20170922,2022187309,196597084,2218784393,8.86,336818534,54192973,391011507,13.86
20170923,1751229780,182053653,1933283433,9.42,322934900,53979628,376914528,14.32
20170924,1712919725,183639132,1896558857,9.68,325058500,55780935,380839435,14.65
20170925,1918871625,190442961,2109314586,9.03,336604114,55163769,391767883,14.08
20170926,1989438081,202269617,2191707698,9.23,341771597,54695595,396467192,13.8
20170927,2056170543,200466370,2256636913,8.88,344676547,54087017,398763564,13.56
20170928,2112837712,187334445,2300172157,8.14,343287981,56262837,399550818,14.08
20170929,2105144987,207113857,2312258844,8.96,343974308,54839791,398814099,13.75
20170930,1956565897,204423126,2160989023,9.46,346062287,54366236,400428523,13.58
20171001,2007275085,202557833,2209832918,9.17,346037300,58112006,404149306,14.38
20171002,2134746301,198302574,2333048875,8.5,340100653,56222014,396322667,14.19
20171003,2056778060,192676890,2249454950,8.57,331846201,52414744,384260945,13.64
20171004,2058492081,199083330,2257575411,8.82,339315250,53727428,393042678,13.67
20171005,2112881589,201576365,2314457954,8.71,340591353,54004644,394595997,13.69
20171006,2083991017,195821128,2279812145,8.59,335455266,51289224,386744490,13.26
20171007,1982365190,186151724,2168516914,8.58,331644833,50283010,381927843,13.17
20171008,1934310915,189033358,2123344273,8.9,331716057,50732289,382448346,13.27
20171009,2081913901,204457320,2286371221,8.94,331187122,51743423,382930545,13.51
20171010,2114671259,211058290,2325729549,9.07,332344249,52244540,384588789,13.58
20171011,2314201716,270515638,2584717354,10.47,362809721,60952148,423761869,14.38
20171012,2331703851,296180893,2627884744,11.27,400803094,72189701,472992795,15.26
20171013,2016907044,200335228,2217242272,9.04,340818688,53744634,394563322,13.62
20171014,1975457730,198011391,2173469121,9.11,333599817,51614919,385214736,13.4
20171015,2120050482,203834760,2323885242,8.77,331252619,51807780,383060399,13.52
20171016,2148460281,212875710,2361335991,9.02,338807713,52807017,391614730,13.48
20171017,2075419757,209245369,2284665126,9.16,354245971,54677792,408923763,13.37
20171018,2094014204,223929131,2317943335,9.66,345171651,54207877,399379528,13.57
20171019,2048101614,217392530,2265494144,9.6,326920810,49744193,376665003,13.21
20171020,2020285398,218105558,2238390956,9.74,330796736,51867615,382664351,13.55
20171021,1867807752,207164600,2074972352,9.98,334245476,54927402,389172878,14.11
20171022,1845990781,207826010,2053816791,10.12,335910100,56151245,392061345,14.32
20171023,1902290833,220532295,2122823128,10.39,282722541,45546665,328269206,13.87
20171024,1823457892,206674073,2030131965,10.18,264062616,58901678,322964294,18.24
20171025,1977240723,218686057,2195926780,9.96,302482659,59709620,362192279,16.49
20171026,1988120669,208910257,2197030926,9.51,301227928,48866331,350094259,13.96
20171027,1992121247,201929831,2194051078,9.2,312840333,51097189,363937522,14.04
20171028,1947999619,207068415,2155068034,9.61,328507124,52111443,380618567,13.69
20171029,2028613968,204408870,2233022838,9.15,334419635,53943000,388362635,13.89
20171030,2153355121,204001493,2357356614,8.65,324878429,50329972,375208401,13.41
20171031,2203603069,201741104,2405344173,8.39,312693972,44619414,357313386,12.49
20171101,2101101188,204118220,2305219408,8.85,316649620,48853577,365503197,13.37
20171102,2114301009,211335121,2325636130,9.09,317822156,49919815,367741971,13.57
20171103,2072185666,205940388,2278126054,9.04,310728689,50249350,360978039,13.92
20171104,1954371748,212660675,2167032423,9.81,320669587,52290859,372960446,14.02
20171105,1946538918,205338528,2151877446,9.54,324219547,50657748,374877295,13.51
20171106,2062102700,193924560,2256027260,8.6,318640549,50677662,369318211,13.72
20171107,2171765711,194509623,2366275334,8.22,314640492,50696958,365337450,13.88
20171108,2404931192,222504808,2627436000,8.47,340802053,50771608,391573661,12.97
20171109,2572388561,236684828,2809073389,8.43,365574892,56770640,422345532,13.44
20171110,2456511693,238119264,2694630957,8.84,365274068,57634412,422908480,13.63
20171111,2217753245,208713993,2426467238,8.6,343479199,51873929,395353128,13.12
20171112,2231754028,206921802,2438675830,8.49,344298766,52766813,397065579,13.29
20171113,2297025367,209028913,2506054280,8.34,344263816,52410067,396673883,13.21
20171114,1825186909,134179408,1959366317,6.85,258970385,20502873,279473258,7.34
20171115,1804093092,137170030,1941263122,7.07,251721235,18198315,269919550,6.74
20171116,1843342382,150196607,1993538989,7.53,252344350,18452709,270797059,6.81
20171117,1856455602,155131957,2011587559,7.71,254624198,18312105,272936303,6.71
20171118,1655749917,136638282,1792388199,7.62,234692747,15554795,250247542,6.22
20171119,1653673252,142118882,1795792134,7.91,241011506,16503371,257514877,6.41
20171120,1852144578,155994882,2008139460,7.77,244544450,17823319,262367769,6.79
20171121,1874259508,155138385,2029397893,7.64,243394067,17306185,260700252,6.64
20171122,1834752731,141859998,1976612729,7.18,239934164,15643221,255577385,6.12
20171123,1756850438,130878445,1887728883,6.93,234665117,14229475,248894592,5.72
20171124,1752236280,136877361,1889113641,7.25,230624971,13819017,244443988,5.65
20171125,1683519889,131906344,1815426233,7.27,233669888,14167024,247836912,5.72
20171126,1754465309,135744211,1890209520,7.18,237962897,15279716,253242613,6.03
20171127,1972338028,146536701,2118874729,6.92,240260020,15811073,256071093,6.17
20171128,1907448621,161902040,2069350661,7.82,244662921,17458790,262121711,6.66
20171129,1956170259,175350499,2131520758,8.23,254030029,20269031,274299060,7.39
20171130,1877950343,163092033,2041042376,7.99,260533144,22143137,282676281,7.83
20171201,1885152723,156686873,2041839596,7.67,250288986,19920253,270209239,7.37
20171202,1757091230,144154927,1901246157,7.58,247564946,19330146,266895092,7.24
20171203,1610447207,143332316,1753779523,8.17,249008722,19258117,268266839,7.18
20171204,1739257573,148055237,1887312810,7.84,245371745,17393130,262764875,6.62
20171205,1742755352,135189881,1877945233,7.2,241777754,14783375,256561129,5.76
20171206,1849918608,134362964,1984281572,6.77,246148093,15971492,262119585,6.09
20171207,5702570239,288294942,5990865181,4.81,555860732,20258439,576119171,3.52
20171208,5576349678,274792575,5851142253,4.7,553002347,19772742,572775089,3.45
20171209,5469545626,243048469,5712594095,4.25,534028079,19341042,553369121,3.5
20171210,5406223689,264995476,5671219165,4.67,550419068,19861151,570280219,3.48
20171211,5691588422,274320836,5965909258,4.6,578218031,20061891,598279922,3.35
20171212,5553782063,290329073,5844111136,4.97,570330071,18378246,588708317,3.12
20171213,5579152825,293355453,5872508278,5.0,586540096,22734581,609274677,3.73
20171214,5487041688,295894109,5782935797,5.12,587769077,22374014,610143091,3.67
20171215,5318190137,299282921,5617473058,5.33,596439380,22655341,619094721,3.66
20171216,4941589657,273350399,5214940056,5.24,593519154,22601498,616120652,3.67
20171217,4758473586,270590532,5029064118,5.38,597551098,22133344,619684442,3.57
20171218,5127308533,286704694,5414013227,5.3,637682415,23870669,661553084,3.61
20171219,5045443715,296945060,5342388775,5.56,618726202,22744005,641470207,3.55
20171220,5367329929,304081612,5671411541,5.36,623086283,23024371,646110654,3.56
20171221,5378600076,304218565,5682818641,5.35,656462985,21701421,678164406,3.2
20171222,5259421466,299685297,5559106763,5.39,629408294,23116122,652524416,3.54
20171223,4399236521,251642728,4650879249,5.41,614144095,23806479,637950574,3.73
20171224,4399272697,257635868,4656908565,5.53,621540383,21540884,643081267,3.35
20171225,4391084705,251722073,4642806778,5.42,609352876,19340293,628693169,3.08
20171226,4612165041,247071306,4859236347,5.08,618332128,22336274,640668402,3.49
20171227,4870722081,308013004,5178735085,5.95,656060284,25626713,681686997,3.76
20171228,4842041234,291872571,5133913805,5.69,658640698,28797144,687437842,4.19
20171229,4782872042,294481850,5077353892,5.8,638848551,28243659,667092210,4.23
20171230,4861158092,257232950,5118391042,5.03,616965190,26193749,643158939,4.07
20171231,4963759717,265989936,5229749653,5.09,620300739,22005622,642306361,3.43
20180101,4721705809,254650384,4976356193,5.12,622752031,24238205,646990236,3.75
20180102,5093231742,270709423,5363941165,5.05,648623533,22641973,671265506,3.37
20180103,5269483846,264030757,5533514603,4.77,652564174,25168344,677732518,3.71
20180104,5177182346,261011463,5438193809,4.8,613433247,26538706,639971953,4.15
20180105,5490770801,268812376,5759583177,4.67,582622188,25276449,607898637,4.16
20180106,5061147816,264291390,5325439206,4.96,569122970,24095037,593218007,4.06
20180107,5005556993,271040477,5276597470,5.14,565168165,23704621,588872786,4.03
20180108,5384587283,274302009,5658889292,4.85,569417497,24176942,593594439,4.07
20180109,5186284093,267161275,5453445368,4.9,546755885,22928147,569684032,4.02
20180110,5362436715,284311444,5646748159,5.03,562456710,21308158,583764868,3.65
20180111,5448313741,292988830,5741302571,5.1,567907635,19692798,587600433,3.35
20180112,5246367768,303535949,5549903717,5.47,554672153,20534598,575206751,3.57
20180113,4947833872,282294836,5230128708,5.4,537663506,22150488,559813994,3.96
20180114,4934461079,301011272,5235472351,5.75,529055490,19346325,548401815,3.53
20180115,5462646870,313817322,5776464192,5.43,542556610,18581019,561137629,3.31
20180116,5691349625,331005941,6022355566,5.5,562838573,22143683,584982256,3.79
20180117,5514474474,336785169,5851259643,5.76,593177749,21526462,614704211,3.5
20180118,5557185642,327665730,5884851372,5.57,592378934,22238992,614617926,3.62
20180119,5169769692,284065314,5453835006,5.21,559066844,20077506,579144350,3.47
20180120,4962782360,281240823,5244023183,5.36,561906637,23421171,585327808,4.0
20180121,4931695486,292985503,5224680989,5.61,543704503,20931107,564635610,3.71
20180122,5396958109,301612794,5698570903,5.29,557716480,20611910,578328390,3.56
20180123,4955083389,266217829,5221301218,5.1,566856391,19327923,586184314,3.3
20180124,5135834437,254246042,5390080479,4.72,556377611,19583341,575960952,3.4
20180125,4976466485,258659412,5235125897,4.94,561150087,17598526,578748613,3.04
20180126,4698514184,242515189,4941029373,4.91,561754040,21221848,582975888,3.64
20180127,4677381362,248951645,4926333007,5.05,588174208,25899337,614073545,4.22
20180128,4587751557,263618800,4851370357,5.43,557904653,20054395,577959048,3.47
20180129,4853281889,282072025,5135353914,5.49,557333021,19543002,576876023,3.39
20180130,4738308323,286699263,5025007586,5.71,557474716,21873533,579348249,3.78
20180131,1648788494,123613272,1772401766,6.97,237395827,13945692,251341519,5.55
20180201,4936320489,255049886,5191370375,4.91,557813393,20389084,578202477,3.53
20180203,4740135562,232911298,4973046860,4.68,571779184,24748147,596527331,4.15
20180204,4580213572,209500673,4789714245,4.37,560435648,19536205,579971853,3.37
20180205,4882248003,215413920,5097661923,4.23,552079524,19404936,571484460,3.4
20180206,4874046843,211171063,5085217906,4.15,562143477,24295356,586438833,4.14
20180207,4786668366,207447890,4994116256,4.15,557647291,23604780,581252071,4.06
20180208,4812991616,204714112,5017705728,4.08,548150018,21263612,569413630,3.73
20180209,4778209826,216006358,4994216184,4.33,561395717,22138142,583533859,3.79
20180210,4577670140,202939235,4780609375,4.25,563051346,25829925,588881271,4.39
20180211,4526661848,206782378,4733444226,4.37,531035659,19583481,550619140,3.56
20180212,4939115948,222577794,5161693742,4.31,545380583,19888205,565268788,3.52
20180213,5067868520,211904718,5279773238,4.01,569756997,21136098,590893095,3.58
20180214,5535351886,214652556,5750004442,3.73,587597530,21536662,609134192,3.54
20180215,5472850610,212729924,5685580534,3.74,587824207,20868854,608693061,3.43
20180216,5250647009,206510137,5457157146,3.78,581554271,21167429,602721700,3.51
20180217,4806040732,193193726,4999234458,3.86,584841592,23719440,608561032,3.9
20180218,5256164372,203301760,5459466132,3.72,562619703,19872033,582491736,3.41
20180219,5618942408,205119543,5824061951,3.52,557886075,19067456,576953531,3.3
20180220,5645194947,208968462,5854163409,3.57,587689419,22065953,609755372,3.62
20180221,5630132027,216375771,5846507798,3.7,593162506,24183507,617346013,3.92
20180222,5635053520,223878999,5858932519,3.82,590354468,20083809,610438277,3.29
20180223,5568976164,218559806,5787535970,3.78,579601138,19963308,599564446,3.33
20180224,1698163406,112902514,1811065920,6.23,253305818,18094838,271400656,6.67
20180225,5357439275,186934090,5544373365,3.37,561761004,21451370,583212374,3.68
20180226,5661612468,199989784,5861602252,3.41,585266196,20560652,605826848,3.39
20180227,5553126736,203561974,5756688710,3.54,596938481,21350715,618289196,3.45
20180228,5730535432,204009342,5934544774,3.44,613693669,21791701,635485370,3.43
20180301,5458238204,195397386,5653635590,3.46,613191922,21117643,634309565,3.33
20180302,5514888168,196524640,5711412808,3.44,592474899,21633045,614107944,3.52
20180303,4460337558,130932188,4591269746,2.85,469492245,16319139,485811384,3.36
20180304,4334519860,130896466,4465416326,2.93,463989599,14796710,478786309,3.09
20180305,4604854563,142685500,4747540063,3.01,482861941,14744790,497606731,2.96
20180306,4663500711,142335592,4805836303,2.96,483104218,15026306,498130524,3.02
20180307,4669340645,144953412,4814294057,3.01,486972909,15804533,502777442,3.14
20180308,4745937194,138811434,4884748628,2.84,500126508,14956674,515083182,2.9
20180309,4758279402,138295847,4896575249,2.82,491994985,14590529,506585514,2.88
20180310,4573530090,127887832,4701417922,2.72,486428406,15940416,502368822,3.17
20180311,4433568884,121157643,4554726527,2.66,477304826,13875327,491180153,2.82
20180312,4713064470,134686926,4847751396,2.78,498170299,15066757,513237056,2.94
20180313,4763013008,131954364,4894967372,2.7,505253551,15198141,520451692,2.92
20180314,4624014841,133141324,4757156165,2.8,499696423,16900578,516597001,3.27
20180315,4461434416,116598836,4578033252,2.55,474643030,14364433,489007463,2.94
20180316,4394517104,103814144,4498331248,2.31,492061800,14036608,506098408,2.77
20180317,4157056672,100142659,4257199331,2.35,476115579,14056227,490171806,2.87
20180318,4136934576,103896452,4240831028,2.45,485668430,13129559,498797989,2.63
20180319,4344775253,105973020,4450748273,2.38,484942966,13450767,498393733,2.7
20180320,4396652943,102989772,4499642715,2.29,494128079,14027681,508155760,2.76
20180321,4411665049,101617675,4513282724,2.25,500603171,14986136,515589307,2.91
20180322,4402651027,106513144,4509164171,2.36,512757178,14555086,527312264,2.76
20180323,4289078024,105661509,4394739533,2.4,496176573,13561836,509738409,2.66
20180324,4129107355,101780511,4230887866,2.41,484106693,15026996,499133689,3.01
20180325,4108102404,98979428,4207081832,2.35,471808332,13709643,485517975,2.82
20180326,4323974019,107190097,4431164116,2.42,500085078,13686585,513771663,2.66
20180327,4410550045,110049583,4520599628,2.43,490790269,14051789,504842058,2.78
20180328,4365750638,113617283,4479367921,2.54,488520847,14950820,503471667,2.97
20180329,4203914318,108742022,4312656340,2.52,478046690,13601040,491647730,2.77
20180330,3969279440,106804765,4076084205,2.62,449837216,13563714,463400930,2.93
20180331,3969875066,102252798,4072127864,2.51,428712713,14646706,443359419,3.3
20180401,4042721021,101027112,4143748133,2.44,402550138,13514270,416064408,3.25
20180402,4482725714,117135331,4599861045,2.55,419548211,13894967,433443178,3.21
20180403,4419630089,127397483,4547027572,2.8,414497594,15281604,429779198,3.56
20180404,4371268354,125354122,4496622476,2.79,426463734,15773717,442237451,3.57
20180405,4323266971,126765170,4450032141,2.85,412692861,13452230,426145091,3.16
20180406,4246869497,120882888,4367752385,2.77,403008097,14363511,417371608,3.44
20180414,3746149277,80810481,3826959758,2.11,368275626,7031498,375307124,1.87
20180417,4000708560,90534197,4091242757,2.21,375836509,7344311,383180820,1.92
20180425,3963053116,80504000,4043557116,1.99,486787329,5389868,492177197,1.1
20180426,4016575466,82183863,4098759329,2.01,491783462,5767930,497551392,1.16
20180427,3935607013,74807227,4010414240,1.87,503131800,5676417,508808217,1.12
20180429,4137774005,66945645,4204719650,1.59,674638263,5386797,680025060,0.79
20180430,4195249944,77000732,4272250676,1.8,646485216,5474695,651959911,0.84
20180501,4010716565,72812587,4083529152,1.78,630834967,5256122,636091089,0.83
20180502,3898401387,78446053,3976847440,1.97,532571108,5273077,537844185,0.98
20180503,4168777988,73307291,4242085279,1.73,654856741,5532697,660389438,0.84
20180504,3971324328,65736626,4037060954,1.63,777857490,5596693,783454183,0.71
20180505,3791295244,54617748,3845912992,1.42,813715870,5301478,819017348,0.65
20180506,3656341869,48774015,3705115884,1.32,809657412,5224778,814882190,0.64
20180507,3782355383,62150076,3844505459,1.62,761951720,5470654,767422374,0.71
20180508,3615145500,60846768,3675992268,1.66,731216379,5746221,736962600,0.78
20180509,3519616166,53836572,3573452738,1.51,704736891,5394351,710131242,0.76
20180510,3632954813,53190186,3686144999,1.44,719111822,5252115,724363937,0.73
20180511,3515193624,53487977,3568681601,1.5,708622376,5757583,714379959,0.81
20180512,3281325488,51502615,3332828103,1.55,705516489,5420991,710937480,0.76
20180513,3317822048,50493651,3368315699,1.5,698767602,5683870,704451472,0.81
20180514,25727582398,1165784700,26893367098,4.33,3567125090,169975256,3737100346,4.55
20180515,25561609842,1157984783,26719594625,4.33,3645109816,197606510,3842716326,5.14
20180516,22916474644,1228041729,24144516373,5.09,3727276769,242787270,3970064039,6.12
20180517,4708217318,146665209,4854882527,3.02,880473539,19280872,899754411,2.14
20180518,4956312609,143380481,5099693090,2.81,854501104,21394056,875895160,2.44
20180519,5123977279,127259641,5251236920,2.42,829665204,20895954,850561158,2.46
20180520,5053219984,127406072,5180626056,2.46,815757543,19019337,834776880,2.28
20180521,4990093818,133857112,5123950930,2.61,824618108,19422253,844040361,2.3
20180522,4573291856,123949142,4697240998,2.64,844475532,20254451,864729983,2.34
20180523,4511397244,133107613,4644504857,2.87,881074460,20904123,901978583,2.32
20180524,4655272421,123364751,4778637172,2.58,859293328,16015545,875308873,1.83
20180525,4790553174,121856450,4912409624,2.48,876305421,17930094,894235515,2.01
20180526,4564441482,112941865,4677383347,2.41,834046884,20406705,854453589,2.39
20180527,4346795821,104938833,4451734654,2.36,807963673,16502125,824465798,2.0
20180528,4546276744,116274341,4662551085,2.49,832669237,17090231,849759468,2.01
20180529,1085841153,65540405,1151381558,5.69,163748716,14021423,177770139,7.89
20180530,5058711666,123200654,5181912320,2.38,879645197,19344520,898989717,2.15
20180531,4829940658,133002857,4962943515,2.68,851690409,17846770,869537179,2.05
20180601,4805196550,139883312,4945079862,2.83,850411900,18250686,868662586,2.1
20180602,4593087690,129486828,4722574518,2.74,846491688,19764017,866255705,2.28
20180603,3992211818,96534400,4088746218,2.36,756395708,12542308,768938016,1.63
20180604,4226361244,105739325,4332100569,2.44,769996741,12458086,782454827,1.59
20180605,4425319355,108310098,4533629453,2.39,795126250,12998523,808124773,1.61
20180606,4440725444,113347057,4554072501,2.49,815214578,12855158,828069736,1.55
20180607,4402642456,111970535,4514612991,2.48,808792980,13108870,821901850,1.59
20180608,4516768630,112482142,4629250772,2.43,821553556,14426220,835979776,1.73
20180609,4298957362,106555761,4405513123,2.42,777826885,14656265,792483150,1.85
20180610,4189407327,110604915,4300012242,2.57,784675864,13705007,798380871,1.72
20180611,4415408935,117885841,4533294776,2.6,800603049,13733449,814336498,1.69
20180612,4610126700,122816718,4732943418,2.59,850451265,17227436,867678701,1.99
20180613,4697981200,131604524,4829585724,2.72,844003170,14774619,858777789,1.72
20180614,4773726053,133859666,4907585719,2.73,852453010,13833933,866286943,1.6
20180615,4546880049,132532151,4679412200,2.83,839353169,15687213,855040382,1.83
20180616,4365138552,126498039,4491636591,2.82,814498234,15965774,830464008,1.92
20180617,4296358238,130312434,4426670672,2.94,777906962,15425362,793332324,1.94
20180618,4556598225,132411034,4689009259,2.82,770514689,15810486,786325175,2.01
20180619,4635665269,129085340,4764750609,2.71,808677784,16597216,825275000,2.01
20180620,4806001274,135289651,4941290925,2.74,707224065,16330241,723554306,2.26
20180621,4747495348,132764660,4880260008,2.72,677929196,15076905,693006101,2.18
20180622,4804124247,135089567,4939213814,2.74,685055790,16780785,701836575,2.39
20180623,4465945063,128009086,4593954149,2.79,666535575,17287650,683823225,2.53
20180624,4311703366,124112495,4435815861,2.8,659547408,15335478,674882886,2.27
20180625,4596478200,136017254,4732495454,2.87,675995978,14183406,690179384,2.06
20180626,4808478199,140587820,4949066019,2.84,678402042,15600855,694002897,2.25
20180627,4778807131,149496020,4928303151,3.03,706043768,15861366,721905134,2.2
20180628,4665784168,128704143,4794488311,2.68,683977549,15417279,699394828,2.2
20180629,4654160213,135021421,4789181634,2.82,688665915,15277919,703943834,2.17
20180630,4516228601,136503609,4652732210,2.93,687569314,15882040,703451354,2.26
20180701,4318995859,132589241,4451585100,2.98,693274883,15476503,708751386,2.18
20180702,4659654280,132715737,4792370017,2.77,741354363,13914702,755269065,1.84
20180703,4838119908,143350082,4981469990,2.88,867363989,17677966,885041955,2.0
20180704,4750166835,145172317,4895339152,2.97,866822879,17512030,884334909,1.98
20180705,3981410686,90472681,4071883367,2.22,721704194,6138916,727843110,0.84
20180706,4075828966,94562381,4170391347,2.27,894527980,6103204,900631184,0.68
20180707,3770056587,87499058,3857555645,2.27,863687577,6466220,870153797,0.74
20180708,3644361239,91384235,3735745474,2.45,896070675,6755710,902826385,0.75
20180709,4051144418,93061182,4144205600,2.25,778087902,6270146,784358048,0.8
20180710,4180605957,91282835,4271888792,2.14,780295033,6579312,786874345,0.84
20180711,4126890203,91980076,4218870279,2.18,937378049,7422881,944800930,0.79
20180712,4059089415,91879893,4150969308,2.21,989326418,7534776,996861194,0.76
20180713,4068654515,91937899,4160592414,2.21,973462648,7131469,980594117,0.73
20180714,3791100602,86620805,3877721407,2.23,903401457,6773700,910175157,0.74
20180715,3645144143,88070254,3733214397,2.36,873022273,7007768,880030041,0.8
20180716,4240323432,104857922,4345181354,2.41,943127684,6968757,950096441,0.73
20180717,4448489120,115809109,4564298229,2.54,975208677,7206025,982414702,0.73
20180718,4519099788,123581335,4642681123,2.66,958950560,7166453,966117013,0.74
20180719,4404251503,127455900,4531707403,2.81,1000048331,6945782,1006994113,0.69
20180720,4364030832,131023818,4495054650,2.91,985932229,7035792,992968021,0.71
20180721,4046650842,129606035,4176256877,3.1,957442080,6577747,964019827,0.68
20180722,3972071986,128882522,4100954508,3.14,937065302,6672678,943737980,0.71
20180723,4333580948,132086364,4465667312,2.96,1032394454,7023715,1039418169,0.68
20180724,4197826101,121876935,4319703036,2.82,1039013103,6806776,1045819879,0.65
20180725,4233649904,127437651,4361087555,2.92,1060705708,6712397,1067418105,0.63
20180726,4409739902,126685206,4536425108,2.79,1048893163,7158757,1056051920,0.68
20180727,4591490691,131361331,4722852022,2.78,1049680481,7315479,1056995960,0.69
20180728,4404273073,134243475,4538516548,2.96,986746737,6775104,993521841,0.68
20180802,6104623583,156883769,6261507352,2.51,1482125519,10879533,1493005052,0.73
20180803,6357733798,161239252,6518973050,2.47,1655056301,12609742,1667666043,0.76
20180804,5860124747,142833602,6002958349,2.38,1606084020,11783596,1617867616,0.73
20180805,5703601914,146767877,5850369791,2.51,1585725400,11602077,1597327477,0.73
20180806,6148794436,165816138,6314610574,2.63,1610541338,12272141,1622813479,0.76
20180807,6350989835,170726239,6521716074,2.62,1697188687,12099948,1709288635,0.71
20180808,6645122701,177532799,6822655500,2.6,1779704932,12020490,1791725422,0.67
20180809,6596025519,168526567,6764552086,2.49,1779585344,11600393,1791185737,0.65
20180810,6480791306,160921174,6641712480,2.42,1778925625,11642491,1790568116,0.65
20180811,6067713819,139725527,6207439346,2.25,1703972693,11217812,1715190505,0.65
20180812,6022939264,141536893,6164476157,2.3,1637096707,11290934,1648387641,0.68
20180813,6364407143,159509854,6523916997,2.45,1686250018,11724577,1697974595,0.69
20180814,6460916834,166708417,6627625251,2.52,1547132757,12849659,1559982416,0.82
20180815,6325074375,164969597,6490043972,2.54,1513764404,12681523,1526445927,0.83
20180816,6303434988,160024362,6463459350,2.48,1722372724,13390160,1735762884,0.77
20180817,6239272200,158326985,6397599185,2.47,1715152576,13058728,1728211304,0.76
20180818,5942469089,134868337,6077337426,2.22,1697512565,12737069,1710249634,0.74
20180819,5808757149,138506274,5947263423,2.33,1596398811,12588853,1608987664,0.78
20180820,6209866568,150384640,6360251208,2.36,1698506302,13179401,1711685703,0.77
20180821,6445761560,159935181,6605696741,2.42,1772680876,14646098,1787326974,0.82
20180822,6307647265,151375004,6459022269,2.34,1785255742,13952305,1799208047,0.78
20180823,6248312969,138896270,6387209239,2.17,1682413478,13952149,1696365627,0.82
20180824,6331175998,152449162,6483625160,2.35,1746795259,14485072,1761280331,0.82
20180825,6018143078,165355013,6183498091,2.67,1605147092,13382284,1618529376,0.83
20180826,5964355193,150267241,6114622434,2.46,1585818792,13101575,1598920367,0.82
20180827,6476579948,159937701,6636517649,2.41,1672978039,13825132,1686803171,0.82
20180828,6467386363,162292932,6629679295,2.45,1685764669,14004855,1699769524,0.82
20180829,6335531093,158151556,6493682649,2.44,1674497257,13792098,1688289355,0.82
20180830,6421091946,161251045,6582342991,2.45,1633694753,12907704,1646602457,0.78
20180831,6514891538,179163691,6694055229,2.68,1627737090,12520837,1640257927,0.76
20180901,6008938413,133896949,6142835362,2.18,1593736719,11694507,1605431226,0.73
20180902,5980090344,132597521,6112687865,2.17,1632230806,12405951,1644636757,0.75
20180903,6388258854,146058412,6534317266,2.24,1665251165,12937558,1678188723,0.77
20180904,6631703333,172668368,6804371701,2.54,1656683289,13185919,1669869208,0.79
20180905,6564653881,158613601,6723267482,2.36,1640635995,13461848,1654097843,0.81
20180906,6553059476,140432682,6693492158,2.1,1621010637,13412435,1634423072,0.82
20180907,6442621579,140556654,6583178233,2.14,1659778180,13695507,1673473687,0.82
20180908,6169304021,129863570,6299167591,2.06,1582477276,12279521,1594756797,0.77
20180909,6234295851,132494752,6366790603,2.08,1553957216,12417400,1566374616,0.79
20180910,6606197918,141754068,6747951986,2.1,1631436566,12986160,1644422726,0.79
20180911,6735863598,160579131,6896442729,2.33,1686006264,13477266,1699483530,0.79
20180912,7062566241,160763557,7223329798,2.23,1757514193,13588897,1771103090,0.77
20180913,6704967845,147059457,6852027302,2.15,1689592853,14789439,1704382292,0.87
20180914,6504787866,146665000,6651452866,2.21,1646731267,14103021,1660834288,0.85
20180915,6199447962,138640638,6338088600,2.19,1601530216,13624135,1615154351,0.84
20180916,6031602242,139183254,6170785496,2.26,1572440613,13829112,1586269725,0.87
20180917,6504241902,149231298,6653473200,2.24,1595130509,14226759,1609357268,0.88
20180918,6862239095,173879913,7036119008,2.47,1711244833,14998672,1726243505,0.87
20180919,7070701226,170972254,7241673480,2.36,1816984792,15842467,1832827259,0.86
20180920,6579716588,160896708,6740613296,2.39,1729344950,15706210,1745051160,0.9
20180921,6661978114,169016812,6830994926,2.47,1770360083,18049150,1788409233,1.01
20180922,6265065902,143175041,6408240943,2.23,1696129610,15833995,1711963605,0.92
20180923,6226226604,150453176,6376679780,2.36,1683731808,16313605,1700045413,0.96
20180924,6383652140,155468068,6539120208,2.38,1671992008,15428293,1687420301,0.91
20180925,6475470509,162249411,6637719920,2.44,1736836665,16911976,1753748641,0.96
20180926,6709209697,161120792,6870330489,2.35,1757876723,16675141,1774551864,0.94
20180927,6750311480,153173311,6903484791,2.22,1769890273,16599917,1786490190,0.93
20180928,6938182863,164318162,7102501025,2.31,1827060594,16445243,1843505837,0.89
20180930,6583165273,146253633,6729418906,2.17,1740808310,16042857,1756851167,0.91
20181001,6950758398,159544939,7110303337,2.24,1736140012,16365363,1752505375,0.93
20181002,7113588578,161488225,7275076803,2.22,1790089181,16584886,1806674067,0.92
20181003,7006075423,164015978,7170091401,2.29,1797430573,16451003,1813881576,0.91
20181004,7065679232,162741724,7228420956,2.25,1788387900,16398354,1804786254,0.91
20181005,6844176267,158732058,7002908325,2.27,1755360424,15985043,1771345467,0.9
20181006,6491581310,150938865,6642520175,2.27,1692086433,15293479,1707379912,0.9
20181007,6866810353,154454300,7021264653,2.2,1692380265,16359389,1708739654,0.96
20181008,7680731808,178583620,7859315428,2.27,1780887068,17356679,1798243747,0.97
20181009,7599737535,185498555,7785236090,2.38,1761449654,17091715,1778541369,0.96
20181010,7564111194,182611099,7746722293,2.36,1807412850,17323391,1824736241,0.95
20181011,7616958533,173323918,7790282451,2.22,1874811962,17252173,1892064135,0.91
20181012,7384748318,166356736,7551105054,2.2,1880649719,17229081,1897878800,0.91
20181013,7153700995,162596918,7316297913,2.22,1828472133,16508207,1844980340,0.89
20181014,7190235633,158820777,7349056410,2.16,1788031777,15826448,1803858225,0.88
20181015,7916463088,183965478,8100428566,2.27,1879984261,22418725,1902402986,1.18
20181016,7912855162,187659006,8100514168,2.32,1849222659,18743842,1867966501,1.0
20181017,7975486137,194680110,8170166247,2.38,1860152829,18576220,1878729049,0.99
20181018,7874852269,185899708,8060751977,2.31,1838029787,18624329,1856654116,1.0
20181019,7773576228,196665190,7970241418,2.47,1879281478,18700267,1897981745,0.99
20181021,7306042626,181281887,7487324513,2.42,1759783181,16358187,1776141368,0.92
20181022,7964997623,199069935,8164067558,2.44,1888625111,16875432,1905500543,0.89
20181023,7991444482,206332748,8197777230,2.52,1843784967,17782216,1861567183,0.96
20181025,7584860274,192771242,7777631516,2.48,1812045395,16816309,1828861704,0.92
20181026,7546410528,191979579,7738390107,2.48,1827468081,16592929,1844061010,0.9
20181027,7074374002,162114073,7236488075,2.24,1812725022,15607110,1828332132,0.85
20181028,6974608668,160860083,7135468751,2.25,1763036491,15632540,1778669031,0.88
20181030,7721826818,193973914,7915800732,2.45,1871768085,17109804,1888877889,0.91
20181101,7385891916,185845756,7571737672,2.45,1859485136,20029781,1879514917,1.07
20181102,7175766678,186784734,7362551412,2.54,1771631455,20630649,1792262104,1.15
20181103,6981153867,187013374,7168167241,2.61,1685431190,19940655,1705371845,1.17
20181104,6848189297,177056155,7025245452,2.52,1682734735,19486737,1702221472,1.14
20181105,7178153169,189833020,7367986189,2.58,1765500061,19773269,1785273330,1.11
20181106,7212132955,200109927,7412242882,2.7,1757027353,20138375,1777165728,1.13
20181107,7225867296,199490341,7425357637,2.69,1784743861,19707771,1804451632,1.09
20181108,7218752871,222463848,7441216719,2.99,1804394211,20337392,1824731603,1.11
20181109,7180462291,212615076,7393077367,2.88,1786294518,20318336,1806612854,1.12
20181110,6854517722,191520818,7046038540,2.72,1719166401,19009258,1738175659,1.09
20181111,6753741469,190455832,6944197301,2.74,1680722775,18910612,1699633387,1.11
20181112,7173405823,206086803,7379492626,2.79,1783632794,19171096,1802803890,1.06
20181113,7332975689,223248221,7556223910,2.95,1788432360,19574762,1808007122,1.08
20181114,7578530311,263792344,7842322655,3.36,1701417965,19669155,1721087120,1.14
20181115,7306709500,196859749,7503569249,2.62,1776839621,19980732,1796820353,1.11
20181117,7144255940,180163445,7324419385,2.46,1789806886,20031706,1809838592,1.11
20181118,6988223862,179319355,7167543217,2.5,1734189277,19926261,1754115538,1.14
20181119,7578903412,163028857,7741932269,2.11,1809668915,20336185,1830005100,1.11
20181120,8011051164,178230289,8189281453,2.18,1906394765,21688047,1928082812,1.12
20181121,7647976425,180239749,7828216174,2.3,1867559109,21006613,1888565722,1.11
20181122,7661455789,192267316,7853723105,2.45,1882264731,20956490,1903221221,1.1
20181123,7657824811,182082414,7839907225,2.32,1934912939,26855195,1961768134,1.37
20181124,7394377003,208259261,7602636264,2.74,1851368295,26658786,1878027081,1.42
20181125,7296477329,175699212,7472176541,2.35,1772170688,24609581,1796780269,1.37
20181126,7677660048,184377326,7862037374,2.35,1898607661,26660049,1925267710,1.38
20181127,7715273963,181595094,7896869057,2.3,1959102017,25335860,1984437877,1.28
20181128,7747203983,186022660,7933226643,2.34,1947055949,23051618,1970107567,1.17
20181129,7668718209,188199378,7856917587,2.4,1948689964,28904224,1977594188,1.46
20181130,7462410424,173447581,7635858005,2.27,1897139572,27187880,1924327452,1.41
20181201,7103141286,151653103,7254794389,2.09,1847131281,25850052,1872981333,1.38
20181202,6952362056,147859950,7100222006,2.08,1809315972,24042597,1833358569,1.31
20181203,7448702541,163176901,7611879442,2.14,1870644044,25274420,1895918464,1.33
20181204,7608362205,172623277,7780985482,2.22,1948314020,26790996,1975105016,1.36
20181205,7575218608,172357310,7747575918,2.22,1944233143,27693997,1971927140,1.4
20181206,7285970089,181080584,7467050673,2.43,1884490753,25376931,1909867684,1.33
20181207,7499776120,167333378,7667109498,2.18,1945254692,22911302,1968165994,1.16
20181208,7094351059,166653736,7261004795,2.3,1897256860,22689285,1919946145,1.18
20181209,7026139186,166049554,7192188740,2.31,1823434445,19666075,1843100520,1.07
20181210,7372111547,177466310,7549577857,2.35,1895333212,19922605,1915255817,1.04
20181211,7852330021,183458145,8035788166,2.28,2022228758,23001541,2045230299,1.12
20181213,7730725602,176062313,7906787915,2.23,1956666984,21246172,1977913156,1.07
20181214,7997370750,170409100,8167779850,2.09,1918803353,29430926,1948234279,1.51
20181215,7606655341,158653491,7765308832,2.04,1919910464,31876057,1951786521,1.63
20181216,7370218304,150034697,7520253001,2.0,1836622277,29691571,1866313848,1.59
20181217,7864958651,159464868,8024423519,1.99,1919495915,28482206,1947978121,1.46
20181218,7847680350,161529896,8009210246,2.02,1901821931,31228689,1933050620,1.62
20181219,7925329626,165476327,8090805953,2.05,1967823749,29848569,1997672318,1.49
20181220,7903643380,162938935,8066582315,2.02,2030722276,30803338,2061525614,1.49
20181221,7746856020,161676548,7908532568,2.04,1996075518,30439849,2026515367,1.5
20181222,7248003558,156478861,7404482419,2.11,1943248789,31362139,1974610928,1.59
20181223,7247800109,149303782,7397103891,2.02,1865711664,31418549,1897130213,1.66
20181224,7349646792,151650636,7501297428,2.02,1989394637,31905802,2021300439,1.58
20181225,7133802985,157768556,7291571541,2.16,1864433600,31424820,1895858420,1.66
20181226,7499889937,172350112,7672240049,2.25,1898178408,35885292,1934063700,1.86
20181227,7645975545,168873207,7814848752,2.16,1936130999,34431771,1970562770,1.75
20181228,7812859804,169488395,7982348199,2.12,1773634139,31812510,1805446649,1.76
20181229,7474093473,170473762,7644567235,2.23,1719592635,30718674,1750311309,1.76
20181230,7338444817,175937398,7514382215,2.34,1638674157,29523319,1668197476,1.77
20181231,7559952374,180738833,7740691207,2.33,1767356395,29170664,1796527059,1.62
20190101,7236676886,169031307,7405708193,2.28,1659702000,25595194,1685297194,1.52
20190102,7626686281,174363385,7801049666,2.24,1739282368,28771170,1768053538,1.63
20190103,7850044368,171729167,8021773535,2.14,1800636614,30079683,1830716297,1.64
20190104,7871978113,168093840,8040071953,2.09,1805639288,28050652,1833689940,1.53
20190105,7254388744,159311347,7413700091,2.15,1726236768,28184005,1754420773,1.61
20190106,7465465965,162678126,7628144091,2.13,1716908177,29895993,1746804170,1.71
20190107,7800516704,168421638,7968938342,2.11,1815984546,28346992,1844331538,1.54
20190108,7965723028,172646430,8138369458,2.12,1831934820,27125804,1859060624,1.46
20190109,7817336985,172227108,7989564093,2.16,1792532748,21914479,1814447227,1.21
20190110,7746292724,169567770,7915860494,2.14,1764630375,21324027,1785954402,1.19
20190111,7857824437,181711254,8039535691,2.26,1799075991,21988545,1821064536,1.21
20190112,7695926762,171986198,7867912960,2.19,1785220282,20115343,1805335625,1.11
20190113,7760869375,162783416,7923652791,2.05,1751243792,20024578,1771268370,1.13
20190114,8313582522,175314946,8488897468,2.07,1854894710,20114278,1875008988,1.07
20190115,8179515511,174623745,8354139256,2.09,1828645911,19468007,1848113918,1.05
20190116,8178531822,195312804,8373844626,2.33,1811898925,19917388,1831816313,1.09
20190117,8076095074,198585734,8274680808,2.4,1831583056,20307949,1851891005,1.1
20190118,8225597849,192312978,8417910827,2.28,1813136655,19828688,1832965343,1.08
20190119,7784554564,176439642,7960994206,2.22,1812743372,19301050,1832044422,1.05
20190120,7808757918,171770835,7980528753,2.15,1817623057,18876566,1836499623,1.03
20190121,8308338158,178819596,8487157754,2.11,1871847055,19012731,1890859786,1.01
20190123,8595058930,196612943,8791671873,2.24,1833420447,19867135,1853287582,1.07
20190124,8476899106,197924255,8674823361,2.28,1818357047,17890012,1836247059,0.97
20190125,8459785825,195999938,8655785763,2.26,1806676796,17579301,1824256097,0.96
20190126,8097086676,204557040,8301643716,2.46,1809263475,16718173,1825981648,0.92
20190127,7989476472,187171594,8176648066,2.29,1710170940,17278316,1727449256,1.0
20190128,8586584572,206594477,8793179049,2.35,1798599511,18213344,1816812855,1.0
20190129,8502435175,204085613,8706520788,2.34,1766838920,14708314,1781547234,0.83
20190130,8655963583,260619042,8916582625,2.92,1717986443,20171939,1738158382,1.16
20190131,8897706924,241789892,9139496816,2.65,1792227838,21410664,1813638502,1.18
20190201,8829349789,204655067,9034004856,2.27,1876769466,22974536,1899744002,1.21
20190202,8308927145,185073476,8494000621,2.18,1779127573,19572707,1798700280,1.09
20190203,8261136485,177813729,8438950214,2.11,1719379856,16607546,1735987402,0.96
20190204,8461590370,189393025,8650983395,2.19,1725867436,17738423,1743605859,1.02
20190205,8520143315,185849458,8705992773,2.13,1783935881,14123654,1798059535,0.79
20190206,8421147839,185036860,8606184699,2.15,1771557633,14368933,1785926566,0.8
20190207,8483487390,184578860,8668066250,2.13,1774563916,13998126,1788562042,0.78
20190208,8531420718,192471352,8723892070,2.21,1785859167,14097093,1799956260,0.78
20190209,7996949081,180280536,8177229617,2.2,1746716682,13650527,1760367209,0.78
20190210,7904163263,167347435,8071510698,2.07,1689923093,13967381,1703890474,0.82
20190211,8376985004,187496029,8564481033,2.19,1757914259,14351997,1772266256,0.81
20190212,8735285948,205417185,8940703133,2.3,1859340303,22310635,1881650938,1.19
20190213,8595120738,195413981,8790534719,2.22,1810102720,20995163,1831097883,1.15
20190214,8697175676,200946367,8898122043,2.26,1837246996,20497943,1857744939,1.1
20190215,8523158000,175004391,8698162391,2.01,1784877314,21577087,1806454401,1.19
20190216,8176226661,175234011,8351460672,2.1,1787494713,20820754,1808315467,1.15
20190217,8366949383,174478786,8541428169,2.04,1742669296,21248085,1763917381,1.2
20190218,8453799721,184377616,8638177337,2.13,1736189853,21894109,1758083962,1.25
20190219,8638730760,185563750,8824294510,2.1,1775536247,22276412,1797812659,1.24
20190220,8593244465,179780775,8773025240,2.05,1749886428,21541943,1771428371,1.22
20190221,8523709425,183411781,8707121206,2.11,1742972895,21270997,1764243892,1.21
20190222,8788290733,182314080,8970604813,2.03,1791908429,20839111,1812747540,1.15
20190223,8456583261,178494424,8635077685,2.07,1774115581,19944071,1794059652,1.11
20190224,8490404003,172445198,8662849201,1.99,1726359716,20518641,1746878357,1.17
20190225,8769649279,188930669,8958579948,2.11,1766282188,22116064,1788398252,1.24
20190228,9349265326,183597282,9532862608,1.93,1737741117,21769025,1759510142,1.24
20190302,8835468027,175436850,9010904877,1.95,1714496968,19901625,1734398593,1.15
20190303,8959801309,174434355,9134235664,1.91,1680919135,20775058,1701694193,1.22
20190304,9053488708,175325258,9228813966,1.9,1691623186,21542315,1713165501,1.26
20190306,9009272494,172309057,9181581551,1.88,1814506442,21208962,1835715404,1.16
20190307,8938155552,179504570,9117660122,1.97,1763572709,21027672,1784600381,1.18
20190313,10048730402,203992726,10252723128,1.99,1946519894,22409271,1968929165,1.14
20190315,10022508763,186586481,10209095244,1.83,1958209251,22270693,1980479944,1.12
20190316,9665950648,202294195,9868244843,2.05,1860174356,20478991,1880653347,1.09
20190317,9436200700,190783523,9626984223,1.98,1821402066,20081573,1841483639,1.09
20190318,9732566433,197641120,9930207553,1.99,1887212379,21782779,1908995158,1.14
20190320,9778416816,210451641,9988868457,2.11,1929275518,21865114,1951140632,1.12
20190321,9607387616,210442101,9817829717,2.14,1891049169,21564749,1912613918,1.13
20190322,9295665755,212121559,9507787314,2.23,1917322995,20857733,1938180728,1.08
20190323,8378140142,217576066,8595716208,2.53,1846658312,17001764,1863660076,0.91
20190324,8248729688,206366449,8455096137,2.44,1805979997,17430172,1823410169,0.96
20190325,8845906779,218180712,9064087491,2.41,1891356429,20240109,1911596538,1.06
20190326,8958846503,212170348,9171016851,2.31,1970452818,22613842,1993066660,1.13
20190327,8311819837,205278473,8517098310,2.41,1884355005,22813260,1907168265,1.2
20190328,8459014805,220873251,8679888056,2.54,2015548359,21948977,2037497336,1.08
20190330,8162204942,212484938,8374689880,2.54,2035801203,22672001,2058473204,1.1
20190331,8165814169,213565451,8379379620,2.55,1976223787,18969181,1995192968,0.95
20190402,8710671418,234356619,8945028037,2.62,2049609432,21957412,2071566844,1.06
20190403,8856920457,230127160,9087047617,2.53,2026474987,25045980,2051520967,1.22
20190404,8952050088,222448035,9174498123,2.42,2043343486,30299733,2073643219,1.46
20190405,8899262301,206046233,9105308534,2.26,2050106498,30550337,2080656835,1.47
20190406,8681587797,223755435,8905343232,2.51,2067568042,30484596,2098052638,1.45
20190407,8817761111,212939642,9030700753,2.36,1983188047,27798944,2010986991,1.38
20190408,8902668533,224567251,9127235784,2.46,2027841296,23461403,2051302699,1.14
20190410,9211014673,260663903,9471678576,2.75,2136095807,30371810,2166467617,1.4
20190411,8870197880,234023281,9104221161,2.57,2117091461,29390471,2146481932,1.37
20190412,9161872550,209450518,9371323068,2.24,2109821021,32075691,2141896712,1.5
20190413,8525969424,203633924,8729603348,2.33,2103304976,34377391,2137682367,1.61
20190414,8520187460,197260240,8717447700,2.26,2061831390,36004669,2097836059,1.72
20190415,9314287928,208046116,9522334044,2.18,2114521982,29544471,2144066453,1.38
20190416,9235602369,218281853,9453884222,2.31,2105996654,31513593,2137510247,1.47
20190417,8975535659,201929590,9177465249,2.2,2112543989,31223780,2143767769,1.46
20190418,8861481696,213538442,9075020138,2.35,2090761228,32667361,2123428589,1.54
20190419,8592615066,207084643,8799699709,2.35,2081564708,33279863,2114844571,1.57
20190420,8357521370,209525524,8567046894,2.45,2055705293,36725849,2092431142,1.76
20190422,8697117464,199845021,8896962485,2.25,2038430137,31868399,2070298536,1.54
20190423,9060007093,198681099,9258688192,2.15,2121852897,27720759,2149573656,1.29
20190424,9349185700,201999892,9551185592,2.11,2196704063,26690486,2223394549,1.2
20190425,9420521389,218241132,9638762521,2.26,2215670386,28158350,2243828736,1.25
20190426,9707485112,217483916,9924969028,2.19,2264100040,34878935,2298978975,1.52
20190427,9181600303,214114246,9395714549,2.28,2173514626,35760330,2209274956,1.62
20190428,8963013777,199379815,9162393592,2.18,2121723083,32450853,2154173936,1.51
20190429,9429829705,216308566,9646138271,2.24,2109278561,30232196,2139510757,1.41
20190430,10846235460,429008253,11275243713,3.8,2085703906,51864146,2137568052,2.43
20190501,10242821674,342637636,10585459310,3.24,2035047590,79200249,2114247839,3.75
20190502,10414177484,358274904,10772452388,3.33,2075397494,83634416,2159031910,3.87
20190503,10553560468,374046633,10927607101,3.42,2045888222,50139965,2096028187,2.39
20190504,9198782776,387255997,9586038773,4.04,1942381558,49461018,1991842576,2.48
20190505,9657770754,390434986,10048205740,3.89,1941812201,51330536,1993142737,2.58
20190506,10431395696,421655436,10853051132,3.89,2014423960,52267842,2066691802,2.53
20190507,10606371897,436755865,11043127762,3.96,2099956581,56435973,2156392554,2.62
20190508,10453443404,416074256,10869517660,3.83,2104726104,53125141,2157851245,2.46
20190509,10293958541,417965155,10711923696,3.9,2099461872,53845598,2153307470,2.5
20190510,10330044343,418233547,10748277890,3.89,2154039158,57570921,2211610079,2.6
20190511,9830372002,407341130,10237713132,3.98,2097257690,60677718,2157935408,2.81
20190512,9867026331,409663707,10276690038,3.99,2060433721,60343810,2120777531,2.85
20190513,10294528181,419120280,10713648461,3.91,2058304319,57513138,2115817457,2.72
20190514,10262052060,428490287,10690542347,4.01,2139187286,58172901,2197360187,2.65
20190515,10948863619,507436169,11456299788,4.43,2090555097,58154137,2148709234,2.71
20190516,10874044541,476632865,11350677406,4.2,2148750645,55541948,2204292593,2.52
20190517,10911741455,457395852,11369137307,4.02,2225967985,54860147,2280828132,2.41
20190518,10004334576,414435443,10418770019,3.98,2125652386,55510814,2181163200,2.55
20190519,1142859053,153963864,1296822917,11.87,168551270,25537799,194089069,13.16
20190520,10312600210,439770602,10752370812,4.09,2118715175,47613320,2166328495,2.2
20190521,10506837134,427350225,10934187359,3.91,2171440082,47383650,2218823732,2.14
20190522,10480849349,430553763,10911403112,3.95,2171952434,46437967,2218390401,2.09
20190523,10426931622,401504364,10828435986,3.71,2213398984,48622338,2262021322,2.15
20190524,10360076194,392731983,10752808177,3.65,2317379236,47602570,2364981806,2.01
20190525,9699098820,364347829,10063446649,3.62,2127549746,57496457,2185046203,2.63
20190526,1097475781,152762620,1250238401,12.22,147700082,17168565,164868647,10.41
20190527,10300167044,382535973,10682703017,3.58,2148776123,42359987,2191136110,1.93
20190528,10723979364,399617636,11123597000,3.59,2257600144,43373040,2300973184,1.88
20190529,10777165773,433417471,11210583244,3.87,2226293008,43663525,2269956533,1.92
20190530,10526135325,407166951,10933302276,3.72,2237315828,45533916,2282849744,1.99
20190531,10483305426,377852687,10861158113,3.48,2232619999,48260277,2280880276,2.12
20190601,9649361295,330037695,9979398990,3.31,2104381702,57804300,2162186002,2.67
20190602,9374062767,299647003,9673709770,3.1,2039298916,51140654,2090439570,2.45
20190603,10368388549,321535050,10689923599,3.01,2153355522,42277833,2195633355,1.93
20190604,10483986436,355032181,10839018617,3.28,2261501800,49999235,2311501035,2.16
20190605,10457643343,357251046,10814894389,3.3,2259793856,58893112,2318686968,2.54
20190606,1234244622,136738685,1370983307,9.97,170246334,23605717,193852051,12.18
20190607,10471077028,393515393,10864592421,3.62,2149103208,46315755,2195418963,2.11
20190608,9941448595,364621103,10306069698,3.54,2150532233,43771518,2194303751,1.99
20190609,9727945052,340676606,10068621658,3.38,2123498610,43918708,2167417318,2.03
20190610,10356181298,358126211,10714307509,3.34,2101025746,45783932,2146809678,2.13
20190611,10752199840,387478923,11139678763,3.48,2154637494,46624005,2201261499,2.12
20190612,10642608651,390015816,11032624467,3.54,2168726322,52361717,2221088039,2.36
20190613,10831996284,388402993,11220399277,3.46,2208012480,55568502,2263580982,2.45
20190614,10839101141,387661298,11226762439,3.45,2235944656,48539795,2284484451,2.12
20190615,10264168153,372678553,10636846706,3.5,2188640586,47833909,2236474495,2.14
20190616,10053186116,364356495,10417542611,3.5,2123918402,45757565,2169675967,2.11
20190617,10767718114,394801602,11162519716,3.54,2157125081,45701520,2202826601,2.07
20190618,10986297730,395758861,11382056591,3.48,2222221103,46039245,2268260348,2.03
20190619,11033001040,398346209,11431347249,3.48,2170394481,46131634,2216526115,2.08
20190620,11011584826,418159120,11429743946,3.66,2188238610,46586062,2234824672,2.08
20190621,11261971701,429289569,11691261270,3.67,2240910497,46391190,2287301687,2.03
20190622,10343848072,372451820,10716299892,3.48,2070050444,42808659,2112859103,2.03
20190623,9921800854,356271914,10278072768,3.47,1986958139,44108939,2031067078,2.17
20190624,10622716075,373075537,10995791612,3.39,2144267966,48939905,2193207871,2.23
20190625,10535700165,375248207,10910948372,3.44,2264539988,47050033,2311590021,2.04
20190626,10631017208,384927385,11015944593,3.49,2279498956,46128092,2325627048,1.98
20190627,10456865435,388338137,10845203572,3.58,2266203545,48763794,2314967339,2.11
20190628,10508377400,376566799,10884944199,3.46,2284469022,49577891,2334046913,2.12
20190629,9910282212,352844336,10263126548,3.44,2274754826,49675329,2324430155,2.14
20190630,9750600918,346072897,10096673815,3.43,2221674091,45138807,2266812898,1.99
20190701,10468691321,359580298,10828271619,3.32,2315303292,52115258,2367418550,2.2
20190702,10635110876,356134365,10991245241,3.24,2371286700,49626872,2420913572,2.05
20190703,10700251905,372059504,11072311409,3.36,2294263496,55642887,2349906383,2.37
20190704,10751119690,356172448,11107292138,3.21,2230448188,55294193,2285742381,2.42
20190705,10757265824,360289110,11117554934,3.24,2330382064,50970787,2381352851,2.14
20190706,10240180977,339172188,10579353165,3.21,2241042870,48672450,2289715320,2.13
20190707,9941866605,329119637,10270986242,3.2,2232894133,49800807,2282694940,2.18
20190708,10626913569,353898420,10980811989,3.22,2281526030,60641455,2342167485,2.59
20190709,10781504183,364313502,11145817685,3.27,2345837089,55717458,2401554547,2.32
20190710,10795934192,374344986,11170279178,3.35,2187803832,60647977,2248451809,2.7
20190711,10674929370,372264412,11047193782,3.37,2169964130,57739101,2227703231,2.59
20190712,1305692585,139961906,1445654491,9.68,182312505,31284195,213596700,14.65
20190713,10236330447,365028701,10601359148,3.44,2118357818,54520316,2172878134,2.51
20190714,10077089115,352917038,10430006153,3.38,2110119191,54113724,2164232915,2.5
20190715,10765469864,386582921,11152052785,3.47,2133428946,52679469,2186108415,2.41
20190716,10711104710,384842231,11095946941,3.47,2133938509,46641792,2180580301,2.14
20190717,10738764488,395031147,11133795635,3.55,2138479161,48712562,2187191723,2.23
20190718,10484628457,374475296,10859103753,3.45,2135420023,43970507,2179390530,2.02
20190719,10925758734,386783148,11312541882,3.42,2192801578,43266294,2236067872,1.93
20190720,1078292962,131911042,1210204004,10.9,161373093,21868136,183241229,11.93
20190721,9951177796,354738991,10305916787,3.44,2054234358,43741108,2097975466,2.08
20190722,10677632568,391988094,11069620662,3.54,2101345597,42315681,2143661278,1.97
20190723,10661488847,434102647,11095591494,3.91,2128470048,41135526,2169605574,1.9
20190724,10562576363,432951330,10995527693,3.94,2082352259,40692417,2123044676,1.92
20190725,1212518590,140800670,1353319260,10.4,153607650,18040919,171648569,10.51
20190726,10312655153,394611985,10707267138,3.69,2047868619,40075615,2087944234,1.92
20190727,9708008259,380593180,10088601439,3.77,2023680800,40590994,2064271794,1.97
20190728,9504604041,380827772,9885431813,3.85,2009075662,76738404,2085814066,3.68
20190729,10352479853,407308311,10759788164,3.79,1971502986,42275225,2013778211,2.1
20190730,10527726585,435163551,10962890136,3.97,2047769867,40813042,2088582909,1.95
20190731,10657947450,423051324,11080998774,3.82,2050370182,43390531,2093760713,2.07
20190801,10767597918,422073205,11189671123,3.77,1881378215,46074811,1927453026,2.39
20190802,10737059687,411800219,11148859906,3.69,1679894881,45681476,1725576357,2.65
20190803,9925181991,396644971,10321826962,3.84,1609851609,46733693,1656585302,2.82
20190804,9729361733,391298031,10120659764,3.87,1577207558,46190564,1623398122,2.85
20190805,10419522808,419179569,10838702377,3.87,1608122774,48539391,1656662165,2.93
20190806,10574480346,439407726,11013888072,3.99,1689282854,47636838,1736919692,2.74
20190807,10414668060,419432009,10834100069,3.87,1689041194,42983438,1732024632,2.48
20190808,10347681911,433750210,10781432121,4.02,1674913321,48679147,1723592468,2.82
20190809,10439571838,430757976,10870329814,3.96,1686098284,51641727,1737740011,2.97
20190810,9820084046,412904115,10232988161,4.04,1634121727,50929171,1685050898,3.02
20190811,9666731621,377338183,10044069804,3.76,1579429385,50371331,1629800716,3.09
20190812,10424569684,400725059,10825294743,3.7,1625447322,51079318,1676526640,3.05
20190813,10457864110,388412829,10846276939,3.58,1708410598,51869339,1760279937,2.95
20190814,10661808330,446559003,11108367333,4.02,1915286650,57623430,1972910080,2.92
20190815,12143900581,621501157,12765401738,4.87,2195039252,93183087,2288222339,4.07
20190816,12144576158,597317552,12741893710,4.69,2140220370,91577744,2231798114,4.1
20190817,9743977685,356843760,10100821445,3.53,1729603881,50908787,1780512668,2.86
20190818,9586962306,349355435,9936317741,3.52,1694359484,50631778,1744991262,2.9
20190819,10321972648,363405979,10685378627,3.4,1719426251,52139407,1771565658,2.94
20190820,10238205335,356704783,10594910118,3.37,1773861295,51904148,1825765443,2.84
20190821,10377552352,360778364,10738330716,3.36,2008889073,53163667,2062052740,2.58
20190822,10487615936,369364007,10856979943,3.4,1978316096,50955956,2029272052,2.51
20190823,10711268857,362141169,11073410026,3.27,1892293371,50023334,1942316705,2.58
20190824,10042568505,376073450,10418641955,3.61,1762505094,48702767,1811207861,2.69
20190825,9844177747,360330976,10204508723,3.53,1715085710,49810811,1764896521,2.82
20190826,10565366125,376005625,10941371750,3.44,1807975774,49338705,1857314479,2.66
20190827,10816954444,385465221,11202419665,3.44,1970650153,50858218,2021508371,2.52
20190828,10743479872,372911562,11116391434,3.35,1933964535,51337591,1985302126,2.59
20190829,10639969724,364475627,11004445351,3.31,1893968431,49248765,1943217196,2.53
20190830,10831233035,350841246,11182074281,3.14,1949904766,51223829,2001128595,2.56
20190831,10247549968,319634079,10567184047,3.02,1886553963,50697493,1937251456,2.62
20190901,1088744578,148339409,1237083987,11.99,173440509,29691624,203132133,14.62
20190902,1214091359,150346426,1364437785,11.02,175072393,29674971,204747364,14.49
20190903,10678452287,330329520,11008781807,3.0,1893332067,46950173,1940282240,2.42
20190904,10782578823,339460511,11122039334,3.05,1989921448,50677707,2040599155,2.48
20190905,10728163920,341589500,11069753420,3.09,1934834172,52843666,1987677838,2.66
20190906,11016525364,336258739,11352784103,2.96,1899553622,53283348,1952836970,2.73
20190907,10350473660,315302598,10665776258,2.96,1865697340,54826585,1920523925,2.85
20190908,10665457812,335313349,11000771161,3.05,1935791502,61870943,1997662445,3.1
20190909,11196715121,347163961,11543879082,3.01,2094622868,56922634,2151545502,2.65
20190910,10901398714,336793544,11238192258,3.0,1974432851,51826027,2026258878,2.56
20190911,10961406021,338186874,11299592895,2.99,2051216268,53698422,2104914690,2.55
20190912,11043647663,348005837,11391653500,3.05,2091494986,53956991,2145451977,2.51
20190913,10940426514,367004579,11307431093,3.25,2058339902,52761038,2111100940,2.5
20190914,10395557746,365417784,10760975530,3.4,2012901832,52160749,2065062581,2.53
20190915,10324039043,364818159,10688857202,3.41,2025694301,53330105,2079024406,2.57
20190916,10790159770,373323302,11163483072,3.34,2083505563,52253770,2135759333,2.45
20190917,10977964482,382579041,11360543523,3.37,2069423047,54540529,2123963576,2.57
20190918,10991498014,394529064,11386027078,3.47,2118149152,57508303,2175657455,2.64
20190919,11002154982,382617669,11384772651,3.36,2094702511,58052389,2152754900,2.7
20190920,10937339673,373991848,11311331521,3.31,2109790459,57412857,2167203316,2.65
20190921,10119818343,352992337,10472810680,3.37,2133700446,55052580,2188753026,2.52
20190922,10025342451,351240279,10376582730,3.38,2105728163,56951525,2162679688,2.63
20190923,10951598297,408016913,11359615210,3.59,2103426724,57818223,2161244947,2.68
20190924,10999846146,436090775,11435936921,3.81,2166007034,58484409,2224491443,2.63
20190925,11054553523,437637704,11492191227,3.81,2149703267,57604433,2207307700,2.61
20190926,11078225946,429499266,11507725212,3.73,2196140598,57559176,2253699774,2.55
20190927,11327969554,461369336,11789338890,3.91,2164175015,55437816,2219612831,2.5
20190928,10723563989,434660269,11158224258,3.9,2082195765,56160896,2138356661,2.63
20190929,10493689444,443304859,10936994303,4.05,2073366196,68292170,2141658366,3.19
20190930,1215702486,183959057,1399661543,13.14,216153810,32365684,248519494,13.02
