#date,queriesUDP_IPV4,queriesTCP_IPv4,queriesTOTAL_IPv4,ratioTCP_IPv4,queriesUDP_IPV6,queriesTCP_IPv6,queriesTOTAL_IPv6,ratioTCP_IPv6
20170310,3932370914,219049099,4151420013,5.28,450318639,30881292,481199931,6.42
20170311,3569668112,206268903,3775937015,5.46,421176076,30144154,451320230,6.68
20170312,3438616900,204339718,3642956618,5.61,424405295,35556097,459961392,7.73
20170313,3864640127,208359065,4072999192,5.12,422323715,32182545,454506260,7.08
20170314,4372594640,218542685,4591137325,4.76,424301638,30024016,454325654,6.61
20170315,3743037404,247783079,3990820483,6.21,417043641,27051419,444095060,6.09
20170316,3944946082,242642125,4187588207,5.79,418768963,27272656,446041619,6.11
20170317,4072519533,230635410,4303154943,5.36,446693487,29306821,476000308,6.16
20170318,3394073947,213518199,3607592146,5.92,402762260,26687524,429449784,6.21
20170319,3491310097,230744942,3722055039,6.2,400988358,29500302,430488660,6.85
20170320,4108779602,242379762,4351159364,5.57,426902384,31102658,458005042,6.79
20170321,4115126034,238453387,4353579421,5.48,434205115,32367262,466572377,6.94
20170322,4035719368,238574111,4274293479,5.58,434078363,31429809,465508172,6.75
20170323,4181380135,239928513,4421308648,5.43,510543138,31053781,541596919,5.73
20170324,4333667443,233630549,4567297992,5.12,516650654,31508538,548159192,5.75
20170325,3980755309,217984815,4198740124,5.19,490422323,31733197,522155520,6.08
20170326,3617719321,216393276,3834112597,5.64,481896543,32305086,514201629,6.28
20170327,3967031887,242159840,4209191727,5.75,506502341,31888770,538391111,5.92
20170328,3820504407,225203786,4045708193,5.57,504361889,31091749,535453638,5.81
20170329,3747038841,217242655,3964281496,5.48,497709522,33452961,531162483,6.3
20170330,4581320967,239191594,4820512561,4.96,675472518,25962986,701435504,3.7
20170331,6343794272,290533998,6634328270,4.38,1250432629,13888782,1264321411,1.1
20170401,5876741274,246745728,6123487002,4.03,1232488332,11128306,1243616638,0.89
20170402,5588376860,226248160,5814625020,3.89,1226618641,10924400,1237543041,0.88
20170403,5991415808,250935255,6242351063,4.02,1193625582,11723010,1205348592,0.97
20170404,6445160778,267577009,6712737787,3.99,1167938230,12002559,1179940789,1.02
20170405,5421049223,248645397,5669694620,4.39,831722487,12995497,844717984,1.54
20170406,5352190482,244931307,5597121789,4.38,777363533,14893849,792257382,1.88
20170407,5410072569,237802058,5647874627,4.21,652201855,26674248,678876103,3.93
20170408,5294906461,219357937,5514264398,3.98,618787867,25004215,643792082,3.88
20170409,5083502674,219350476,5302853150,4.14,606940913,22946082,629886995,3.64
20170410,5514291545,222706474,5736998019,3.88,633406938,25299000,658705938,3.84
20170411,5641271431,230185941,5871457372,3.92,651422291,27380300,678802591,4.03
20170412,5576952017,228016214,5804968231,3.93,586142078,17736177,603878255,2.94
20170413,5627618913,221775796,5849394709,3.79,548041826,10528633,558570459,1.88
20170414,5686819047,212462065,5899281112,3.6,540309181,10669877,550979058,1.94
20170415,5349010074,200592321,5549602395,3.61,505815222,9457728,515272950,1.84
20170416,5311043320,197046428,5508089748,3.58,497194094,8647084,505841178,1.71
20170417,5623223933,224616180,5847840113,3.84,663984988,14184845,678169833,2.09
20170418,5586273140,237149790,5823422930,4.07,709636576,29129854,738766430,3.94
20170419,5646818114,240374234,5887192348,4.08,703780056,28932385,732712441,3.95
20170420,5776718932,239197793,6015916725,3.98,644057939,27466322,671524261,4.09
20170421,5568366661,225194390,5793561051,3.89,630589310,27745743,658335053,4.21
20170422,5250371089,207026898,5457397987,3.79,593829874,25723327,619553201,4.15
20170423,5018146497,210166234,5228312731,4.02,596706135,27469325,624175460,4.4
20170424,5623282099,235568828,5858850927,4.02,617339675,28739137,646078812,4.45
20170425,6437650883,259798608,6697449491,3.88,649916548,29887517,679804065,4.4
20170426,5347650302,211974096,5559624398,3.81,626694473,26189133,652883606,4.01
20170427,5196444622,204657729,5401102351,3.79,643318616,24612136,667930752,3.68
20170428,5510687767,218139044,5728826811,3.81,651319361,22573104,673892465,3.35
20170429,5615488406,214015444,5829503850,3.67,622393122,21421392,643814514,3.33
20170430,5261182108,204201637,5465383745,3.74,606219380,22989186,629208566,3.65
20170501,5353938991,212048787,5565987778,3.81,590757397,25144507,615901904,4.08
20170502,3091303423,188183826,3279487249,5.74,276926788,21245063,298171851,7.13
20170503,6057788878,232862561,6290651439,3.7,612064398,23310107,635374505,3.67
20170504,5756506827,235630988,5992137815,3.93,627587546,21415101,649002647,3.3
20170505,5593037304,239763301,5832800605,4.11,627665178,17991484,645656662,2.79
20170506,5307037167,220982203,5528019370,4.0,602064089,16997213,619061302,2.75
20170507,5229562284,218582877,5448145161,4.01,599399394,16393955,615793349,2.66
20170508,5589734417,226252242,5815986659,3.89,601573154,16239226,617812380,2.63
20170509,5581879250,238167587,5820046837,4.09,609984902,16773724,626758626,2.68
20170510,5397078081,230519093,5627597174,4.1,624292455,17330503,641622958,2.7
20170511,5505155292,231791160,5736946452,4.04,615757260,18782280,634539540,2.96
20170512,5391212793,230965037,5622177830,4.11,614043418,16690683,630734101,2.65
20170513,4979453714,214241240,5193694954,4.13,619646003,16047164,635693167,2.52
20170514,4896781494,212200154,5108981648,4.15,630047867,17935201,647983068,2.77
20170515,5315879472,227980518,5543859990,4.11,650204861,19422851,669627712,2.9
20170516,5391392822,227730130,5619122952,4.05,638679895,18967994,657647889,2.88
20170517,5323535074,226453062,5549988136,4.08,642929918,19591212,662521130,2.96
20170518,5336634939,236223239,5572858178,4.24,656268787,18201944,674470731,2.7
20170519,5316808582,231837575,5548646157,4.18,653499255,16706197,670205452,2.49
20170520,4962032976,214656223,5176689199,4.15,631919544,15253909,647173453,2.36
20170521,5020552935,219834917,5240387852,4.2,630550478,15472655,646023133,2.4
20170522,5520166810,240237725,5760404535,4.17,653846508,22102667,675949175,3.27
20170523,5640383738,247386144,5887769882,4.2,671547058,24398565,695945623,3.51
20170524,5434991310,240515489,5675506799,4.24,656532863,21803340,678336203,3.21
20170525,5439417688,236738839,5676156527,4.17,642320569,20718661,663039230,3.12
20170526,5303542439,229130798,5532673237,4.14,651831942,22379021,674210963,3.32
20170527,5084085116,214897819,5298982935,4.06,632781741,18867165,651648906,2.9
20170528,4975993674,214783802,5190777476,4.14,627599765,18358442,645958207,2.84
20170529,5203017103,232212500,5435229603,4.27,640260658,20726384,660987042,3.14
20170530,5284160911,239989266,5524150177,4.34,647715226,21715583,669430809,3.24
20170531,5428336140,239584689,5667920829,4.23,646197128,19423830,665620958,2.92
20170601,5717450280,251247730,5968698010,4.21,664276822,22198936,686475758,3.23
20170602,5411633655,239565224,5651198879,4.24,642163292,20384952,662548244,3.08
20170603,5085966559,228786109,5314752668,4.3,631686718,19498776,651185494,2.99
20170604,5146220991,218628323,5364849314,4.08,624342646,16655091,640997737,2.6
20170605,5409963496,236112719,5646076215,4.18,638520972,20114726,658635698,3.05
20170606,5621863827,248667557,5870531384,4.24,650671098,21031407,671702505,3.13
20170607,5730673838,262260391,5992934229,4.38,660974606,20762141,681736747,3.05
20170608,5603072091,281717921,5884790012,4.79,662674106,20685669,683359775,3.03
20170609,5559575316,282095708,5841671024,4.83,657628092,22055146,679683238,3.24
20170610,5470520587,258883446,5729404033,4.52,645611427,22103739,667715166,3.31
20170611,5239893990,241156492,5481050482,4.4,641426132,20941032,662367164,3.16
20170612,5597341780,259711061,5857052841,4.43,635655581,21531533,657187114,3.28
20170613,5699007379,273443485,5972450864,4.58,613378341,24455154,637833495,3.83
20170614,5615784695,278169422,5893954117,4.72,605246917,25617035,630863952,4.06
20170615,5594882379,282616923,5877499302,4.81,608509514,24548391,633057905,3.88
20170616,5487438917,282509979,5769948896,4.9,596027275,24054125,620081400,3.88
20170617,5066152909,262106560,5328259469,4.92,564314109,18618443,582932552,3.19
20170618,5190334134,256184697,5446518831,4.7,571660147,19924808,591584955,3.37
20170619,5768551102,290741751,6059292853,4.8,611429638,23920619,635350257,3.76
20170620,5781583917,281521242,6063105159,4.64,608896150,23162135,632058285,3.66
20170621,5658011974,278299720,5936311694,4.69,613547169,21663731,635210900,3.41
20170622,5628989918,275097206,5904087124,4.66,618523852,24129368,642653220,3.75
20170623,5484984464,264804595,5749789059,4.61,609209889,24698667,633908556,3.9
20170624,5296852691,253754786,5550607477,4.57,577319662,21437207,598756869,3.58
20170625,5047831892,256372164,5304204056,4.83,580181574,22334323,602515897,3.71
20170626,5422343413,279730317,5702073730,4.91,606911050,25162675,632073725,3.98
20170627,5834185475,291173032,6125358507,4.75,608656688,26434672,635091360,4.16
20170628,5777275443,277141093,6054416536,4.58,615743164,27707524,643450688,4.31
20170629,5866461010,285372188,6151833198,4.64,629183064,26701989,655885053,4.07
20170630,5872856438,285694696,6158551134,4.64,624941472,26680463,651621935,4.09
20170701,5384569585,273039889,5657609474,4.83,610266927,23400952,633667879,3.69
20170702,5198693966,261257216,5459951182,4.78,591508569,21567052,613075621,3.52
20170703,5679947303,299393758,5979341061,5.01,613375562,23710685,637086247,3.72
20170704,5854998686,309636078,6164634764,5.02,615028264,25123600,640151864,3.92
20170705,5926202381,309210096,6235412477,4.96,608387346,24917949,633305295,3.93
20170706,5798285239,312446595,6110731834,5.11,579306970,25081429,604388399,4.15
20170707,5904651346,301145559,6205796905,4.85,579434714,22162017,601596731,3.68
20170708,5565505586,288641719,5854147305,4.93,554431449,19251148,573682597,3.36
20170709,5615356465,278339881,5893696346,4.72,555631089,21571601,577202690,3.74
20170710,6031392951,293550780,6324943731,4.64,588558779,24782127,613340906,4.04
20170711,6204367000,313058117,6517425117,4.8,592446226,23515320,615961546,3.82
20170712,5983395317,307257790,6290653107,4.88,593974106,22707147,616681253,3.68
20170713,6030520579,305442526,6335963105,4.82,613053529,28252818,641306347,4.41
20170714,5906826110,288493063,6195319173,4.66,625607433,36176665,661784098,5.47
20170715,5598541449,266297332,5864838781,4.54,598419348,33270446,631689794,5.27
20170716,5503501649,258829520,5762331169,4.49,595385495,32451990,627837485,5.17
20170717,6069290899,282100163,6351391062,4.44,621394110,35299267,656693377,5.38
20170718,6068866432,283689201,6352555633,4.47,625843689,34496849,660340538,5.22
20170719,5990955689,287575895,6278531584,4.58,630837613,36768075,667605688,5.51
20170720,6050569694,288943850,6339513544,4.56,614906160,32187770,647093930,4.97
20170721,5790648241,274243708,6064891949,4.52,607604810,33455859,641060669,5.22
20170722,5333943826,252702251,5586646077,4.52,576204710,32548998,608753708,5.35
20170723,5314197281,256517653,5570714934,4.6,580695592,31040599,611736191,5.07
20170724,5700919139,282567841,5983486980,4.72,596574635,33217048,629791683,5.27
20170725,5960892253,282270734,6243162987,4.52,798515109,27002463,825517572,3.27
20170726,6385522169,289768018,6675290187,4.34,1200381455,13339077,1213720532,1.1
20170727,6314140391,276905169,6591045560,4.2,1193996574,13698874,1207695448,1.13
20170728,6249136141,273964286,6523100427,4.2,1208775561,13560008,1222335569,1.11
20170729,5740588731,264996791,6005585522,4.41,1232479841,12346209,1244826050,0.99
20170730,5457076370,252234101,5709310471,4.42,1205359211,11822848,1217182059,0.97
20170731,5977392105,279791536,6257183641,4.47,1246660892,12879850,1259540742,1.02
20170801,6187341675,287565834,6474907509,4.44,1295105660,13482247,1308587907,1.03
20170802,6189424024,292040357,6481464381,4.51,1306785452,13522139,1320307591,1.02
20170803,5979572014,286463246,6266035260,4.57,1304746231,13591739,1318337970,1.03
20170804,3378451203,96042106,3474493309,2.76,515996257,14536685,530532942,2.74
20170805,2634886536,40807864,2675694400,1.53,416601475,7490811,424092286,1.77
20170806,2604354303,43100217,2647454520,1.63,416151285,7579316,423730601,1.79
20170807,5672686648,237085089,5909771737,4.01,720528875,46241098,766769973,6.03
20170808,5586016726,292353886,5878370612,4.97,656822641,36790305,693612946,5.3
20170809,5609427771,293688139,5903115910,4.98,653487053,36942934,690429987,5.35
20170810,5659664708,290972767,5950637475,4.89,656920994,34718129,691639123,5.02
20170811,5524377139,284280984,5808658123,4.89,654130602,36320039,690450641,5.26
20170812,5292432436,270847073,5563279509,4.87,628349402,30963673,659313075,4.7
20170813,4992827806,259936436,5252764242,4.95,630143895,31802958,661946853,4.8
20170814,5386837202,301107603,5687944805,5.29,658786953,31702077,690489030,4.59
20170815,5483040515,287075380,5770115895,4.98,637192871,31720707,668913578,4.74
20170816,5688441611,298532479,5986974090,4.99,643820030,33584261,677404291,4.96
20170817,5741403462,306070089,6047473551,5.06,648897564,36692496,685590060,5.35
20170818,5964044515,293517876,6257562391,4.69,628557025,32839630,661396655,4.97
20170819,5130402491,275338628,5405741119,5.09,591002716,31230301,622233017,5.02
20170820,5104392163,286093669,5390485832,5.31,592518998,31235212,623754210,5.01
20170821,2861985733,263534351,3125520084,8.43,249795527,27730735,277526262,9.99
20170822,5778774509,314043596,6092818105,5.15,644116022,32720931,676836953,4.83
20170823,5639138491,315800141,5954938632,5.3,628278636,27771226,656049862,4.23
20170824,5715797952,335112455,6050910407,5.54,665261253,28463490,693724743,4.1
20170825,5554495815,323116518,5877612333,5.5,662401682,28708185,691109867,4.15
20170826,5618692432,339235270,5957927702,5.69,631831146,28024909,659856055,4.25
20170827,5282513492,308798016,5591311508,5.52,612413495,26420327,638833822,4.14
20170828,5295926718,325729423,5621656141,5.79,647892178,27712980,675605158,4.1
20170829,5617580019,325369042,5942949061,5.47,712723795,26874313,739598108,3.63
20170830,6044344149,337312180,6381656329,5.29,1271916453,14478037,1286394490,1.13
20170831,6009089045,339776434,6348865479,5.35,1307925168,14170746,1322095914,1.07
20170901,5879492720,326436292,6205929012,5.26,1330494124,13592190,1344086314,1.01
20170902,5372832169,291349008,5664181177,5.14,1229992557,12293668,1242286225,0.99
20170903,5367076721,290406589,5657483310,5.13,1236451182,12524027,1248975209,1.0
20170904,5739573156,314393062,6053966218,5.19,1272476193,12794258,1285270451,1.0
20170905,5950041627,320637720,6270679347,5.11,1267005074,13389538,1280394612,1.05
20170906,6161430019,340835943,6502265962,5.24,1311514071,14320370,1325834441,1.08
20170907,5901434020,340736612,6242170632,5.46,1281146702,14125535,1295272237,1.09
20170908,5843370087,333263159,6176633246,5.4,1296877867,14858621,1311736488,1.13
20170909,5498928294,316810928,5815739222,5.45,1288825694,15427249,1304252943,1.18
20170910,5538557796,322645506,5861203302,5.5,1305433777,14845922,1320279699,1.12
20170911,5913907519,352104015,6266011534,5.62,1287056330,16649396,1303705726,1.28
20170912,5774701808,337525205,6112227013,5.52,1280565974,15783856,1296349830,1.22
20170913,5873736811,335468403,6209205214,5.4,1294452428,18160088,1312612516,1.38
20170914,5923572395,336241189,6259813584,5.37,1277099503,17654957,1294754460,1.36
20170915,5683409627,332554590,6015964217,5.53,1275672999,16776282,1292449281,1.3
20170916,5355394171,321730131,5677124302,5.67,1274018707,14597758,1288616465,1.13
20170917,5258979592,309124339,5568103931,5.55,1284625468,14530553,1299156021,1.12
20170918,5722329823,320355097,6042684920,5.3,1281444392,16192351,1297636743,1.25
20170919,6012170314,339231735,6351402049,5.34,1299572533,18236530,1317809063,1.38
20170920,5774057169,329225840,6103283009,5.39,1288577143,16649678,1305226821,1.28
20170921,5522041980,322358012,5844399992,5.52,1255914471,15546497,1271460968,1.22
20170922,5816268844,312007995,6128276839,5.09,1236568568,15617709,1252186277,1.25
20170923,5443866236,293082866,5736949102,5.11,1192477615,14124474,1206602089,1.17
20170924,5118863924,300225587,5419089511,5.54,1200519197,14556310,1215075507,1.2
20170925,5295100474,330436375,5625536849,5.87,1223252271,17012058,1240264329,1.37
20170926,5253654342,336780743,5590435085,6.02,1168340809,18498330,1186839139,1.56
20170927,5280563492,343305097,5623868589,6.1,1227940443,19619050,1247559493,1.57
20170928,5168997426,331292146,5500289572,6.02,1203513451,16614327,1220127778,1.36
20170929,5173257166,321007713,5494264879,5.84,1191259736,15549874,1206809610,1.29
20170930,4646802470,288391093,4935193563,5.84,1141862332,13693579,1155555911,1.19
20171001,4568900273,286378481,4855278754,5.9,1188974077,13664483,1202638560,1.14
20171002,5014202764,302080947,5316283711,5.68,1177894826,16062578,1193957404,1.35
20171003,4983756520,305639437,5289395957,5.78,1184074241,16602232,1200676473,1.38
20171004,4890434894,311137017,5201571911,5.98,1171268403,17219838,1188488241,1.45
20171005,4902029383,313689498,5215718881,6.01,1126093371,16205782,1142299153,1.42
20171006,4936924987,281805227,5218730214,5.4,1074584461,16552468,1091136929,1.52
20171007,4699481098,250586677,4950067775,5.06,1162717302,15390352,1178107654,1.31
20171008,4599233923,255052790,4854286713,5.25,1167323261,15225431,1182548692,1.29
20171009,5131312266,287421364,5418733630,5.3,1217856005,18597300,1236453305,1.5
20171010,5301925524,291031330,5592956854,5.2,1234266978,20352347,1254619325,1.62
20171011,5484388051,339820321,5824208372,5.83,1217502898,26824238,1244327136,2.16
20171012,5621661817,385685785,6007347602,6.42,1264683676,35505735,1300189411,2.73
20171013,4840177869,270033499,5110211368,5.28,1153273708,16906603,1170180311,1.44
20171014,4574211147,239265441,4813476588,4.97,1107948343,13768955,1121717298,1.23
20171015,4555697878,233050654,4788748532,4.87,1102869954,14092598,1116962552,1.26
20171016,4690834468,254918709,4945753177,5.15,1115539696,15686203,1131225899,1.39
20171017,4833525168,280720593,5114245761,5.49,1137386353,16941628,1154327981,1.47
20171018,4889533423,298854001,5188387424,5.76,1187068449,18914554,1205983003,1.57
20171019,5233376160,293924047,5527300207,5.32,1289838284,16150280,1305988564,1.24
20171020,5681502711,297275630,5978778341,4.97,1378175749,17435864,1395611613,1.25
20171021,5291319491,268559967,5559879458,4.83,1350808329,14237089,1365045418,1.04
20171022,5226264320,251136850,5477401170,4.58,1337629406,14440324,1352069730,1.07
20171023,5819942996,318197450,6138140446,5.18,1411935147,15891313,1427826460,1.11
20171024,5885637979,317122597,6202760576,5.11,1417410593,16717261,1434127854,1.17
20171025,5821194052,298605183,6119799235,4.88,1356189579,16544385,1372733964,1.21
20171026,5886369654,299572456,6185942110,4.84,1340234492,16645820,1356880312,1.23
20171027,5766536355,284427461,6050963816,4.7,1369227124,18479572,1387706696,1.33
20171028,5563912938,284155058,5848067996,4.86,1348146229,17835958,1365982187,1.31
20171029,5618165152,271896934,5890062086,4.62,1355908742,16351633,1372260375,1.19
20171030,6010919511,294526839,6305446350,4.67,1362604656,18949994,1381554650,1.37
20171031,6131558846,299325216,6430884062,4.65,1392811234,21938174,1414749408,1.55
20171101,5953439772,303255230,6256695002,4.85,1367534029,20692279,1388226308,1.49
20171102,6038616175,283543863,6322160038,4.48,1353486420,19367066,1372853486,1.41
20171103,6046925638,271456249,6318381887,4.3,1322530641,18999136,1341529777,1.42
20171104,5635732807,260623327,5896356134,4.42,1252620021,16175118,1268795139,1.27
20171105,5518294101,260261417,5778555518,4.5,1255664482,14964460,1270628942,1.18
20171106,5991612806,261450083,6253062889,4.18,1293545955,16944326,1310490281,1.29
20171107,6177601500,268171385,6445772885,4.16,1203783556,19076950,1222860506,1.56
20171108,6355016452,266246253,6621262705,4.02,1202601143,18723921,1221325064,1.53
20171109,6406660018,274699291,6681359309,4.11,1210783050,21193028,1231976078,1.72
20171110,6251283892,269363716,6520647608,4.13,1279239257,21300856,1300540113,1.64
20171111,5573049415,230162276,5803211691,3.97,1247575868,16996023,1264571891,1.34
20171112,5548589598,227781966,5776371564,3.94,1201289082,17333835,1218622917,1.42
20171113,5853949526,248335645,6102285171,4.07,1240122727,20193929,1260316656,1.6
20171114,5628153012,250462139,5878615151,4.26,1216910385,20032541,1236942926,1.62
20171115,5516638757,260571713,5777210470,4.51,1192142416,21268066,1213410482,1.75
20171116,5768601110,273365599,6041966709,4.52,1239558860,19751149,1259310009,1.57
20171117,2065742997,178585942,2244328939,7.96,111117412,5334429,116451841,4.58
20171118,5413189221,253289584,5666478805,4.47,1226321617,20181900,1246503517,1.62
20171119,5211934735,244531632,5456466367,4.48,1188428259,19192776,1207621035,1.59
20171120,5668292080,281269710,5949561790,4.73,1269872661,21883085,1291755746,1.69
20171121,5640916373,283350113,5924266486,4.78,1267428926,20589304,1288018230,1.6
20171122,5762556568,270404328,6032960896,4.48,1247039470,18766210,1265805680,1.48
20171123,5847089059,259912296,6107001355,4.26,1189083755,18027351,1207111106,1.49
20171124,5902779498,251041835,6153821333,4.08,1222439175,19040191,1241479366,1.53
20171125,5248878517,242747681,5491626198,4.42,1211297517,20037176,1231334693,1.63
20171126,5121364369,234715632,5356080001,4.38,1219727909,19697299,1239425208,1.59
20171127,5491324048,255024122,5746348170,4.44,1249388790,20324631,1269713421,1.6
20171128,5485354505,262946937,5748301442,4.57,1250451245,21913641,1272364886,1.72
20171129,5634965152,274366900,5909332052,4.64,1287350505,27948721,1315299226,2.12
20171130,5643078969,277955591,5921034560,4.69,1276864315,28037623,1304901938,2.15
20171201,5617710364,268866063,5886576427,4.57,1311972306,29611801,1341584107,2.21
20171202,5630716170,253297155,5884013325,4.3,1297377595,22879857,1320257452,1.73
20171203,5435587638,247184509,5682772147,4.35,1287081978,22343149,1309425127,1.71
20171204,5505802002,279818500,5785620502,4.84,1290237539,24807459,1315044998,1.89
20171205,5549163912,259055031,5808218943,4.46,1249083967,19765928,1268849895,1.56
20171206,5593307063,246166473,5839473536,4.22,1282059605,15148591,1297208196,1.17
20171207,5862953342,237965391,6100918733,3.9,1344489324,15091756,1359581080,1.11
20171208,6083209198,240958811,6324168009,3.81,1391203796,15263949,1406467745,1.09
20171209,5847445289,226677415,6074122704,3.73,1369485919,14755824,1384241743,1.07
20171210,5691201042,214274765,5905475807,3.63,1377246013,15497001,1392743014,1.11
20171211,6135752691,236555220,6372307911,3.71,1418230097,16352532,1434582629,1.14
20171212,6204027050,236409840,6440436890,3.67,1398513883,15814334,1414328217,1.12
20171213,6351176616,244001588,6595178204,3.7,1432035207,17353341,1449388548,1.2
20171214,6719793031,244061967,6963854998,3.5,1439026435,16594649,1455621084,1.14
20171215,6835179911,236001227,7071181138,3.34,1405306086,17697912,1423003998,1.24
20171216,6693244685,213887038,6907131723,3.1,1490328126,15046537,1505374663,1.0
20171217,5920526312,208509843,6129036155,3.4,1456698048,14620389,1471318437,0.99
20171218,6216402116,236660165,6453062281,3.67,1461823707,15847334,1477671041,1.07
20171219,6159036257,244556897,6403593154,3.82,1459461913,17171460,1476633373,1.16
20171220,6218213074,248569196,6466782270,3.84,1454006773,19573377,1473580150,1.33
20171221,6269142974,252185678,6521328652,3.87,1466598951,21511575,1488110526,1.45
20171222,6102980956,240072298,6343053254,3.78,1470853488,18060416,1488913904,1.21
20171223,5789013434,221748640,6010762074,3.69,1408331422,19694450,1428025872,1.38
20171224,5633170105,222456264,5855626369,3.8,1359960846,16820134,1376780980,1.22
20171225,5548634866,223723418,5772358284,3.88,1298569773,15607696,1314177469,1.19
20171226,5812113083,230383740,6042496823,3.81,1368510505,15546298,1384056803,1.12
20171227,6012237049,231785728,6244022777,3.71,1408721937,16361682,1425083619,1.15
20171228,5977928450,238500425,6216428875,3.84,1428586904,21242853,1449829757,1.47
20171229,6316272912,248286246,6564559158,3.78,1416038949,19181479,1435220428,1.34
20171230,5661742527,230971341,5892713868,3.92,1388279790,17614409,1405894199,1.25
20171231,5584046442,220323218,5804369660,3.8,1359600495,16972474,1376572969,1.23
20180101,5364326206,210019349,5574345555,3.77,1348345744,17127729,1365473473,1.25
20180102,5932217985,227375082,6159593067,3.69,1325821053,18002866,1343823919,1.34
20180103,6486322449,235867133,6722189582,3.51,1492713054,19139305,1511852359,1.27
20180104,6565212479,223397070,6788609549,3.29,1455516887,18843400,1474360287,1.28
20180105,6280216608,219394301,6499610909,3.38,1558701535,18832332,1577533867,1.19
20180106,5812141669,219486840,6031628509,3.64,1563303846,16371902,1579675748,1.04
20180107,5848691880,220152625,6068844505,3.63,1542785996,15783042,1558569038,1.01
20180108,6303033478,233713525,6536747003,3.58,1601782523,16349454,1618131977,1.01
20180109,6104304818,238328944,6342633762,3.76,1544242850,16972592,1561215442,1.09
20180110,6378330479,237151220,6615481699,3.58,1527178107,18156638,1545334745,1.17
20180111,6405288860,244985132,6650273992,3.68,1495182066,17921807,1513103873,1.18
20180112,6409086310,240064785,6649151095,3.61,1494287188,16309194,1510596382,1.08
20180113,6016600485,220767402,6237367887,3.54,1455229485,16727604,1471957089,1.14
20180114,6008734999,222168428,6230903427,3.57,1476628776,16796200,1493424976,1.12
20180115,6650954251,247330243,6898284494,3.59,1532503418,20308069,1552811487,1.31
20180116,6596270944,252772503,6849043447,3.69,1559586767,20691938,1580278705,1.31
20180117,6622459020,259690138,6882149158,3.77,1527620371,22291272,1549911643,1.44
20180118,6753424747,258035142,7011459889,3.68,1521758774,23003084,1544761858,1.49
20180119,6535433545,234526184,6769959729,3.46,1484592868,20435614,1505028482,1.36
20180120,6112010549,226485460,6338496009,3.57,1403511016,19387479,1422898495,1.36
20180121,5881976790,230116422,6112093212,3.76,1391389152,20023766,1411412918,1.42
20180122,6425785335,265922696,6691708031,3.97,1469256374,20955869,1490212243,1.41
20180123,6393785219,285749788,6679535007,4.28,1484371746,19395346,1503767092,1.29
20180124,6387480451,282176173,6669656624,4.23,1465617630,20518104,1486135734,1.38
20180125,6394996696,291789179,6686785875,4.36,1510455358,19388877,1529844235,1.27
20180126,6245327135,276556724,6521883859,4.24,1515360483,20334397,1535694880,1.32
20180127,5942293377,264580414,6206873791,4.26,1489116360,18841848,1507958208,1.25
20180128,5818421669,258961392,6077383061,4.26,1466120171,18905222,1485025393,1.27
20180129,6378364183,296474141,6674838324,4.44,1508435378,21102337,1529537715,1.38
20180130,6409174095,304342403,6713516498,4.53,1509440566,20409469,1529850035,1.33
20180131,6422548992,305093369,6727642361,4.53,1488401792,20709700,1509111492,1.37
20180201,6553904314,320194857,6874099171,4.66,1531186538,21553241,1552739779,1.39
20180202,6349833298,280588587,6630421885,4.23,1576089446,20247558,1596337004,1.27
20180203,5946814710,273734276,6220548986,4.4,1499574283,17801719,1517376002,1.17
20180204,5792550052,299010609,6091560661,4.91,1421678342,17528335,1439206677,1.22
20180205,6148431893,322564464,6470996357,4.98,1512071986,18544613,1530616599,1.21
20180206,6234686742,332970000,6567656742,5.07,1466742065,20923392,1487665457,1.41
20180207,6146876787,337996798,6484873585,5.21,1352206166,19742950,1371949116,1.44
20180208,6245695051,332849067,6578544118,5.06,1417023884,19774266,1436798150,1.38
20180209,6287081928,326384408,6613466336,4.94,1442638109,21053035,1463691144,1.44
20180210,5937048784,266448620,6203497404,4.3,1333389148,19733237,1353122385,1.46
20180211,5831597511,261401189,6092998700,4.29,1358728150,19231805,1377959955,1.4
20180212,6176830480,285280992,6462111472,4.41,1385453753,20149652,1405603405,1.43
20180213,6251899169,294909575,6546808744,4.5,1448769130,19968710,1468737840,1.36
20180214,6349514026,289052412,6638566438,4.35,1478187070,20427894,1498614964,1.36
20180215,6214622652,277699685,6492322337,4.28,1441358543,20277614,1461636157,1.39
20180216,6028074742,265334625,6293409367,4.22,1456032613,21231008,1477263621,1.44
20180217,5689989924,252126785,5942116709,4.24,1369030215,20414738,1389444953,1.47
20180218,5676854673,248528299,5925382972,4.19,1348791799,20039530,1368831329,1.46
20180219,6094494216,265721022,6360215238,4.18,1473756557,21840013,1495596570,1.46
20180220,6199963883,278348059,6478311942,4.3,1473386704,21471790,1494858494,1.44
20180221,6267628754,270192383,6537821137,4.13,1469884193,21890742,1491774935,1.47
20180222,6363604431,266597913,6630202344,4.02,1485179581,21136333,1506315914,1.4
20180223,6283675481,266365611,6550041092,4.07,1438173663,19332537,1457506200,1.33
20180224,5967948957,253539839,6221488796,4.08,1383041575,19922549,1402964124,1.42
20180225,5871260606,243106786,6114367392,3.98,1347254813,19218436,1366473249,1.41
20180226,6321414556,261094186,6582508742,3.97,1445167432,21825244,1466992676,1.49
20180227,6556336662,283773933,6840110595,4.15,1521140323,21727743,1542868066,1.41
20180228,6491925793,278484066,6770409859,4.11,1538704579,21487798,1560192377,1.38
20180301,6481171284,267539700,6748710984,3.96,1569276115,21604540,1590880655,1.36
20180302,6465368844,269174978,6734543822,4.0,1588069589,22415270,1610484859,1.39
20180303,6101116143,253715820,6354831963,3.99,1536633632,20522894,1557156526,1.32
20180304,6014378014,243827440,6258205454,3.9,1528681110,21187229,1549868339,1.37
20180305,6464901712,262800683,6727702395,3.91,1629999893,22918682,1652918575,1.39
20180306,6602482969,260536114,6863019083,3.8,1568050119,22649134,1590699253,1.42
20180307,6738419264,273117732,7011536996,3.9,1552084764,23398226,1575482990,1.49
20180308,6691209347,262958082,6954167429,3.78,1581273794,22733128,1604006922,1.42
20180309,6512586197,260593641,6773179838,3.85,1610731574,23935513,1634667087,1.46
20180310,6299186092,258767307,6557953399,3.95,1475725985,21207487,1496933472,1.42
20180311,6294621546,250044857,6544666403,3.82,1485857392,20905532,1506762924,1.39
20180312,6817755447,277731597,7095487044,3.91,1616422342,22388970,1638811312,1.37
20180313,7072922780,279427940,7352350720,3.8,1622434227,21556131,1643990358,1.31
20180314,7177821636,287915729,7465737365,3.86,1597090328,21298547,1618388875,1.32
20180315,7052881235,287743183,7340624418,3.92,1621755065,21498007,1643253072,1.31
20180316,7138154209,277190418,7415344627,3.74,1633807899,21010593,1654818492,1.27
20180317,6668086505,258759284,6926845789,3.74,1528495530,21008291,1549503821,1.36
20180318,6625518897,253006777,6878525674,3.68,1531515885,20342276,1551858161,1.31
20180319,6892555932,268925559,7161481491,3.76,1672925274,20745634,1693670908,1.22
20180320,7005982353,273748795,7279731148,3.76,1653517809,19322173,1672839982,1.16
20180321,6763767982,276841409,7040609391,3.93,1669824637,19409295,1689233932,1.15
20180322,6814411732,281645640,7096057372,3.97,1761214281,20374420,1781588701,1.14
20180323,6606954929,280563945,6887518874,4.07,1698739751,20118947,1718858698,1.17
20180324,6143007901,254377602,6397385503,3.98,1583905554,18980963,1602886517,1.18
20180325,5993285287,247619214,6240904501,3.97,1578772154,17980234,1596752388,1.13
20180326,6486524130,272380176,6758904306,4.03,1666703809,19125253,1685829062,1.13
20180327,6521518816,285137945,6806656761,4.19,1657326403,19454968,1676781371,1.16
20180328,6544347268,283520680,6827867948,4.15,1617682882,19859779,1637542661,1.21
20180329,6543362482,275590682,6818953164,4.04,1653522983,19139266,1672662249,1.14
20180330,6463464545,260817572,6724282117,3.88,1668605099,18647673,1687252772,1.11
20180331,6286500187,252853897,6539354084,3.87,1612951044,18101620,1631052664,1.11
20180401,6554142631,238696854,6792839485,3.51,1566210302,18395261,1584605563,1.16
20180402,7264554875,253177855,7517732730,3.37,1641907778,19203522,1661111300,1.16
20180403,7529224753,268781911,7798006664,3.45,1655609981,19628604,1675238585,1.17
20180404,7517227076,305026861,7822253937,3.9,1635532876,19530125,1655063001,1.18
20180405,6894842784,310257218,7205100002,4.31,1710113165,19966719,1730079884,1.15
20180406,6746622879,298132800,7044755679,4.23,1732142934,19039091,1751182025,1.09
20180407,6273929878,279851731,6553781609,4.27,1593003215,18549540,1611552755,1.15
20180408,6242165243,277821210,6519986453,4.26,1575789267,18326199,1594115466,1.15
20180409,6800904841,304452057,7105356898,4.28,1632371118,19211093,1651582211,1.16
20180410,6945616830,297502302,7243119132,4.11,1655156417,19210755,1674367172,1.15
20180411,7262467731,300624317,7563092048,3.97,1614654321,18598141,1633252462,1.14
20180412,7338691630,296539381,7635231011,3.88,1696769209,18930715,1715699924,1.1
20180413,7363608481,283459203,7647067684,3.71,1600203764,22062670,1622266434,1.36
20180414,6661286477,263751313,6925037790,3.81,1498165343,22945385,1521110728,1.51
20180415,6369329540,251023417,6620352957,3.79,1491033700,23313317,1514347017,1.54
20180416,6878466333,288537751,7167004084,4.03,1507892139,23763884,1531656023,1.55
20180417,7001033286,295468236,7296501522,4.05,1508936754,24085089,1533021843,1.57
20180418,7004469761,299494798,7303964559,4.1,1524627195,23997108,1548624303,1.55
20180419,6862443154,293264190,7155707344,4.1,1506905596,23801362,1530706958,1.55
20180420,6668124913,297459850,6965584763,4.27,1515887384,24250973,1540138357,1.57
20180421,6069494892,258353025,6327847917,4.08,1411350454,21884503,1433234957,1.53
20180422,6523550914,244632654,6768183568,3.61,1442877480,21001205,1463878685,1.43
20180423,7128470912,268129539,7396600451,3.63,1458808478,22743478,1481551956,1.54
20180424,7133970184,270261743,7404231927,3.65,1685483230,18593038,1704076268,1.09
20180425,6677653158,262987987,6940641145,3.79,1786509111,17337454,1803846565,0.96
20180426,6454912454,262486589,6717399043,3.91,1821317961,18720474,1840038435,1.02
20180427,6295125468,263863882,6558989350,4.02,1831690929,18292907,1849983836,0.99
20180428,6021845748,249103553,6270949301,3.97,1786697923,17408631,1804106554,0.96
20180429,5956796062,242872485,6199668547,3.92,1797818651,16822461,1814641112,0.93
20180430,6256241489,263439218,6519680707,4.04,1830140846,17658958,1847799804,0.96
20180501,6186094932,252710318,6438805250,3.92,1837493821,18173725,1855667546,0.98
20180502,6468083420,271179165,6739262585,4.02,1828273279,18428464,1846701743,1.0
20180503,7147016879,270658169,7417675048,3.65,1935883738,18895687,1954779425,0.97
20180504,7394801914,256840114,7651642028,3.36,2030494221,19010520,2049504741,0.93
20180505,6611447550,243168150,6854615700,3.55,1988536635,18170734,2006707369,0.91
20180506,5911885108,238132505,6150017613,3.87,1994113495,17561152,2011674647,0.87
20180507,6470644829,270139237,6740784066,4.01,2038799874,18830188,2057630062,0.92
20180508,6794402015,280681689,7075083704,3.97,2102925997,19334329,2122260326,0.91
20180509,6650104023,269648393,6919752416,3.9,2078464576,19196016,2097660592,0.92
20180510,6595351042,287104070,6882455112,4.17,2137320325,18951598,2156271923,0.88
20180511,6208671914,277411295,6486083209,4.28,2161173700,19748105,2180921805,0.91
20180512,6061530846,260442655,6321973501,4.12,2061594794,18495035,2080089829,0.89
20180513,6189175029,256560268,6445735297,3.98,2042223480,18537808,2060761288,0.9
20180514,7079300175,302778326,7382078501,4.1,2141990747,19380694,2161371441,0.9
20180515,7503208479,330659416,7833867895,4.22,2099837719,19640421,2119478140,0.93
20180516,7256641073,328404868,7585045941,4.33,2045823080,19783726,2065606806,0.96
20180517,7220548086,334287274,7554835360,4.42,2123715514,19629990,2143345504,0.92
20180518,7806773148,327517671,8134290819,4.03,2157313999,20227886,2177541885,0.93
20180519,8127948012,310799725,8438747737,3.68,1969879765,19887931,1989767696,1.0
20180520,8025373636,307234209,8332607845,3.69,1897823232,19783903,1917607135,1.03
20180521,7755802752,339733410,8095536162,4.2,2006778619,23643317,2030421936,1.16
20180522,7193030476,330343452,7523373928,4.39,2050617078,19592954,2070210032,0.95
20180523,7029566593,333861793,7363428386,4.53,2064560936,19051258,2083612194,0.91
20180524,6996854974,330737684,7327592658,4.51,2070978184,19220410,2090198594,0.92
20180525,6819026705,330123972,7149150677,4.62,2132133035,19075055,2151208090,0.89
20180526,2579653900,231831592,2811485492,8.25,110496556,3479627,113976183,3.05
20180527,2509473213,224321251,2733794464,8.21,113519052,3313205,116832257,2.84
20180528,6823764414,317780298,7141544712,4.45,1993577442,21223533,2014800975,1.05
20180529,7216722003,328807155,7545529158,4.36,2067602798,22930632,2090533430,1.1
20180530,7306313208,330850970,7637164178,4.33,2140003559,21038370,2161041929,0.97
20180531,7332183943,346723634,7678907577,4.52,2132636330,18282305,2150918635,0.85
20180601,7393196784,344458656,7737655440,4.45,2139911354,18892576,2158803930,0.88
20180602,6895949224,329886527,7225835751,4.57,1992417543,17542292,2009959835,0.87
20180603,6809908891,319258545,7129167436,4.48,1968714337,18474047,1987188384,0.93
20180604,7389366035,338019749,7727385784,4.37,2121464944,22662850,2144127794,1.06
20180605,7633437785,343811199,7977248984,4.31,2148926574,18658326,2167584900,0.86
20180606,7387487898,342614054,7730101952,4.43,2135833299,18614991,2154448290,0.86
20180607,7459952423,337234647,7797187070,4.33,2130157042,18477334,2148634376,0.86
20180608,7611802381,349499972,7961302353,4.39,2214735818,18667006,2233402824,0.84
20180609,7068922702,340671618,7409594320,4.6,2088875030,18440608,2107315638,0.88
20180610,6729278859,313639009,7042917868,4.45,2048225041,17681891,2065906932,0.86
20180611,7168705758,331695040,7500400798,4.42,2149524826,18674484,2168199310,0.86
20180612,7656747255,351317546,8008064801,4.39,2190074665,21264915,2211339580,0.96
20180613,7520775185,360421200,7881196385,4.57,2185837120,20036309,2205873429,0.91
20180614,7643221014,362277039,8005498053,4.53,2193654327,19234207,2212888534,0.87
20180615,7376883353,347094463,7723977816,4.49,2176762983,19108300,2195871283,0.87
20180616,6919825460,325876731,7245702191,4.5,2062327603,18633509,2080961112,0.9
20180617,6810929553,325402813,7136332366,4.56,2011944948,18469437,2030414385,0.91
20180618,7366548517,357316472,7723864989,4.63,2028410590,19777596,2048188186,0.97
20180619,7513090121,366110779,7879200900,4.65,2161607873,20514648,2182122521,0.94
20180620,7594626615,376308162,7970934777,4.72,2198282818,20278610,2218561428,0.91
20180621,7617427997,381112060,7998540057,4.76,2171603263,20384482,2191987745,0.93
20180622,7658477181,390803756,8049280937,4.86,2191164579,21745530,2212910109,0.98
20180623,7041656836,343192070,7384848906,4.65,2038292323,19417790,2057710113,0.94
20180624,6951783788,345100439,7296884227,4.73,2029482125,19321284,2048803409,0.94
20180625,6753554178,343821007,7097375185,4.84,2167041522,20482439,2187523961,0.94
20180626,8463192642,402612753,8865805395,4.54,2212052967,21053093,2233106060,0.94
20180627,7721266132,379734655,8101000787,4.69,2226087136,19941802,2246028938,0.89
20180628,7708746774,382669357,8091416131,4.73,2181970798,20274113,2202244911,0.92
20180629,7725163970,411017836,8136181806,5.05,2252792417,20179273,2272971690,0.89
20180630,7360564091,403321479,7763885570,5.19,2112367414,19139115,2131506529,0.9
20180701,7174168255,392915703,7567083958,5.19,2012843522,19165783,2032009305,0.94
20180702,7640409899,406315890,8046725789,5.05,1885925210,20996945,1906922155,1.1
20180703,7685504921,397877939,8083382860,4.92,1786054506,23131414,1809185920,1.28
20180704,7440239421,370851064,7811090485,4.75,1722859262,23566132,1746425394,1.35
20180705,7490740953,353760868,7844501821,4.51,1787006696,23504518,1810511214,1.3
20180706,7517737917,359298170,7877036087,4.56,1796315270,23613551,1819928821,1.3
20180707,6946552837,333022485,7279575322,4.57,1644694835,23013449,1667708284,1.38
20180708,6727304295,335223521,7062527816,4.75,1602103416,23317494,1625420910,1.43
20180709,7407621753,357599853,7765221606,4.61,1753599578,24720944,1778320522,1.39
20180710,7595889817,371227976,7967117793,4.66,1815022375,26197852,1841220227,1.42
20180711,7515534152,372461883,7887996035,4.72,1759280842,26655228,1785936070,1.49
20180712,7475283221,353804968,7829088189,4.52,1749315722,26026192,1775341914,1.47
20180713,7461943143,360436501,7822379644,4.61,1758825374,25387284,1784212658,1.42
20180714,7080203783,346929683,7427133466,4.67,1645139467,25202429,1670341896,1.51
20180715,6972653577,345513941,7318167518,4.72,1601798022,25150599,1626948621,1.55
20180716,7467669244,357198876,7824868120,4.56,1724704437,25239725,1749944162,1.44
20180717,7493013306,361534224,7854547530,4.6,1774320016,25345416,1799665432,1.41
20180718,7501667602,362065207,7863732809,4.6,1715182697,25711408,1740894105,1.48
20180719,7249375362,346424120,7595799482,4.56,1724967529,25090228,1750057757,1.43
20180720,7230676584,352762810,7583439394,4.65,1756776453,26438589,1783215042,1.48
20180721,6725333865,339096832,7064430697,4.8,1671691588,26769253,1698460841,1.58
20180722,6654896305,328551354,6983447659,4.7,1629937336,25794554,1655731890,1.56
20180723,7243880735,348197807,7592078542,4.59,1764908202,26400320,1791308522,1.47
20180724,7304577541,357611580,7662189121,4.67,1740984337,26847228,1767831565,1.52
20180725,7290422781,362228047,7652650828,4.73,1792136168,27706413,1819842581,1.52
20180726,7567888712,359773982,7927662694,4.54,1823954116,29247235,1853201351,1.58
20180727,7516625738,351545329,7868171067,4.47,1777882209,28550739,1806432948,1.58
20180728,7239630778,362212904,7601843682,4.76,1679583517,29649156,1709232673,1.73
20180729,8042023855,453921779,8495945634,5.34,1779322431,37775189,1817097620,2.08
20180730,8868034888,500063917,9368098805,5.34,1927110618,42241653,1969352271,2.14
20180731,8892300427,500096180,9392396607,5.32,1880665675,39929794,1920595469,2.08
20180801,9126212063,508323053,9634535116,5.28,1877310512,40624431,1917934943,2.12
20180802,8480625431,376673163,8857298594,4.25,1911921257,32870831,1944792088,1.69
20180803,8262379515,338327723,8600707238,3.93,2007909567,31728375,2039637942,1.56
20180804,7685283994,323401603,8008685597,4.04,1962073637,30784686,1992858323,1.54
20180805,7665400914,319266901,7984667815,4.0,2008578693,31041526,2039620219,1.52
20180806,8191837791,333080198,8524917989,3.91,2065673450,33316590,2098990040,1.59
20180807,8296911776,320983474,8617895250,3.72,2029212905,32731091,2061943996,1.59
20180808,8918333409,359734893,9278068302,3.88,2173924966,35192846,2209117812,1.59
20180809,8584425103,334556507,8918981610,3.75,2149946587,33682138,2183628725,1.54
20180810,8396772867,328025626,8724798493,3.76,2153468962,34182557,2187651519,1.56
20180811,7923741731,340634117,8264375848,4.12,1974118684,31671027,2005789711,1.58
20180812,7848802428,329494353,8178296781,4.03,1917317544,32026594,1949344138,1.64
20180813,8429637769,333930920,8763568689,3.81,2065921802,33616655,2099538457,1.6
20180814,8460526512,335155976,8795682488,3.81,2063360068,36164900,2099524968,1.72
20180815,8358440464,331453429,8689893893,3.81,2043650172,34189488,2077839660,1.65
20180816,8380687662,322473947,8703161609,3.71,1935278008,34928259,1970206267,1.77
20180817,8205648811,339188023,8544836834,3.97,1839959326,35439456,1875398782,1.89
20180818,7783104359,327681460,8110785819,4.04,1737098677,33666606,1770765283,1.9
20180819,7603371090,308955962,7912327052,3.9,1706265273,33314980,1739580253,1.92
20180820,8308946868,341895002,8650841870,3.95,1833023335,35601981,1868625316,1.91
20180821,8632697901,321960316,8954658217,3.6,1920974909,35482076,1956456985,1.81
20180822,8613061779,320393761,8933455540,3.59,1947801485,33511347,1981312832,1.69
20180823,8696740882,309739418,9006480300,3.44,1893194833,33718144,1926912977,1.75
20180824,8712727925,319323431,9032051356,3.54,1935971582,35637366,1971608948,1.81
20180825,8131882366,304327966,8436210332,3.61,1777183264,33450675,1810633939,1.85
20180826,8069128979,313327186,8382456165,3.74,1762453231,31993121,1794446352,1.78
20180827,8773905419,319380151,9093285570,3.51,1904131561,34085641,1938217202,1.76
20180828,8797689139,344397845,9142086984,3.77,1802593541,33912027,1836505568,1.85
20180829,8712882281,335455810,9048338091,3.71,1834997800,34325876,1869323676,1.84
20180830,8746569888,349535385,9096105273,3.84,1882156080,35394562,1917550642,1.85
20180831,8692369802,268516646,8960886448,3.0,1894774620,34474317,1929248937,1.79
20180901,8243758590,278296797,8522055387,3.27,1780754856,32146414,1812901270,1.77
20180902,8198980156,277822369,8476802525,3.28,1774314123,31748164,1806062287,1.76
20180903,8889020694,312750477,9201771171,3.4,1848737547,33010867,1881748414,1.75
20180904,9091526667,307827760,9399354427,3.27,1860898396,34031732,1894930128,1.8
20180905,9043084789,327056000,9370140789,3.49,1854893002,35394099,1890287101,1.87
20180906,9135994435,351701866,9487696301,3.71,1915483824,36694253,1952178077,1.88
20180907,9062277573,364228359,9426505932,3.86,1911921493,36923296,1948844789,1.89
20180908,8504728407,348709286,8853437693,3.94,1742364013,34405376,1776769389,1.94
20180909,8528560401,324132545,8852692946,3.66,1777800734,36601813,1814402547,2.02
20180910,9071146855,370127083,9441273938,3.92,1914022279,37293153,1951315432,1.91
20180911,9150887247,358799702,9509686949,3.77,1935483525,36494809,1971978334,1.85
20180912,9703427783,379798668,10083226451,3.77,1984620196,36186062,2020806258,1.79
20180913,9499462697,399088900,9898551597,4.03,1998402447,39560380,2037962827,1.94
20180914,9489564174,410425458,9899989632,4.15,2023148095,41674255,2064822350,2.02
20180915,8928808598,378529604,9307338202,4.07,1906440136,37502961,1943943097,1.93
20180916,8915652987,347580511,9263233498,3.75,1914071537,37538280,1951609817,1.92
20180917,9675840424,381140994,10056981418,3.79,1978144310,40376163,2018520473,2.0
20180918,9859501132,380136849,10239637981,3.71,2008861796,42380397,2051242193,2.07
20180919,10226271873,392082485,10618354358,3.69,2031153875,50200459,2081354334,2.41
20180920,9959107623,380329837,10339437460,3.68,2028326940,46236000,2074562940,2.23
20180921,10436973173,419423566,10856396739,3.86,2147613862,48485384,2196099246,2.21
20180922,9980650709,387105969,10367756678,3.73,2046043901,43830322,2089874223,2.1
20180923,9972638523,401526219,10374164742,3.87,2030807055,43224748,2074031803,2.08
20180924,9564102882,395628640,9959731522,3.97,1984758647,42605316,2027363963,2.1
20180925,10244469714,383609614,10628079328,3.61,2077608300,53137663,2130745963,2.49
20180926,10055091480,382929929,10438021409,3.67,2076456596,56909071,2133365667,2.67
20180927,9823796955,410894353,10234691308,4.01,2061353125,56644869,2117997994,2.67
20180928,9711371394,372732817,10084104211,3.7,2135801509,58169561,2193971070,2.65
20180929,9462424948,365492657,9827917605,3.72,2102264512,61266468,2163530980,2.83
20180930,9581104528,378921927,9960026455,3.8,2037209753,63010163,2100219916,3.0
20181001,9834541709,376120730,10210662439,3.68,2057133827,59568844,2116702671,2.81
20181002,9859004107,380388741,10239392848,3.71,2069204137,59818579,2129022716,2.81
20181003,9531504745,383905031,9915409776,3.87,2102293375,53784037,2156077412,2.49
20181004,9641529910,380941163,10022471073,3.8,2118512132,54070252,2172582384,2.49
20181005,9520606275,365651222,9886257497,3.7,2101237448,50264279,2151501727,2.34
20181006,8777528846,338492034,9116020880,3.71,1869289105,44481623,1913770728,2.32
20181007,9316068233,372675649,9688743882,3.85,2063946266,47920542,2111866808,2.27
20181008,9677176521,387363026,10064539547,3.85,2160802947,48583548,2209386495,2.2
20181009,9913894376,373946967,10287841343,3.63,2099536490,50219676,2149756166,2.34
20181010,9799484470,397001960,10196486430,3.89,2046349448,54633741,2100983189,2.6
20181011,9820102903,403550030,10223652933,3.95,2122153649,56390394,2178544043,2.59
20181012,9810598068,396857117,10207455185,3.89,2115513531,60698650,2176212181,2.79
20181013,9374559090,378011348,9752570438,3.88,2077627052,61994892,2139621944,2.9
20181014,9121956602,376093805,9498050407,3.96,2061418568,56349138,2117767706,2.66
20181015,9787981953,386145054,10174127007,3.8,2066461937,54758946,2121220883,2.58
20181016,9892311339,405684631,10297995970,3.94,2049734475,61921506,2111655981,2.93
20181017,10008035937,380653379,10388689316,3.66,2098063077,63215783,2161278860,2.92
20181018,10017686230,377499607,10395185837,3.63,2311293477,52737543,2364031020,2.23
20181019,10065276212,400278708,10465554920,3.82,2304456776,51807628,2356264404,2.2
20181020,9663220493,538546330,10201766823,5.28,2113310742,56924459,2170235201,2.62
20181021,9411902460,543327551,9955230011,5.46,2165940776,53771074,2219711850,2.42
20181022,10083665203,478133799,10561799002,4.53,2380380080,46741742,2427121822,1.93
20181023,10151397654,395618928,10547016582,3.75,2397341778,48561297,2445903075,1.99
20181024,9953692693,420586241,10374278934,4.05,2379597382,48603224,2428200606,2.0
20181025,9792886873,424234981,10217121854,4.15,2327032616,44122636,2371155252,1.86
20181026,9679232143,386285505,10065517648,3.84,2297239932,47878926,2345118858,2.04
20181027,9066416848,376417572,9442834420,3.99,2164014266,53338650,2217352916,2.41
20181028,8848365582,379752344,9228117926,4.12,2164572917,51810616,2216383533,2.34
20181029,9706234398,390576919,10096811317,3.87,2383812953,45731852,2429544805,1.88
20181030,9880660558,376842466,10257503024,3.67,2404912154,49647300,2454559454,2.02
20181031,9767166896,387263787,10154430683,3.81,2438739456,52918613,2491658069,2.12
20181101,9680691568,369557180,10050248748,3.68,2431879823,54022291,2485902114,2.17
20181102,9546666005,365774055,9912440060,3.69,2242961588,62595605,2305557193,2.71
20181103,9052719595,361572158,9414291753,3.84,2035200424,70553104,2105753528,3.35
20181104,9185620937,369752372,9555373309,3.87,2147288654,67017652,2214306306,3.03
20181105,9665706644,392714698,10058421342,3.9,2248841028,58707220,2307548248,2.54
20181106,9859043073,381566483,10240609556,3.73,2151511105,64470679,2215981784,2.91
20181107,9764832532,377204363,10142036895,3.72,2074787918,54468777,2129256695,2.56
20181108,9802309048,395633714,10197942762,3.88,2061400965,57121152,2118522117,2.7
20181109,9605697717,375479813,9981177530,3.76,2051214373,56876360,2108090733,2.7
20181110,9128180693,355049950,9483230643,3.74,1911056385,61046076,1972102461,3.1
20181111,9032525622,358160965,9390686587,3.81,1894335604,55935437,1950271041,2.87
20181112,9663419639,378923600,10042343239,3.77,1952383565,49472627,2001856192,2.47
20181113,9984723863,378908497,10363632360,3.66,1904377421,54380361,1958757782,2.78
20181114,10227731183,410002092,10637733275,3.85,1828516497,54541183,1883057680,2.9
20181115,10093742987,390941092,10484684079,3.73,1888871221,54677152,1943548373,2.81
20181116,10311776957,378640754,10690417711,3.54,1936890989,58745098,1995636087,2.94
20181117,9507774100,368445925,9876220025,3.73,1808381105,54658103,1863039208,2.93
20181118,9314254345,342773770,9657028115,3.55,1824064411,52781047,1876845458,2.81
20181119,10118637481,348010475,10466647956,3.32,2020930048,65338575,2086268623,3.13
20181120,10827022010,390307475,11217329485,3.48,2110505959,72037982,2182543941,3.3
20181121,10240799563,364768478,10605568041,3.44,1934333986,56229136,1990563122,2.82
20181122,10236329319,355265958,10591595277,3.35,1936237898,52164054,1988401952,2.62
20181123,10251965242,338266895,10590232137,3.19,1939307134,58921416,1998228550,2.95
20181124,9755121843,320001529,10075123372,3.18,1806667878,59469786,1866137664,3.19
20181125,9638125313,310030900,9948156213,3.12,1802660957,54870407,1857531364,2.95
20181126,10216127270,335005377,10551132647,3.18,1945290475,62103757,2007394232,3.09
20181127,10323773885,380538481,10704312366,3.56,1941865706,61587674,2003453380,3.07
20181128,10234993676,352339184,10587332860,3.33,1979015908,60352287,2039368195,2.96
20181129,10311384298,360657699,10672041997,3.38,2026793556,65907072,2092700628,3.15
20181130,9939001007,341599981,10280600988,3.32,1892556970,66254031,1958811001,3.38
20181201,9375038270,321803576,9696841846,3.32,1808020679,63679859,1871700538,3.4
20181202,9182650084,309976207,9492626291,3.27,1830308928,60485143,1890794071,3.2
20181203,9802007648,336037626,10138045274,3.31,1875765938,63576567,1939342505,3.28
20181204,10009088100,353490749,10362578849,3.41,1926090409,66120689,1992211098,3.32
20181205,10075523347,357637786,10433161133,3.43,1983201487,62169754,2045371241,3.04
20181206,9860599507,361888279,10222487786,3.54,1972419115,63440529,2035859644,3.12
20181207,10157133467,357079683,10514213150,3.4,2038052316,58917100,2096969416,2.81
20181208,9500009252,337455759,9837465011,3.43,1948526496,61109447,2009635943,3.04
20181209,9437732719,330965435,9768698154,3.39,1903786411,56058434,1959844845,2.86
20181210,9731773568,350542276,10082315844,3.48,1934257915,58353793,1992611708,2.93
20181211,10398041072,359425779,10757466851,3.34,2083976863,64792918,2148769781,3.02
20181212,10256168117,353931625,10610099742,3.34,2031604080,62145955,2093750035,2.97
20181213,9998017302,342080727,10340098029,3.31,1980242638,62116033,2042358671,3.04
20181214,9976189527,344768382,10320957909,3.34,1944611189,74006288,2018617477,3.67
20181215,9443995190,331249448,9775244638,3.39,1872500141,68957091,1941457232,3.55
20181216,9213027273,316494839,9529522112,3.32,1860551854,67010234,1927562088,3.48
20181217,9759701689,336142175,10095843864,3.33,1957268201,74246630,2031514831,3.65
20181218,9653007136,339430325,9992437461,3.4,1938182773,72227373,2010410146,3.59
20181219,9838603619,339941016,10178544635,3.34,1926594318,69832831,1996427149,3.5
20181220,9868953084,319595909,10188548993,3.14,1980917743,66992813,2047910556,3.27
20181221,9841864367,337592767,10179457134,3.32,1941547847,66692681,2008240528,3.32
20181222,9537836154,350536622,9888372776,3.54,1850111473,62390923,1912502396,3.26
20181223,9449063529,334380455,9783443984,3.42,1821148628,62150878,1883299506,3.3
20181224,9453983969,340783281,9794767250,3.48,1892380017,64282677,1956662694,3.29
20181225,9030706589,340872871,9371579460,3.64,1834587278,69439925,1904027203,3.65
20181226,9462706654,360885089,9823591743,3.67,1873185036,74667976,1947853012,3.83
20181227,9651919303,356192241,10008111544,3.56,1991609333,77445068,2069054401,3.74
20181228,9864858935,345811017,10210669952,3.39,1962749078,76778568,2039527646,3.76
20181229,9454996243,341642135,9796638378,3.49,1889020173,73706940,1962727113,3.76
20181230,9465024314,347364401,9812388715,3.54,1853247521,68588988,1921836509,3.57
20181231,9537018815,355674915,9892693730,3.6,1923961447,68683882,1992645329,3.45
20190101,9253453683,338762375,9592216058,3.53,1909899400,69465290,1979364690,3.51
20190102,9694522845,354643700,10049166545,3.53,1921595672,69251751,1990847423,3.48
20190103,9991244095,359854875,10351098970,3.48,1987229592,70294397,2057523989,3.42
20190104,10101327868,358126557,10459454425,3.42,2022357205,65119002,2087476207,3.12
20190105,9348037925,340164871,9688202796,3.51,1872788177,60730208,1933518385,3.14
20190106,9572471098,347689575,9920160673,3.5,1891221200,63318981,1954540181,3.24
20190107,9897759799,367859163,10265618962,3.58,1998173586,68037958,2066211544,3.29
20190108,10157015114,377209658,10534224772,3.58,1952786001,68085275,2020871276,3.37
20190109,10113347071,387135863,10500482934,3.69,1927672618,59875975,1987548593,3.01
20190110,10158029856,376848239,10534878095,3.58,1955076135,56891170,2011967305,2.83
20190111,10318628370,394331439,10712959809,3.68,1993106545,56587508,2049694053,2.76
20190112,9966222146,368598895,10334821041,3.57,1920932548,57271259,1978203807,2.9
20190113,9961939285,354878874,10316818159,3.44,1919553718,59417300,1978971018,3.0
20190114,10574728945,389923271,10964652216,3.56,2052585688,64384305,2116969993,3.04
20190115,10527851764,388870831,10916722595,3.56,2023060131,60676025,2083736156,2.91
20190116,10580174310,407654103,10987828413,3.71,1967886139,58891563,2026777702,2.91
20190117,10515603844,409989468,10925593312,3.75,2006764513,60881809,2067646322,2.94
20190118,10553732681,406313917,10960046598,3.71,2004767563,62811291,2067578854,3.04
20190119,10213601100,384766378,10598367478,3.63,1948129347,59540756,2007670103,2.97
20190120,10204701577,367918198,10572619775,3.48,1969477317,58102981,2027580298,2.87
20190121,10733320124,395836975,11129157099,3.56,2058734583,61400193,2120134776,2.9
20190122,10680548803,391482485,11072031288,3.54,2083808429,60195500,2144003929,2.81
20190123,10830255232,392564178,11222819410,3.5,2071449552,61744443,2133193995,2.89
20190124,10917398044,390622029,11308020073,3.45,2018111443,48461010,2066572453,2.34
20190125,10860356910,388519973,11248876883,3.45,2024370766,45713394,2070084160,2.21
20190126,10259619467,377078016,10636697483,3.55,1909970700,43459744,1953430444,2.22
20190127,10163313962,393120204,10556434166,3.72,1920359050,48286057,1968645107,2.45
20190128,10839443288,404370336,11243813624,3.6,2112588022,51041482,2163629504,2.36
20190129,10985984382,417278434,11403262816,3.66,2187751380,53988186,2241739566,2.41
20190130,11093065236,466594359,11559659595,4.04,2044562658,62660937,2107223595,2.97
20190131,11246075949,442558800,11688634749,3.79,2119669508,64770626,2184440134,2.97
20190201,11332163307,422823262,11754986569,3.6,2222587993,61149435,2283737428,2.68
20190202,10499605231,390079481,10889684712,3.58,2042118830,54676403,2096795233,2.61
20190203,10427827952,374000307,10801828259,3.46,2027721167,52219202,2079940369,2.51
20190204,10821307392,418285762,11239593154,3.72,2103812748,62261817,2166074565,2.87
20190205,10844006632,428412032,11272418664,3.8,2234542816,72951578,2307494394,3.16
20190206,10854658060,438692260,11293350320,3.88,2225892836,71920508,2297813344,3.13
20190207,11012207722,454467733,11466675455,3.96,2241036218,75462550,2316498768,3.26
20190208,11279186645,456094471,11735281116,3.89,2181333111,71226770,2252559881,3.16
20190209,10618022657,387881125,11005903782,3.52,2078630217,68336050,2146966267,3.18
20190210,10464460555,361469497,10825930052,3.34,2092689383,68843716,2161533099,3.18
20190211,11107465499,394093890,11501559389,3.43,2194537102,70195005,2264732107,3.1
20190212,11413773300,391029682,11804802982,3.31,2213140519,57879364,2271019883,2.55
20190213,11444450255,386132023,11830582278,3.26,2167497966,58247939,2225745905,2.62
20190214,11398888828,378456674,11777345502,3.21,2174961410,55932089,2230893499,2.51
20190215,11451331180,374443049,11825774229,3.17,2143442656,56350557,2199793213,2.56
20190216,10869098071,361249398,11230347469,3.22,2077962954,53306500,2131269454,2.5
20190217,11102070722,351944887,11454015609,3.07,2089291627,55069914,2144361541,2.57
20190218,11321961159,371446078,11693407237,3.18,2116091708,57088534,2173180242,2.63
20190219,12337838496,383757595,12721596091,3.02,2825337742,60838575,2886176317,2.11
20190220,12252240598,381545108,12633785706,3.02,2427541072,65965640,2493506712,2.65
20190221,11545539826,378252654,11923792480,3.17,2161804146,63828732,2225632878,2.87
20190222,11669878451,363422143,12033300594,3.02,2184080902,61453351,2245534253,2.74
20190223,11027671610,355655601,11383327211,3.12,2090479864,57901358,2148381222,2.7
20190224,11113392485,351816216,11465208701,3.07,2073798528,60131673,2133930201,2.82
20190225,11695788498,382483194,12078271692,3.17,2135860459,62714093,2198574552,2.85
20190226,11672625881,386493987,12059119868,3.2,2161378537,64065771,2225444308,2.88
20190227,11128961065,369470458,11498431523,3.21,1989375426,62177077,2051552503,3.03
20190228,11689875448,393415210,12083290658,3.26,2033304081,64786693,2098090774,3.09
20190301,11720573658,387785362,12108359020,3.2,2065933834,67042395,2132976229,3.14
20190302,11494213719,363993215,11858206934,3.07,2020638973,63084346,2083723319,3.03
20190303,11529292690,348481678,11877774368,2.93,2020698882,61205613,2081904495,2.94
20190304,11751114101,369137311,12120251412,3.05,2058583275,64525067,2123108342,3.04
20190305,11947066406,394154360,12341220766,3.19,1986746891,64872738,2051619629,3.16
20190306,11814072039,385698741,12199770780,3.16,1949695239,61316378,2011011617,3.05
20190307,12040321480,390292097,12430613577,3.14,1991700049,63194204,2054894253,3.08
20190308,12373599747,391414364,12765014111,3.07,2113397793,63907917,2177305710,2.94
20190309,12133014121,377233919,12510248040,3.02,2108657769,61907799,2170565568,2.85
20190310,12202443048,365124653,12567567701,2.91,2104558168,66189369,2170747537,3.05
20190311,12395742975,388467272,12784210247,3.04,2176586361,101152481,2277738842,4.44
20190312,12437745675,393839350,12831585025,3.07,2190972814,97660358,2288633172,4.27
20190313,12839205311,397919868,13237125179,3.01,2194429437,96462490,2290891927,4.21
20190314,12580565637,386522865,12967088502,2.98,2175887662,97974483,2273862145,4.31
20190315,12700654626,377368452,13078023078,2.89,2196265489,100275747,2296541236,4.37
20190316,11797761178,350025939,12147787117,2.88,1988482081,88650797,2077132878,4.27
20190317,11828308258,363682255,12191990513,2.98,1963022540,89075055,2052097595,4.34
20190318,12465785895,379061819,12844847714,2.95,2052374095,100361877,2152735972,4.66
20190319,12779375940,394008999,13173384939,2.99,2106421968,101661234,2208083202,4.6
20190320,12554482825,402030290,12956513115,3.1,2090152742,96646716,2186799458,4.42
20190321,12699375323,386155978,13085531301,2.95,2097068659,85677702,2182746361,3.93
20190322,12500228182,385582745,12885810927,2.99,2112350107,84827912,2197178019,3.86
20190323,11160107270,357808443,11517915713,3.11,2016085519,70878866,2086964385,3.4
20190324,10972013650,368785195,11340798845,3.25,2042649259,70002314,2112651573,3.31
20190325,11812959121,390639743,12203598864,3.2,2146015672,81085453,2227101125,3.64
20190326,11787525422,393567335,12181092757,3.23,2224140567,81571454,2305712021,3.54
20190327,11469345970,392052818,11861398788,3.31,2129515522,81606053,2211121575,3.69
20190328,11878867791,392825908,12271693699,3.2,2250204243,65340238,2315544481,2.82
20190329,11860121888,391504803,12251626691,3.2,2312266652,71683825,2383950477,3.01
20190330,11458286021,370843985,11829130006,3.14,2196686248,72474358,2269160606,3.19
20190331,11468640191,384542117,11853182308,3.24,2242837815,77852719,2320690534,3.35
20190401,12033963331,401114245,12435077576,3.23,2253270190,83440914,2336711104,3.57
20190402,11595733623,398721286,11994454909,3.32,2238720106,88807329,2327527435,3.82
20190403,11852994345,393725696,12246720041,3.21,2186441373,100557464,2286998837,4.4
20190404,11909389090,408460527,12317849617,3.32,2226552624,109241541,2335794165,4.68
20190405,11897781946,413511016,12311292962,3.36,2195848779,113399284,2309248063,4.91
20190406,11018518086,386702378,11405220464,3.39,2130151302,108502286,2238653588,4.85
20190407,11005137479,380354003,11385491482,3.34,2067682188,106243131,2173925319,4.89
20190408,12093368269,401069765,12494438034,3.21,2107769455,96788495,2204557950,4.39
20190409,12333196472,414847977,12748044449,3.25,2142537783,104302879,2246840662,4.64
20190410,12747625577,440866911,13188492488,3.34,2177047081,106060964,2283108045,4.65
20190411,12271649493,414719600,12686369093,3.27,2106491626,98262708,2204754334,4.46
20190412,12672497432,441844873,13114342305,3.37,2062459638,106125153,2168584791,4.89
20190413,11903108353,421736916,12324845269,3.42,2030688101,108183554,2138871655,5.06
20190414,11744657801,425035133,12169692934,3.49,2030185250,104056968,2134242218,4.88
20190415,12506967904,446905646,12953873550,3.45,2066896489,103687194,2170583683,4.78
20190416,12561597059,440628697,13002225756,3.39,2127541294,103303217,2230844511,4.63
20190417,12805200199,439290076,13244490275,3.32,2131641901,104435408,2236077309,4.67
20190418,12877191631,448407982,13325599613,3.37,2118378522,102627540,2221006062,4.62
20190419,12160334272,419939922,12580274194,3.34,2081168312,106295136,2187463448,4.86
20190420,11769420574,416023695,12185444269,3.41,2045809206,107718754,2153527960,5.0
20190421,11749491755,403800166,12153291921,3.32,2092051841,112991226,2205043067,5.12
20190422,12099013764,415344638,12514358402,3.32,2155327832,108865507,2264193339,4.81
20190423,12215975697,413840437,12629816134,3.28,2182183239,104859942,2287043181,4.58
20190424,12402211726,438927249,12841138975,3.42,2233662145,103331135,2336993280,4.42
20190425,12619967689,446223806,13066191495,3.42,2292199817,106000169,2398199986,4.42
20190426,13021330752,453171499,13474502251,3.36,2392340063,112002923,2504342986,4.47
20190427,12310413273,441533976,12751947249,3.46,2237361414,107169410,2344530824,4.57
20190428,12089820501,450757917,12540578418,3.59,2224228368,100683806,2324912174,4.33
20190429,12886193985,460642624,13346836609,3.45,2371463894,102785453,2474249347,4.15
20190430,13116244745,499624383,13615869128,3.67,2358661759,111599226,2470260985,4.52
20190501,12725864619,466519263,13192383882,3.54,2328879626,112356637,2441236263,4.6
20190502,12901880865,466654737,13368535602,3.49,2284559889,108281545,2392841434,4.53
20190503,12845966692,455781536,13301748228,3.43,2270087776,107912085,2377999861,4.54
20190504,11630957258,394994845,12025952103,3.28,2121074972,99776714,2220851686,4.49
20190505,12019777855,400169190,12419947045,3.22,2232161247,100512645,2332673892,4.31
20190506,12991519395,419359364,13410878759,3.13,2273283904,100043158,2373327062,4.22
20190507,13278474037,433276373,13711750410,3.16,2290091652,103750690,2393842342,4.33
20190508,13278071551,443184644,13721256195,3.23,2307829275,106591939,2414421214,4.41
20190509,13192519335,441990962,13634510297,3.24,2257498058,108244299,2365742357,4.58
20190510,13279308901,429844672,13709153573,3.14,2281726338,109954092,2391680430,4.6
20190511,12539694374,423988239,12963682613,3.27,2231477617,111280589,2342758206,4.75
20190512,12554711035,424362855,12979073890,3.27,2173816116,108100865,2281916981,4.74
20190513,13608163749,429096367,14037260116,3.06,2278454100,108516974,2386971074,4.55
20190514,13750639457,437414814,14188054271,3.08,2391955547,108098961,2500054508,4.32
20190515,14148625430,446936355,14595561785,3.06,2323739674,107615074,2431354748,4.43
20190516,13968195015,434297913,14402492928,3.02,2397488903,102879066,2500367969,4.11
20190517,14024228455,429595756,14453824211,2.97,2486659992,103476954,2590136946,4.0
20190518,12684244002,414048170,13098292172,3.16,2283612780,102123484,2385736264,4.28
20190519,12709497252,448790420,13158287672,3.41,2319987423,110198485,2430185908,4.53
20190520,13581101355,464167603,14045268958,3.3,2475305598,102749447,2578055045,3.99
20190521,13686630889,462026420,14148657309,3.27,2467953354,100948540,2568901894,3.93
20190522,13800278684,462227904,14262506588,3.24,2356416094,100417082,2456833176,4.09
20190523,13994332039,499631076,14493963115,3.45,2437267948,106157375,2543425323,4.17
20190524,14106847740,447189791,14554037531,3.07,2527127017,99815693,2626942710,3.8
20190525,13037092459,453832948,13490925407,3.36,2265948645,108406888,2374355533,4.57
20190526,12726186179,445882624,13172068803,3.39,2244366206,110742036,2355108242,4.7
20190527,13550040892,466336195,14016377087,3.33,2372734461,103667432,2476401893,4.19
20190528,13966117004,474399421,14440516425,3.29,2458221238,103132107,2561353345,4.03
20190529,13668772279,443023398,14111795677,3.14,2451193348,105080625,2556273973,4.11
20190530,13297378653,420751877,13718130530,3.07,2446724133,98576905,2545301038,3.87
20190531,13793429429,415999374,14209428803,2.93,2440162226,103990480,2544152706,4.09
20190601,8640621088,385801534,9026422622,4.27,2289762095,114255270,2404017365,4.75
20190602,8259742374,401823845,8661566219,4.64,2239559758,103559597,2343119355,4.42
20190603,13700808455,417290616,14118099071,2.96,2431158752,100611570,2531770322,3.97
20190604,13719261012,449847053,14169108065,3.17,2547134616,111147589,2658282205,4.18
20190605,13512163282,427101737,13939265019,3.06,2422012722,102284689,2524297411,4.05
20190606,13254813295,416323573,13671136868,3.05,2345765877,95816864,2441582741,3.92
20190607,13514114002,497408428,14011522430,3.55,2358482405,84359882,2442842287,3.45
20190608,12712948463,693023205,13405971668,5.17,2254944294,80228801,2335173095,3.44
20190609,12620030266,672323976,13292354242,5.06,2279529932,77079708,2356609640,3.27
20190610,13565326023,496566814,14061892837,3.53,2358521902,84290431,2442812333,3.45
20190611,13666813914,443106239,14109920153,3.14,2465775539,86918362,2552693901,3.4
20190612,9614829641,414593957,10029423598,4.13,2416158991,87770386,2503929377,3.51
20190613,14098713573,417902484,14516616057,2.88,2394571606,84367249,2478938855,3.4
20190614,14027870039,414908577,14442778616,2.87,2465011019,81755434,2546766453,3.21
20190615,13195644111,400540417,13596184528,2.95,2360844776,71215536,2432060312,2.93
20190616,13379974767,398858773,13778833540,2.89,2353328250,72654718,2425982968,2.99
20190617,9773034036,535501406,10308535442,5.19,2566854398,99613646,2666468044,3.74
20190618,14019840690,560375078,14580215768,3.84,2614399815,103848702,2718248517,3.82
20190619,14071927623,546546937,14618474560,3.74,2537947203,99480295,2637427498,3.77
20190620,13954920655,560157487,14515078142,3.86,2491275754,103497056,2594772810,3.99
20190621,14502401965,583651346,15086053311,3.87,2474351760,104944345,2579296105,4.07
20190622,13470508275,563518536,14034026811,4.02,2301379139,91910326,2393289465,3.84
20190623,13222949492,549972085,13772921577,3.99,2319747835,98795321,2418543156,4.08
20190624,14376063457,587217032,14963280489,3.92,2426769148,108064146,2534833294,4.26
20190625,14281192556,599080471,14880273027,4.03,2474825304,103457345,2578282649,4.01
20190626,10286554847,618308383,10904863230,5.67,2487361885,105585654,2592947539,4.07
20190627,14202334668,587284722,14789619390,3.97,2438184634,102974262,2541158896,4.05
20190628,14013239854,616458753,14629698607,4.21,2405996627,92943130,2498939757,3.72
20190629,12982262215,766535799,13748798014,5.58,2289982156,76097167,2366079323,3.22
20190630,12845943486,860636701,13706580187,6.28,2289421278,83446446,2372867724,3.52
20190701,14073132472,685193606,14758326078,4.64,2424879315,94373128,2519252443,3.75
20190702,14343916105,678748629,15022664734,4.52,2457250816,91989397,2549240213,3.61
20190703,13948878689,611269558,14560148247,4.2,2385720460,89171690,2474892150,3.6
20190704,13368014904,610091833,13978106737,4.36,2362823682,90692920,2453516602,3.7
20190705,13383465297,620888163,14004353460,4.43,2437467756,86625709,2524093465,3.43
20190706,12725674516,606096166,13331770682,4.55,2344887347,83218506,2428105853,3.43
20190707,12505653630,596277047,13101930677,4.55,2309189657,87227523,2396417180,3.64
20190708,13747621716,624161994,14371783710,4.34,2426506836,93223858,2519730694,3.7
20190709,13236046941,635319062,13871366003,4.58,2418703375,87959170,2506662545,3.51
20190710,13374853820,626987081,14001840901,4.48,2391338094,84468001,2475806095,3.41
20190711,13592808296,616054466,14208862762,4.34,2396956463,85557468,2482513931,3.45
20190712,13467681329,750708495,14218389824,5.28,2419286044,87335470,2506621514,3.48
20190713,12887731303,731710364,13619441667,5.37,2341817779,89461334,2431279113,3.68
20190714,12792212471,732419473,13524631944,5.42,2331927027,92434652,2424361679,3.81
20190715,13835080856,767806726,14602887582,5.26,2363959371,97313494,2461272865,3.95
20190716,13942781092,771021427,14713802519,5.24,2360034164,92155927,2452190091,3.76
20190717,13804468809,761839620,14566308429,5.23,2316150039,72795220,2388945259,3.05
20190718,13780755063,754778167,14535533230,5.19,2335356768,70069309,2405426077,2.91
20190719,14053531428,768086136,14821617564,5.18,2350419570,67783658,2418203228,2.8
20190720,13252427451,735514350,13987941801,5.26,2303188942,66322125,2369511067,2.8
20190721,12677305589,731090855,13408396444,5.45,2253589264,65523966,2319113230,2.83
20190722,13924858016,774037915,14698895931,5.27,2292423879,70527832,2362951711,2.98
20190723,13929064190,813586832,14742651022,5.52,2306920801,72556645,2379477446,3.05
20190724,13913958247,801093747,14715051994,5.44,2253323469,69361675,2322685144,2.99
20190725,13469203957,796258098,14265462055,5.58,2267037483,71623861,2338661344,3.06
20190726,13466216491,861967794,14328184285,6.02,2260543651,68789504,2329333155,2.95
20190727,12978903477,1019975467,13998878944,7.29,2154857203,66902877,2221760080,3.01
20190728,12701214653,1033697864,13734912517,7.53,2150042654,65830879,2215873533,2.97
20190729,13644339704,782701949,14427041653,5.43,2214884621,67580234,2282464855,2.96
20190730,13690813980,783412985,14474226965,5.41,2346313259,71915169,2418228428,2.97
20190731,13793430492,790331515,14583762007,5.42,2263535725,66262559,2329798284,2.84
20190801,13818049506,982302441,14800351947,6.64,2311815068,67161877,2378976945,2.82
20190802,13928418029,1076386079,15004804108,7.17,2356478294,70408176,2426886470,2.9
20190803,13034900438,1038519172,14073419610,7.38,2298210652,77663882,2375874534,3.27
20190804,12867292585,1042591837,13909884422,7.5,2283777382,82527721,2366305103,3.49
20190805,13840904100,1016278331,14857182431,6.84,2302864069,76740094,2379604163,3.22
20190806,13888354806,820076238,14708431044,5.58,2340785477,77374578,2418160055,3.2
20190807,13646503168,784321106,14430824274,5.44,2311024826,78302693,2389327519,3.28
20190808,13501584271,819664588,14321248859,5.72,2319185328,73210329,2392395657,3.06
20190809,13539003668,802188379,14341192047,5.59,2352293758,71536161,2423829919,2.95
20190810,12694506155,756002748,13450508903,5.62,2246281388,69993425,2316274813,3.02
20190811,12408106877,727513752,13135620629,5.54,2227426704,69949822,2297376526,3.04
20190812,13428758581,754940086,14183698667,5.32,2371442239,71084879,2442527118,2.91
20190813,13267878788,766255884,14034134672,5.46,2362004892,71528964,2433533856,2.94
20190814,13733044112,743511886,14476555998,5.14,2511627328,77877308,2589504636,3.01
20190815,15339179356,933002281,16272181637,5.73,2874199366,99208949,2973408315,3.34
20190816,15570691590,909352473,16480044063,5.52,2767478846,97646644,2865125490,3.41
20190817,12672270944,709248975,13381519919,5.3,2220031604,73394723,2293426327,3.2
20190818,12568200725,739812821,13308013546,5.56,2218346995,73830754,2292177749,3.22
20190819,13460525099,754440229,14214965328,5.31,2279946745,75371639,2355318384,3.2
20190820,13463762775,745158961,14208921736,5.24,2316035000,77316656,2393351656,3.23
20190821,13580671261,760217625,14340888886,5.3,2305170376,77462038,2382632414,3.25
20190822,13758773191,778963075,14537736266,5.36,2307667481,77741203,2385408684,3.26
20190823,13651477442,783592431,14435069873,5.43,2496691750,69773365,2566465115,2.72
20190824,12718407739,754069560,13472477299,5.6,2332208736,61529672,2393738408,2.57
20190825,12493875021,763887028,13257762049,5.76,2298956931,62051635,2361008566,2.63
20190826,13748913888,792568305,14541482193,5.45,2462444090,61868277,2524312367,2.45
20190827,13909862813,818790221,14728653034,5.56,2536417210,62062559,2598479769,2.39
20190828,14593330318,779942620,15373272938,5.07,2637168871,66865796,2704034667,2.47
20190829,14032221498,776363995,14808585493,5.24,2558665894,61560461,2620226355,2.35
20190830,13928624795,800480890,14729105685,5.43,2549945534,57738090,2607683624,2.21
20190831,13097566497,752813325,13850379822,5.44,2476115410,54516745,2530632155,2.15
20190901,12729348426,720887835,13450236261,5.36,2422100941,53438162,2475539103,2.16
20190902,13560388905,761301885,14321690790,5.32,2550781827,69374798,2620156625,2.65
20190903,13781638408,755015020,14536653428,5.19,2568002220,80674589,2648676809,3.05
20190904,14219061707,786384956,15005446663,5.24,2615672499,79341076,2695013575,2.94
20190905,14009983474,777617269,14787600743,5.26,2602461173,81307233,2683768406,3.03
20190906,16482457263,755664629,17238121892,4.38,2838618131,82009278,2920627409,2.81
20190907,13702951472,750723470,14453674942,5.19,2526289334,85646865,2611936199,3.28
20190908,14238919065,819623001,15058542066,5.44,2671102844,82551465,2753654309,3.0
20190909,14517464286,793911719,15311376005,5.19,2702962221,83291742,2786253963,2.99
20190910,13759390702,746226448,14505617150,5.14,2546132924,83504589,2629637513,3.18
20190911,13947423037,773795122,14721218159,5.26,2572407399,84106079,2656513478,3.17
20190912,14081613485,789117733,14870731218,5.31,2611541419,78896268,2690437687,2.93
20190913,13993400623,781001115,14774401738,5.29,2673619377,77897684,2751517061,2.83
20190914,13363400739,792114614,14155515353,5.6,2534694444,75881910,2610576354,2.91
20190915,13110192482,751474333,13861666815,5.42,2512500137,76922340,2589422477,2.97
20190916,13956130274,752360982,14708491256,5.12,2679521867,81429497,2760951364,2.95
20190917,14236730792,808729191,15045459983,5.38,2683202795,81845591,2765048386,2.96
20190918,14381988841,794780379,15176769220,5.24,2715089656,82387155,2797476811,2.95
20190919,14484119670,856562815,15340682485,5.58,2709463420,86449843,2795913263,3.09
20190920,14308597244,809768669,15118365913,5.36,2770254923,86244014,2856498937,3.02
20190921,13604697372,943583356,14548280728,6.49,2618427745,80945038,2699372783,3.0
20190922,13208459029,889979645,14098438674,6.31,2634319292,82036209,2716355501,3.02
20190923,14090946813,848055504,14939002317,5.68,2753936315,83989526,2837925841,2.96
20190924,14132521911,841672129,14974194040,5.62,2754736676,85830884,2840567560,3.02
20190925,13881265425,793675460,14674940885,5.41,2671413164,82455624,2753868788,2.99
20190926,13888770857,780836659,14669607516,5.32,2669014449,87804476,2756818925,3.18
20190927,13804974876,886964793,14691939669,6.04,2704449285,96743462,2801192747,3.45
20190928,13026099954,805161212,13831261166,5.82,2581586470,93966808,2675553278,3.51
20190929,12790011590,812263156,13602274746,5.97,2629168377,113897326,2743065703,4.15
20190930,13575680738,879238025,14454918763,6.08,2649897052,100408608,2750305660,3.65
20191001,13947900897,826593177,14774494074,5.59,2715389691,103093115,2818482806,3.66
20191002,14230652111,894081554,15124733665,5.91,2763563009,108183025,2871746034,3.77
20191003,14483877400,906632341,15390509741,5.89,2928570944,140627243,3069198187,4.58
20191004,15055989355,879677381,15935666736,5.52,2786565158,102248623,2888813781,3.54
20191005,14808944216,878147766,15687091982,5.6,2681184554,91959921,2773144475,3.32
20191006,15460061773,907594084,16367655857,5.55,2645619409,87595548,2733214957,3.2
20191007,7958273207,701656944,8659930151,8.1,1033465210,37192047,1070657257,3.47
20191008,15800407863,898056170,16698464033,5.38,2536973848,43087441,2580061289,1.67
20191009,15224710435,820012301,16044722736,5.11,2149296375,38582709,2187879084,1.76
20191010,15418970392,825296156,16244266548,5.08,2216090833,51625788,2267716621,2.28
20191011,15511354480,900604468,16411958948,5.49,2642184330,172838406,2815022736,6.14
20191012,13845073795,971171942,14816245737,6.55,2338396534,78741112,2417137646,3.26
20191013,13619301007,855630705,14474931712,5.91,2325996414,72030996,2398027410,3.0
20191014,14172654260,789798293,14962452553,5.28,2350307076,72556467,2422863543,2.99
20191015,14419328515,919248120,15338576635,5.99,2316431339,81564934,2397996273,3.4
20191016,14605894954,768433118,15374328072,5.0,2418360754,85379098,2503739852,3.41
20191017,14635028215,773368452,15408396667,5.02,2433687392,88704661,2522392053,3.52
20191018,16413252233,858508381,17271760614,4.97,2822927949,91856608,2914784557,3.15
20191019,14201867378,733335170,14935202548,4.91,2280337020,84905886,2365242906,3.59
20191020,14140642170,735987256,14876629426,4.95,2166561267,78244332,2244805599,3.49
20191021,15131139279,741422892,15872562171,4.67,2223612991,91337201,2314950192,3.95
20191022,15191397455,752133386,15943530841,4.72,2257557435,92707092,2350264527,3.94
20191023,14684401284,745017028,15429418312,4.83,2290854463,95371301,2386225764,4.0
20191024,14847195355,740427781,15587623136,4.75,2298400781,90655694,2389056475,3.79
20191025,15059186010,746215581,15805401591,4.72,2331479942,97484954,2428964896,4.01
20191026,14226006020,718014590,14944020610,4.8,2316208551,96389822,2412598373,4.0
20191027,13865924199,732193639,14598117838,5.02,2284554701,94521570,2379076271,3.97
20191028,14719584753,764978731,15484563484,4.94,2440002934,122434768,2562437702,4.78
20191029,14846902387,777274777,15624177164,4.97,2373491947,109945469,2483437416,4.43
20191030,14881977653,773901958,15655879611,4.94,2494372491,154831337,2649203828,5.84
20191031,14965948076,810823814,15776771890,5.14,2707290423,226886460,2934176883,7.73
20191101,14943069326,787078051,15730147377,5.0,2553895074,134552467,2688447541,5.0
20191102,14490697958,735966888,15226664846,4.83,2445469576,143571262,2589040838,5.55
20191103,14129010067,700352779,14829362846,4.72,2330699118,118410219,2449109337,4.83
20191104,14894893367,760225582,15655118949,4.86,2453119322,120645551,2573764873,4.69
20191105,15082761987,797528520,15880290507,5.02,2504341523,126045135,2630386658,4.79
20191106,14987741047,788135223,15775876270,5.0,2936464994,122641658,3059106652,4.01
