#date,queriesUDP_IPV4,queriesTCP_IPv4,queriesTOTAL_IPv4,ratioTCP_IPv4,queriesUDP_IPV6,queriesTCP_IPv6,queriesTOTAL_IPv6,ratioTCP_IPv6
20150327,844311912,138953,844450865,0.02,81088636,51486,81140122,0.06
20150328,920762045,132609,920894654,0.01,84117376,63122,84180498,0.07
20150329,860104672,128041,860232713,0.01,86902114,60990,86963104,0.07
20150330,866030524,133837,866164361,0.02,79167841,56423,79224264,0.07
20150331,850277760,125986,850403746,0.01,78356918,48859,78405777,0.06
20150401,737081653,210909,737292562,0.03,68583365,44293,68627658,0.06
20150402,809487754,243968,809731722,0.03,73780380,43254,73823634,0.06
20150403,814056074,215011,814271085,0.03,76968907,46470,77015377,0.06
20150404,809229781,212733,809442514,0.03,75222696,53584,75276280,0.07
20150405,779438465,211626,779650091,0.03,75083503,60174,75143677,0.08
20150406,762709932,266707,762976639,0.03,69032134,53621,69085755,0.08
20150407,794409856,270209,794680065,0.03,69106224,52685,69158909,0.08
20150408,734233917,277202,734511119,0.04,65188787,43416,65232203,0.07
20150409,716557422,321375,716878797,0.04,63112263,41827,63154090,0.07
20150410,801583424,227034,801810458,0.03,70737972,48998,70786970,0.07
20150411,796536356,228550,796764906,0.03,74251525,58470,74309995,0.08
20150412,823326240,214888,823541128,0.03,76708949,60373,76769322,0.08
20150413,827833207,210212,828043419,0.03,72984990,49293,73034283,0.07
20150414,815973137,192920,816166057,0.02,74362291,40952,74403243,0.06
20150415,1007377819,219482,1007597301,0.02,92642736,61181,92703917,0.07
20150416,947920813,221830,948142643,0.02,85048185,62665,85110850,0.07
20150417,809177150,170891,809348041,0.02,74833140,45899,74879039,0.06
20150418,820801150,172313,820973463,0.02,82111979,52683,82164662,0.06
20150419,826990561,184225,827174786,0.02,77170043,51116,77221159,0.07
20150420,782186535,179481,782366016,0.02,66816774,40278,66857052,0.06
20150421,757230426,198704,757429130,0.03,69630600,43410,69674010,0.06
20150422,804360004,188488,804548492,0.02,71450060,39354,71489414,0.06
20150423,793996311,184851,794181162,0.02,72197356,40553,72237909,0.06
20150424,770660463,202820,770863283,0.03,72000006,44628,72044634,0.06
20150425,838723700,201261,838924961,0.02,84076602,57209,84133811,0.07
20150426,859471035,169012,859640047,0.02,86887672,56455,86944127,0.06
20150427,825577578,145352,825722930,0.02,68004362,39200,68043562,0.06
20150428,813515949,162579,813678528,0.02,68622913,40214,68663127,0.06
20150429,798669786,166149,798835935,0.02,69889121,40562,69929683,0.06
20150430,846447309,138715,846586024,0.02,77621413,53545,77674958,0.07
20150501,863194354,121812,863316166,0.01,83380148,50190,83430338,0.06
20150502,858264381,134886,858399267,0.02,83272237,52082,83324319,0.06
20150503,861946555,127876,862074431,0.01,89336689,62838,89399527,0.07
20150504,845287226,136338,845423564,0.02,80099525,53962,80153487,0.07
20150505,823151633,133793,823285426,0.02,73733286,45636,73778922,0.06
20150506,805098392,128657,805227049,0.02,74605149,42395,74647544,0.06
20150507,823809915,124780,823934695,0.02,77478059,42784,77520843,0.06
20150508,828380057,134084,828514141,0.02,76703485,39290,76742775,0.05
20150509,861618531,147373,861765904,0.02,85732841,49907,85782748,0.06
20150510,889522446,152168,889674614,0.02,89037578,56510,89094088,0.06
20150511,826141730,138042,826279772,0.02,80467256,50053,80517309,0.06
20150512,825699463,133991,825833454,0.02,78879347,45425,78924772,0.06
20150513,851957321,107771,852065092,0.01,64065110,32252,64097362,0.05
20150514,898789400,95453,898884853,0.01,65122045,18402,65140447,0.03
20150515,774528828,129111,774657939,0.02,73430367,32574,73462941,0.04
20150516,854594127,140375,854734502,0.02,83692714,48483,83741197,0.06
20150517,908278107,132445,908410552,0.01,83213767,47947,83261714,0.06
20150518,847807879,120579,847928458,0.01,69715129,36967,69752096,0.05
20150519,776071119,121497,776192616,0.02,66601284,27247,66628531,0.04
20150520,827905801,104181,828009982,0.01,58979659,26097,59005756,0.04
20150521,803507012,101732,803608744,0.01,63099636,25690,63125326,0.04
20150522,829175871,113624,829289495,0.01,70941973,30963,70972936,0.04
20150523,840296943,128454,840425397,0.02,85374376,46031,85420407,0.05
20150524,860687314,137066,860824380,0.02,94001190,61860,94063050,0.07
20150525,892166037,138858,892304895,0.02,82004682,52625,82057307,0.06
20150526,827681348,120148,827801496,0.01,73066167,39291,73105458,0.05
20150527,797139828,118207,797258035,0.01,72365064,38879,72403943,0.05
20150528,801121690,129083,801250773,0.02,72323309,35883,72359192,0.05
20150529,836280401,112790,836393191,0.01,74977590,39545,75017135,0.05
20150530,874118471,112387,874230858,0.01,82512698,52896,82565594,0.06
20150531,887368169,133452,887501621,0.02,86325009,62931,86387940,0.07
20150601,831324253,131948,831456201,0.02,69993813,42265,70036078,0.06
20150602,842231190,122217,842353407,0.01,73758375,44863,73803238,0.06
20150603,815729589,116145,815845734,0.01,75429255,41440,75470695,0.05
20150604,816905371,126734,817032105,0.02,77638987,42610,77681597,0.05
20150605,843571155,122964,843694119,0.01,75402786,40404,75443190,0.05
20150606,908000435,122307,908122742,0.01,79255169,46094,79301263,0.06
20150607,834442092,134839,834576931,0.02,72300870,46942,72347812,0.06
20150608,778573907,153596,778727503,0.02,72649788,45568,72695356,0.06
20150609,828137088,154357,828291445,0.02,70855750,42103,70897853,0.06
20150610,833082652,115518,833198170,0.01,74538342,38072,74576414,0.05
20150611,831983750,123266,832107016,0.01,73014630,40717,73055347,0.06
20150612,836783170,118752,836901922,0.01,77024786,43772,77068558,0.06
20150613,899914641,120696,900035337,0.01,83038432,49808,83088240,0.06
20150614,925288161,130159,925418320,0.01,81988501,51995,82040496,0.06
20150615,935044082,113857,935157939,0.01,72601944,44194,72646138,0.06
20150616,896645401,106308,896751709,0.01,70976983,39313,71016296,0.06
20150617,829195121,110526,829305647,0.01,73682678,32965,73715643,0.04
20150618,856452868,126504,856579372,0.01,77734423,40418,77774841,0.05
20150619,939898043,116538,940014581,0.01,80264156,40884,80305040,0.05
20150620,859038394,125557,859163951,0.01,88062411,54588,88116999,0.06
20150621,911277040,137379,911414419,0.02,90285004,59917,90344921,0.07
20150622,890356755,120126,890476881,0.01,79825991,44984,79870975,0.06
20150623,829364565,131185,829495750,0.02,81367755,41054,81408809,0.05
20150624,838523648,136728,838660376,0.02,89751192,40352,89791544,0.04
20150625,847809126,138461,847947587,0.02,87633045,40246,87673291,0.05
20150626,855590834,142201,855733035,0.02,83925254,40899,83966153,0.05
20150627,864314947,129246,864444193,0.01,88363632,48925,88412557,0.06
20150628,882205919,131947,882337866,0.01,91422000,57629,91479629,0.06
20150629,872439037,137876,872576913,0.02,83013414,49952,83063366,0.06
20150630,862555096,127785,862682881,0.01,81177123,45994,81223117,0.06
20150701,840807953,133800,840941753,0.02,82276193,46465,82322658,0.06
20150702,847577131,137001,847714132,0.02,86359344,47252,86406596,0.05
20150703,748659433,153586,748813019,0.02,72225630,41125,72266755,0.06
20150704,595547001,308824,595855825,0.05,52608471,27560,52636031,0.05
20150705,892665717,197246,892862963,0.02,92537416,62413,92599829,0.07
20150706,853386390,141819,853528209,0.02,85036556,54245,85090801,0.06
20150707,905619855,147901,905767756,0.02,84019332,50352,84069684,0.06
20150708,872499761,123574,872623335,0.01,79623694,38130,79661824,0.05
20150709,833065573,114394,833179967,0.01,79701347,40421,79741768,0.05
20150710,936101526,126867,936228393,0.01,84250922,48029,84298951,0.06
20150711,1114666222,118732,1114784954,0.01,77619017,44006,77663023,0.06
20150712,1070927234,108011,1071035245,0.01,76195247,36929,76232176,0.05
20150713,965067384,110647,965178031,0.01,70476138,33176,70509314,0.05
20150714,958125707,112994,958238701,0.01,69751849,32053,69783902,0.05
20150715,950068485,115051,950183536,0.01,66759646,25506,66785152,0.04
20150716,963533704,106889,963640593,0.01,67720332,25350,67745682,0.04
20150717,1017795061,111112,1017906173,0.01,69557531,29865,69587396,0.04
20150718,1056117295,121293,1056238588,0.01,78539257,42799,78582056,0.05
20150719,1074350539,116596,1074467135,0.01,75124963,35484,75160447,0.05
20150720,1175543486,136814,1175680300,0.01,92462164,37853,92500017,0.04
20150721,1469578620,237590,1469816210,0.02,112579684,57829,112637513,0.05
20150722,1379703051,225825,1379928876,0.02,104149562,42272,104191834,0.04
20150723,1431984878,228558,1432213436,0.02,102318123,39019,102357142,0.04
20150724,1431677859,211846,1431889705,0.01,101798073,39507,101837580,0.04
20150725,1395363350,200934,1395564284,0.01,107003576,51836,107055412,0.05
20150726,1402192621,193414,1402386035,0.01,106819724,51794,106871518,0.05
20150727,1618675068,236737,1618911805,0.01,105636763,45857,105682620,0.04
20150728,1491783574,205289,1491988863,0.01,105838621,38084,105876705,0.04
20150729,1382840694,213863,1383054557,0.02,102163791,37763,102201554,0.04
20150730,1329651741,216820,1329868561,0.02,98822545,34713,98857258,0.04
20150731,1388430661,225333,1388655994,0.02,99891220,34821,99926041,0.03
20150801,1393424539,227109,1393651648,0.02,104611242,49904,104661146,0.05
20150802,1361062317,212698,1361275015,0.02,102034913,44159,102079072,0.04
20150803,1429324928,253773,1429578701,0.02,111242172,47109,111289281,0.04
20150804,1423330340,274357,1423604697,0.02,106546638,40294,106586932,0.04
20150805,1386473417,249128,1386722545,0.02,96628744,31377,96660121,0.03
20150806,1371438728,220711,1371659439,0.02,96183828,30385,96214213,0.03
20150807,1323517296,211095,1323728391,0.02,93040663,30602,93071265,0.03
20150808,1411139645,184964,1411324609,0.01,98202262,44451,98246713,0.05
20150809,1466384518,174484,1466559002,0.01,104559452,49141,104608593,0.05
20150810,1846464018,272993,1846737011,0.01,138287576,134699,138422275,0.1
20150811,2237022425,261890,2237284315,0.01,186000300,209457,186209757,0.11
20150812,2317611152,251942,2317863094,0.01,169798286,210962,170009248,0.12
20150813,2334861189,260778,2335121967,0.01,176283368,218112,176501480,0.12
20150814,2240638059,207202,2240845261,0.01,175036125,213432,175249557,0.12
20150815,1984339577,108673,1984448250,0.01,161799801,197125,161996926,0.12
20150816,2064170688,105498,2064276186,0.01,157170888,199049,157369937,0.13
20150817,2496662069,253006,2496915075,0.01,172273409,232676,172506085,0.13
20150818,2211308719,231031,2211539750,0.01,174839515,258672,175098187,0.15
20150819,2161946446,263614,2162210060,0.01,176146144,272646,176418790,0.15
20150820,2331685336,193313,2331878649,0.01,176773485,295340,177068825,0.17
20150821,2300895405,182838,2301078243,0.01,173035006,288836,173323842,0.17
20150822,2014491873,116664,2014608537,0.01,158815745,273162,159088907,0.17
20150823,1977443035,112918,1977555953,0.01,158592070,273920,158865990,0.17
20150824,2314410126,194783,2314604909,0.01,174363352,291599,174654951,0.17
20150825,2299829289,208853,2300038142,0.01,173637992,263260,173901252,0.15
20150826,2232570008,218599,2232788607,0.01,174770016,284527,175054543,0.16
20150827,2263318827,187816,2263506643,0.01,177979805,317117,178296922,0.18
20150828,2341722010,219954,2341941964,0.01,171784779,317982,172102761,0.18
20150829,2205072435,143136,2205215571,0.01,153768353,289756,154058109,0.19
20150830,2001657177,118894,2001776071,0.01,155561883,293864,155855747,0.19
20150831,2253366582,231056,2253597638,0.01,173056229,334238,173390467,0.19
20150901,2500240768,271812,2500512580,0.01,175042248,297415,175339663,0.17
20150902,2463446623,235010,2463681633,0.01,177189388,283250,177472638,0.16
20150903,2336531104,264476,2336795580,0.01,174070985,277619,174348604,0.16
20150904,2229054596,200180,2229254776,0.01,175132831,280563,175413394,0.16
20150905,2167248640,171033,2167419673,0.01,160779361,269125,161048486,0.17
20150906,2164949100,170602,2165119702,0.01,156682973,271975,156954948,0.17
20150907,2277069676,251922,2277321598,0.01,166227350,273336,166500686,0.16
20150908,2350855974,279037,2351135011,0.01,175271184,295171,175566355,0.17
20150909,2735364036,339785,2735703821,0.01,177784009,311826,178095835,0.18
20150910,2576196090,348184,2576544274,0.01,174130786,301006,174431792,0.17
20150911,2394756325,269046,2395025371,0.01,177283739,282544,177566283,0.16
20150912,2460815538,213817,2461029355,0.01,166414579,258551,166673130,0.16
20150913,2424948198,187861,2425136059,0.01,161243893,258791,161502684,0.16
20150914,2342706691,238368,2342945059,0.01,173846277,306733,174153010,0.18
20150915,2347041225,244705,2347285930,0.01,180274946,323805,180598751,0.18
20150916,2476592626,276315,2476868941,0.01,183646726,311619,183958345,0.17
20150917,2467105216,268564,2467373780,0.01,181998695,308179,182306874,0.17
20150918,2346241051,257754,2346498805,0.01,178891158,345031,179236189,0.19
20150919,2149057938,167779,2149225717,0.01,167912081,326399,168238480,0.19
20150920,2362674707,168008,2362842715,0.01,168068529,319090,168387619,0.19
20150921,2450370609,240596,2450611205,0.01,177748008,330803,178078811,0.19
20150922,1828625594,253802,1828879396,0.01,183221637,336265,183557902,0.18
20150923,1834858006,227580,1835085586,0.01,181529529,334179,181863708,0.18
20150924,1957010404,223504,1957233908,0.01,181047288,350696,181397984,0.19
20150925,1998041470,212981,1998254451,0.01,178075665,342561,178418226,0.19
20150926,1619364124,160535,1619524659,0.01,162597089,312504,162909593,0.19
20150927,1604914157,163778,1605077935,0.01,163331903,305367,163637270,0.19
20150928,1991636859,210403,1991847262,0.01,184199165,330601,184529766,0.18
20150929,2019005439,233425,2019238864,0.01,184138673,340862,184479535,0.18
20150930,1983856159,229579,1984085738,0.01,179934921,323877,180258798,0.18
20151001,1969332595,277218,1969609813,0.01,184470985,322579,184793564,0.17
20151002,1996808711,225286,1997033997,0.01,180311567,316069,180627636,0.17
20151003,1804903915,150543,1805054458,0.01,169890979,285578,170176557,0.17
20151004,1654800294,164308,1654964602,0.01,169298838,286872,169585710,0.17
20151005,1973174024,189504,1973363528,0.01,182714683,297610,183012293,0.16
20151006,2026847584,204973,2027052557,0.01,186231276,316159,186547435,0.17
20151007,2059752682,223477,2059976159,0.01,185959992,313803,186273795,0.17
20151008,2050071627,261916,2050333543,0.01,182640113,311823,182951936,0.17
20151009,2022169121,246552,2022415673,0.01,183026636,306567,183333203,0.17
20151010,1759565849,208243,1759774092,0.01,153422711,232428,153655139,0.15
20151011,1771219897,179438,1771399335,0.01,178220770,290286,178511056,0.16
20151012,1833233003,193091,1833426094,0.01,193189130,303599,193492729,0.16
20151013,1907860584,199297,1908059881,0.01,201477994,324997,201802991,0.16
20151014,2075482552,232761,2075715313,0.01,200333198,300349,200633547,0.15
20151015,2050781362,245849,2051027211,0.01,205556026,303879,205859905,0.15
20151016,1955544976,262916,1955807892,0.01,202216118,336502,202552620,0.17
20151017,1716647936,219833,1716867769,0.01,187729022,298889,188027911,0.16
20151018,1774190985,261884,1774452869,0.01,189111454,287670,189399124,0.15
20151019,2044539582,306126,2044845708,0.01,197404253,321997,197726250,0.16
20151020,2086201625,356376,2086558001,0.02,207259712,310492,207570204,0.15
20151021,2216614291,333207,2216947498,0.02,205346999,314507,205661506,0.15
20151022,2363483672,337277,2363820949,0.01,208629428,311913,208941341,0.15
20151023,2223335133,314722,2223649855,0.01,205151591,295778,205447369,0.14
20151024,1851691652,209399,1851901051,0.01,197354590,241466,197596056,0.12
20151025,1779416342,235917,1779652259,0.01,198488420,268529,198756949,0.14
20151026,2056485092,293751,2056778843,0.01,207226337,285460,207511797,0.14
20151027,2117850691,370737,2118221428,0.02,214141668,318306,214459974,0.15
20151028,2096490106,404459,2096894565,0.02,219995574,341458,220337032,0.15
20151029,2069110232,379151,2069489383,0.02,209548701,358191,209906892,0.17
20151030,2022626503,433506,2023060009,0.02,207405882,305677,207711559,0.15
20151031,1792324760,498235,1792822995,0.03,191141499,278436,191419935,0.15
20151101,1750613814,441210,1751055024,0.03,193273421,273843,193547264,0.14
20151102,2051665188,537190,2052202378,0.03,204168511,338897,204507408,0.17
20151103,2187061925,514310,2187576235,0.02,211181270,319882,211501152,0.15
20151104,2193266192,562018,2193828210,0.03,219064602,303432,219368034,0.14
20151105,2168164836,359092,2168523928,0.02,221069051,285478,221354529,0.13
20151106,2092042470,284970,2092327440,0.01,219773400,315443,220088843,0.14
20151107,2025489906,260202,2025750108,0.01,203079204,273166,203352370,0.13
20151108,2045903417,231463,2046134880,0.01,203612435,293624,203906059,0.14
20151109,2156627332,309858,2156937190,0.01,213914136,325756,214239892,0.15
20151110,2105249998,314969,2105564967,0.01,216810580,306120,217116700,0.14
20151111,2247851565,295808,2248147373,0.01,219865574,298960,220164534,0.14
20151112,2344728784,469015,2345197799,0.02,219997232,308508,220305740,0.14
20151113,2105625081,330635,2105955716,0.02,221664735,309375,221974110,0.14
20151114,1907968961,267446,1908236407,0.01,211817826,292741,212110567,0.14
20151115,2116659375,235058,2116894433,0.01,214898473,293573,215192046,0.14
20151116,2367048640,348267,2367396907,0.01,224295795,307385,224603180,0.14
20151117,2112061973,386972,2112448945,0.02,228218096,324815,228542911,0.14
20151118,2097923247,458017,2098381264,0.02,224136414,305972,224442386,0.14
20151119,2209008071,375946,2209384017,0.02,219327281,313405,219640686,0.14
20151120,2335448059,446506,2335894565,0.02,214761244,345778,215107022,0.16
20151121,2212910119,435075,2213345194,0.02,204637777,293116,204930893,0.14
20151122,2006153332,390553,2006543885,0.02,205200942,304258,205505200,0.15
20151123,2294813947,415061,2295229008,0.02,213773587,298109,214071696,0.14
20151124,2380837979,423099,2381261078,0.02,214576388,311496,214887884,0.14
20151125,2318086404,367359,2318453763,0.02,218585464,313664,218899128,0.14
20151126,2105039758,441502,2105481260,0.02,211007858,353636,211361494,0.17
20151127,2138803926,444108,2139248034,0.02,215374887,357274,215732161,0.17
20151128,2115182302,353662,2115535964,0.02,203124086,335878,203459964,0.17
20151129,2195609872,338117,2195947989,0.02,205346294,336986,205683280,0.16
20151130,4434199315,408980,4434608295,0.01,200114394,316308,200430702,0.16
20151201,3361751154,603813,3362354967,0.02,225516823,329062,225845885,0.15
20151202,2934940661,707307,2935647968,0.02,236426927,342701,236769628,0.14
20151203,2953925163,653127,2954578290,0.02,229348375,339494,229687869,0.15
20151204,2962602325,716999,2963319324,0.02,235636046,368163,236004209,0.16
20151205,2703176590,551048,2703727638,0.02,229874493,368649,230243142,0.16
20151206,2923730125,534513,2924264638,0.02,227766942,345336,228112278,0.15
20151207,3095143867,883355,3096027222,0.03,234096094,313807,234409901,0.13
20151208,3017431423,994930,3018426353,0.03,235026439,398907,235425346,0.17
20151209,3020022040,1150032,3021172072,0.04,232444102,373406,232817508,0.16
20151210,3139572756,1154213,3140726969,0.04,232869373,331392,233200765,0.14
20151211,3099037059,1106957,3100144016,0.04,231938046,323692,232261738,0.14
20151212,2788159337,1145240,2789304577,0.04,222368239,338995,222707234,0.15
20151213,2772503482,1125649,2773629131,0.04,230243112,337891,230581003,0.15
20151214,2703727598,1661338,2705388936,0.06,207840635,284299,208124934,0.14
20151215,911642994,280719,911923713,0.03,76036840,102565,76139405,0.13
20151216,2878312516,1697452,2880009968,0.06,231994523,323861,232318384,0.14
20151217,2943400163,1434161,2944834324,0.05,247281558,345039,247626597,0.14
20151218,2948661644,1034343,2949695987,0.04,230532755,306329,230839084,0.13
20151219,2618646669,901835,2619548504,0.03,244438455,341746,244780201,0.14
20151220,2539064404,807523,2539871927,0.03,243012112,337599,243349711,0.14
20151221,2693432091,1101208,2694533299,0.04,246603800,303179,246906979,0.12
20151222,2719027065,726070,2719753135,0.03,254577245,333245,254910490,0.13
20151223,2678253385,506853,2678760238,0.02,260268754,331202,260599956,0.13
20151224,2455463711,418972,2455882683,0.02,247689258,316877,248006135,0.13
20151225,2238497573,363914,2238861487,0.02,236062287,325744,236388031,0.14
20151226,2311168102,434728,2311602830,0.02,239713904,313744,240027648,0.13
20151227,2366182424,430540,2366612964,0.02,243381406,329188,243710594,0.14
20151228,2713045439,568924,2713614363,0.02,255828955,335362,256164317,0.13
20151229,2671416707,553044,2671969751,0.02,261223780,373262,261597042,0.14
20151230,2683693957,509812,2684203769,0.02,251693144,341475,252034619,0.14
20151231,2680857470,651570,2681509040,0.02,238910129,392827,239302956,0.16
20160101,2507583175,454208,2508037383,0.02,234686727,393218,235079945,0.17
20160102,2535058208,453214,2535511422,0.02,234088564,330212,234418776,0.14
20160103,2490376512,443871,2490820383,0.02,237014702,336450,237351152,0.14
20160104,2807895074,637989,2808533063,0.02,244050059,332499,244382558,0.14
20160105,2788307625,614136,2788921761,0.02,245790772,364883,246155655,0.15
20160106,2697166171,590567,2697756738,0.02,245173081,363748,245536829,0.15
20160107,2752190860,570590,2752761450,0.02,254230964,357206,254588170,0.14
20160108,2808165639,609656,2808775295,0.02,247745344,352004,248097348,0.14
20160109,2682973641,391378,2683365019,0.01,246506594,351438,246858032,0.14
20160110,2535566111,329379,2535895490,0.01,245107868,349310,245457178,0.14
20160111,2762971860,453251,2763425111,0.02,250213217,365360,250578577,0.15
20160112,2817000037,446484,2817446521,0.02,255638521,360023,255998544,0.14
20160113,2780408046,441956,2780850002,0.02,255700162,375960,256076122,0.15
20160114,2767783680,440089,2768223769,0.02,253586283,350348,253936631,0.14
20160115,2752983084,413886,2753396970,0.02,249566515,358120,249924635,0.14
20160116,2534449683,320398,2534770081,0.01,241716625,338943,242055568,0.14
20160117,2536307839,337380,2536645219,0.01,247025186,341554,247366740,0.14
20160118,2754969108,474084,2755443192,0.02,258773625,357106,259130731,0.14
20160119,2877306758,650525,2877957283,0.02,253019872,403344,253423216,0.16
20160120,2889287762,524531,2889812293,0.02,248463135,356005,248819140,0.14
20160121,2895425986,495502,2895921488,0.02,250565469,371220,250936689,0.15
20160122,2896433451,556047,2896989498,0.02,249381589,354735,249736324,0.14
20160123,2580286892,475500,2580762392,0.02,236092143,338468,236430611,0.14
20160124,2600360940,454637,2600815577,0.02,243419571,337878,243757449,0.14
20160125,2934072303,583618,2934655921,0.02,248300686,362081,248662767,0.15
20160126,3036075913,583981,3036659894,0.02,271312708,359936,271672644,0.13
20160127,2980812028,721591,2981533619,0.02,269181607,364516,269546123,0.14
20160128,3104034568,621629,3104656197,0.02,258497308,350902,258848210,0.14
20160129,3026242738,645246,3026887984,0.02,251107508,360723,251468231,0.14
20160130,2714350211,536269,2714886480,0.02,236159836,341062,236500898,0.14
20160131,2635130614,546641,2635677255,0.02,235867970,333814,236201784,0.14
20160201,3008535080,707657,3009242737,0.02,243938193,354060,244292253,0.14
20160202,3056081368,616647,3056698015,0.02,247838510,390163,248228673,0.16
20160203,3129467571,614756,3130082327,0.02,252207971,375560,252583531,0.15
20160204,2992630696,659558,2993290254,0.02,250382652,392013,250774665,0.16
20160205,3031566910,507928,3032074838,0.02,245375620,389235,245764855,0.16
20160206,2799906355,395495,2800301850,0.01,231842517,342105,232184622,0.15
20160207,2733848859,501537,2734350396,0.02,231157423,362667,231520090,0.16
20160208,2829530711,508075,2830038786,0.02,243132758,367042,243499800,0.15
20160209,2947834917,727890,2948562807,0.02,252570386,388159,252958545,0.15
20160210,3145458026,580035,3146038061,0.02,257391817,426397,257818214,0.17
20160211,3004633419,568975,3005202394,0.02,254607975,414344,255022319,0.16
20160212,2967426263,637931,2968064194,0.02,250270020,440105,250710125,0.18
20160213,2770156736,558958,2770715694,0.02,242436947,447467,242884414,0.18
20160214,2740004976,560840,2740565816,0.02,242246084,386690,242632774,0.16
20160215,3004938828,683314,3005622142,0.02,250886026,370098,251256124,0.15
20160216,3034308162,784921,3035093083,0.03,254953463,458963,255412426,0.18
20160217,3011723589,770590,3012494179,0.03,254772321,654895,255427216,0.26
20160218,3039414029,927798,3040341827,0.03,258309813,663203,258973016,0.26
20160219,3032800385,790028,3033590413,0.03,256201120,677869,256878989,0.26
20160220,2824151289,822019,2824973308,0.03,247962718,641434,248604152,0.26
20160221,2734073827,667869,2734741696,0.02,250889345,634250,251523595,0.25
20160222,2979375841,790059,2980165900,0.03,254726388,664075,255390463,0.26
20160223,2982450071,765790,2983215861,0.03,262776464,675593,263452057,0.26
20160224,2998836784,734471,2999571255,0.02,268130971,681439,268812410,0.25
20160225,2936936960,793559,2937730519,0.03,262635225,636097,263271322,0.24
20160226,2912543314,854747,2913398061,0.03,253839524,632094,254471618,0.25
20160227,2600831359,787778,2601619137,0.03,245765352,628093,246393445,0.25
20160228,2610375154,687467,2611062621,0.03,248883159,629416,249512575,0.25
20160229,2908499068,761957,2909261025,0.03,253103656,622442,253726098,0.25
20160301,2936117778,848931,2936966709,0.03,270158394,682519,270840913,0.25
20160302,2864994008,1072074,2866066082,0.04,267480482,619462,268099944,0.23
20160303,2897476010,1243024,2898719034,0.04,261562936,575799,262138735,0.22
20160304,2854379928,1002287,2855382215,0.04,257013998,641473,257655471,0.25
20160305,2630042798,982395,2631025193,0.04,247231046,626780,247857826,0.25
20160306,2563996246,866386,2564862632,0.03,247328505,574116,247902621,0.23
20160307,2796826005,1065190,2797891195,0.04,251645607,618623,252264230,0.25
20160308,2916104133,1090991,2917195124,0.04,250638556,677293,251315849,0.27
20160309,2872073646,1118277,2873191923,0.04,255864204,696469,256560673,0.27
20160310,2814432541,976842,2815409383,0.03,256675860,671565,257347425,0.26
20160311,2856649133,991427,2857640560,0.03,250602458,666819,251269277,0.27
20160312,2723972142,850413,2724822555,0.03,263365749,665014,264030763,0.25
20160313,2686746925,680915,2687427840,0.03,267199159,658814,267857973,0.25
20160314,2863084497,865462,2863949959,0.03,271673934,656848,272330782,0.24
20160315,2929934579,988568,2930923147,0.03,270540320,684087,271224407,0.25
20160316,2860239144,1029767,2861268911,0.04,265541832,598277,266140109,0.22
20160317,2825546047,1006841,2826552888,0.04,263099276,567356,263666632,0.22
20160318,1857701387,598653,1858300040,0.03,177929738,432575,178362313,0.24
20160319,2648662879,682464,2649345343,0.03,271804545,723819,272528364,0.27
20160320,2645781222,825650,2646606872,0.03,264291875,580764,264872639,0.22
20160321,2885234718,711170,2885945888,0.02,280761962,774541,281536503,0.28
20160322,3077139565,715488,3077855053,0.02,300782764,734919,301517683,0.24
20160323,3092704011,769579,3093473590,0.02,299417837,406984,299824821,0.14
20160324,2977656702,638515,2978295217,0.02,295354787,368659,295723446,0.12
20160325,2825036310,765189,2825801499,0.03,283001271,353291,283354562,0.12
20160326,2760782135,932034,2761714169,0.03,269260511,358616,269619127,0.13
20160327,3025969303,518810,3026488113,0.02,261753921,361046,262114967,0.14
20160328,3004252565,693540,3004946105,0.02,280272008,379866,280651874,0.14
20160329,3154273146,673234,3154946380,0.02,290339101,456628,290795729,0.16
20160330,3095846746,800263,3096647009,0.03,291223964,463710,291687674,0.16
20160331,3036154907,864914,3037019821,0.03,288913432,432441,289345873,0.15
20160401,3058417182,871995,3059289177,0.03,280657588,439991,281097579,0.16
20160402,2791780824,647679,2792428503,0.02,267865622,439463,268305085,0.16
20160403,2685759928,623222,2686383150,0.02,273128858,451237,273580095,0.16
20160404,2937209258,667950,2937877208,0.02,285494370,447774,285942144,0.16
20160405,3003912406,757431,3004669837,0.03,285177324,437751,285615075,0.15
20160406,2988043651,829415,2988873066,0.03,284099523,478742,284578265,0.17
20160407,2990400425,867938,2991268363,0.03,280125167,455993,280581160,0.16
20160408,3003251285,868038,3004119323,0.03,278281860,433121,278714981,0.16
20160409,2784527226,1126023,2785653249,0.04,259419170,393590,259812760,0.15
20160410,2716479789,688336,2717168125,0.03,273076482,450073,273526555,0.16
20160411,2975020993,769525,2975790518,0.03,288166394,440900,288607294,0.15
20160412,2988154286,963859,2989118145,0.03,290902580,540393,291442973,0.19
20160413,3039878559,875081,3040753640,0.03,299040984,492405,299533389,0.16
20160414,3081377765,1008187,3082385952,0.03,318727115,675771,319402886,0.21
20160415,3045889003,764151,3046653154,0.03,309090198,521790,309611988,0.17
20160416,2826638207,756984,2827395191,0.03,302639965,554211,303194176,0.18
20160417,2764411322,648324,2765059646,0.02,301540917,531254,302072171,0.18
20160418,3016619808,726926,3017346734,0.02,314557703,526895,315084598,0.17
20160419,3007028226,760040,3007788266,0.03,319221601,537462,319759063,0.17
20160420,3004775498,724327,3005499825,0.02,326128707,540662,326669369,0.17
20160421,2830308462,845915,2831154377,0.03,317534729,498504,318033233,0.16
20160422,2932223064,818250,2933041314,0.03,309607419,569203,310176622,0.18
20160423,2740979762,773035,2741752797,0.03,295494564,521038,296015602,0.18
20160424,2683137258,607019,2683744277,0.02,287682222,238262,287920484,0.08
20160425,3011938793,815363,3012754156,0.03,312280133,299354,312579487,0.1
20160426,2907815595,959154,2908774749,0.03,302361397,608003,302969400,0.2
20160427,2922733945,932254,2923666199,0.03,296981053,585255,297566308,0.2
20160428,2976890330,986224,2977876554,0.03,295266837,551927,295818764,0.19
20160429,2920289277,943699,2921232976,0.03,294244052,567818,294811870,0.19
20160430,2669345748,687010,2670032758,0.03,291485448,579240,292064688,0.2
20160501,2657363864,634746,2657998610,0.02,294893697,554367,295448064,0.19
20160502,2869853020,799886,2870652906,0.03,297507177,563645,298070822,0.19
20160503,2832370392,982717,2833353109,0.03,311817346,486558,312303904,0.16
20160504,2948514008,961205,2949475213,0.03,313574379,461222,314035601,0.15
20160505,2871335333,921854,2872257187,0.03,318801057,519884,319320941,0.16
20160506,2844483976,965168,2845449144,0.03,309283147,532907,309816054,0.17
20160507,2579446477,939692,2580386169,0.04,292253195,582769,292835964,0.2
20160508,2552499950,780435,2553280385,0.03,298406044,527712,298933756,0.18
20160509,2812926464,872791,2813799255,0.03,314105753,499388,314605141,0.16
20160510,2995597485,1052424,2996649909,0.04,299770416,393864,300164280,0.13
20160511,3012482451,1032660,3013515111,0.03,294842850,326519,295169369,0.11
20160512,2857965975,960760,2858926735,0.03,301227481,413028,301640509,0.14
20160513,2214790403,1311790,2216102193,0.06,199207005,246053,199453058,0.12
20160514,2842663205,1577638,2844240843,0.06,231109115,89252,231198367,0.04
20160515,2950779362,1291553,2952070915,0.04,239216609,95683,239312292,0.04
20160516,3353128852,532689,3353661541,0.02,161528437,196656,161725093,0.12
20160517,4042492071,336078,4042828149,0.01,0,329894,329894,100.0
20160518,4739924217,292877,4740217094,0.01,0,493614,493614,100.0
20160519,4547457606,345074,4547802680,0.01,168784776,554613,169339389,0.33
20160520,4173683515,400987,4174084502,0.01,341239303,668281,341907584,0.2
20160521,4191399075,503910,4191902985,0.01,338747628,671040,339418668,0.2
20160522,4070405937,393451,4070799388,0.01,336516743,671451,337188194,0.2
20160523,4263717862,390867,4264108729,0.01,363638494,879300,364517794,0.24
20160524,4248591806,391658,4248983464,0.01,369218205,844392,370062597,0.23
20160525,4203117834,233885,4203351719,0.01,365938392,763678,366702070,0.21
20160526,3856625707,314651,3856940358,0.01,350042403,712561,350754964,0.2
20160527,3755284535,260055,3755544590,0.01,334780279,606961,335387240,0.18
20160528,3424487146,409035,3424896181,0.01,309373392,528808,309902200,0.17
20160529,3429748621,157687,3429906308,0.0,304746785,554090,305300875,0.18
20160530,3571681629,363891,3572045520,0.01,320937740,590265,321528005,0.18
20160531,3717621992,517060,3718139052,0.01,341587693,612118,342199811,0.18
20160601,3752793850,443228,3753237078,0.01,338628858,546759,339175617,0.16
20160602,3701533564,429591,3701963155,0.01,333875862,596435,334472297,0.18
20160603,3596564096,424615,3596988711,0.01,326833040,511094,327344134,0.16
20160604,3375863456,458231,3376321687,0.01,303836674,467581,304304255,0.15
20160605,3245901611,306940,3246208551,0.01,301179731,473684,301653415,0.16
20160606,3508842582,488942,3509331524,0.01,327165019,529500,327694519,0.16
20160607,3217344522,481741,3217826263,0.01,331843323,519415,332362738,0.16
20160608,2814709560,408136,2815117696,0.01,335127515,550030,335677545,0.16
20160609,2678707571,554805,2679262376,0.02,335509296,546552,336055848,0.16
20160610,2492898117,728611,2493626728,0.03,328947038,526846,329473884,0.16
20160611,2446557775,345186,2446902961,0.01,310557590,491210,311048800,0.16
20160612,2550022195,327303,2550349498,0.01,310248554,507368,310755922,0.16
20160613,2577073996,359027,2577433023,0.01,338185576,559169,338744745,0.17
20160614,2539352278,284640,2539636918,0.01,343944405,595009,344539414,0.17
20160615,2730885538,355902,2731241440,0.01,338234030,568551,338802581,0.17
20160616,2451609149,271801,2451880950,0.01,361053972,585233,361639205,0.16
20160617,2157857352,241307,2158098659,0.01,363222899,505362,363728261,0.14
20160618,2014311898,288924,2014600822,0.01,333881430,471047,334352477,0.14
20160619,1966307894,225255,1966533149,0.01,323137755,456796,323594551,0.14
20160620,2152074326,232188,2152306514,0.01,351510540,489847,352000387,0.14
20160621,2170950513,259246,2171209759,0.01,359897382,528706,360426088,0.15
20160622,2164263301,264952,2164528253,0.01,399928674,564126,400492800,0.14
20160623,2137350556,337232,2137687788,0.02,410218046,598124,410816170,0.15
20160624,2082121866,250779,2082372645,0.01,398747740,563721,399311461,0.14
20160625,1762572123,244471,1762816594,0.01,336458375,429744,336888119,0.13
20160626,1812330556,230220,1812560776,0.01,340791336,425108,341216444,0.12
20160627,2199462345,253614,2199715959,0.01,386719027,494069,387213096,0.13
20160628,2224052261,253077,2224305338,0.01,398244945,591126,398836071,0.15
20160629,2145404165,291733,2145695898,0.01,394269723,567126,394836849,0.14
20160630,2118412097,299486,2118711583,0.01,396413733,526552,396940285,0.13
20160701,2071794596,327179,2072121775,0.02,383932832,506050,384438882,0.13
20160702,1998628174,337666,1998965840,0.02,346808804,446071,347254875,0.13
20160703,1952540052,322443,1952862495,0.02,337540818,463650,338004468,0.14
20160704,2119576845,303088,2119879933,0.01,350718308,467834,351186142,0.13
20160705,2175472723,320847,2175793570,0.01,383293970,545166,383839136,0.14
20160706,2184351129,351647,2184702776,0.02,370489291,579597,371068888,0.16
20160707,2232761582,323267,2233084849,0.01,363354734,568401,363923135,0.16
20160708,2140885754,275054,2141160808,0.01,355946388,549998,356496386,0.15
20160709,2022889741,327426,2023217167,0.02,333481278,519222,334000500,0.16
20160710,1976658703,545992,1977204695,0.03,337061925,527265,337589190,0.16
20160711,2134667543,567190,2135234733,0.03,368325797,567408,368893205,0.15
20160712,2168583030,475096,2169058126,0.02,366194976,561481,366756457,0.15
20160713,2155030855,671505,2155702360,0.03,359639393,641563,360280956,0.18
20160714,2143643639,417459,2144061098,0.02,360243422,686626,360930048,0.19
20160715,2143054978,257018,2143311996,0.01,357741152,646836,358387988,0.18
20160716,1874912731,349361,1875262092,0.02,334010016,532190,334542206,0.16
20160717,1851779010,209187,1851988197,0.01,321120904,548749,321669653,0.17
20160718,2078619122,209970,2078829092,0.01,362697057,646013,363343070,0.18
20160719,2150115561,260478,2150376039,0.01,367929260,601951,368531211,0.16
20160720,2149333378,317167,2149650545,0.01,377669577,613388,378282965,0.16
20160721,2180176451,260363,2180436814,0.01,396746551,582894,397329445,0.15
20160722,2174083714,256490,2174340204,0.01,380178911,584130,380763041,0.15
20160723,1945579418,227016,1945806434,0.01,339034058,454772,339488830,0.13
20160724,1968689109,214529,1968903638,0.01,370466012,490018,370956030,0.13
20160725,2170556409,221668,2170778077,0.01,362942543,525030,363467573,0.14
20160726,2137894187,233489,2138127676,0.01,364491287,537956,365029243,0.15
20160727,2211863667,218102,2212081769,0.01,360941573,565282,361506855,0.16
20160728,2155702646,220420,2155923066,0.01,353797825,590559,354388384,0.17
20160729,2124789125,188320,2124977445,0.01,352147053,558694,352705747,0.16
20160730,1854204618,166737,1854371355,0.01,328261427,478842,328740269,0.15
20160731,1833086340,192636,1833278976,0.01,329099193,492182,329591375,0.15
20160801,2127422216,168299,2127590515,0.01,355102844,576438,355679282,0.16
20160802,2190673174,183042,2190856216,0.01,371861748,611464,372473212,0.16
20160803,2206559878,233168,2206793046,0.01,359568177,632563,360200740,0.18
20160804,2255962391,230611,2256193002,0.01,370428287,592611,371020898,0.16
20160805,2095665184,207577,2095872761,0.01,381225684,615840,381841524,0.16
20160806,1900699892,196131,1900896023,0.01,356812238,545888,357358126,0.15
20160807,1883360495,155054,1883515549,0.01,348722768,525139,349247907,0.15
20160808,2148988880,180680,2149169560,0.01,377405823,581738,377987561,0.15
20160809,2137908846,164168,2138073014,0.01,371727144,602152,372329296,0.16
20160810,2127197698,162899,2127360597,0.01,368871858,563208,369435066,0.15
20160811,1931525500,310068,1931835568,0.02,318694237,578975,319273212,0.18
20160812,1948448764,270653,1948719417,0.01,343262032,755724,344017756,0.22
20160813,1945194166,210175,1945404341,0.01,350557794,656947,351214741,0.19
20160814,1919486865,132446,1919619311,0.01,345877264,548136,346425400,0.16
20160815,2106961895,137730,2107099625,0.01,368271461,601055,368872516,0.16
20160816,2126328051,182098,2126510149,0.01,365499219,577417,366076636,0.16
20160817,2142349366,172939,2142522305,0.01,353721702,598264,354319966,0.17
20160818,2192286743,167980,2192454723,0.01,351520379,580142,352100521,0.16
20160819,2091273071,148538,2091421609,0.01,357980965,591636,358572601,0.16
20160820,1935578901,139443,1935718344,0.01,345814612,526909,346341521,0.15
20160821,1907192185,136658,1907328843,0.01,345934197,532100,346466297,0.15
20160822,2109507359,216996,2109724355,0.01,366661173,568847,367230020,0.15
20160823,2146255498,191385,2146446883,0.01,367069783,603628,367673411,0.16
20160824,2173408753,215688,2173624441,0.01,386595424,640430,387235854,0.17
20160825,2171249994,167646,2171417640,0.01,393056524,648613,393705137,0.16
20160826,2103777142,161421,2103938563,0.01,371097136,625589,371722725,0.17
20160827,1869226776,139247,1869366023,0.01,336187646,584254,336771900,0.17
20160828,1856265670,125750,1856391420,0.01,341870022,524693,342394715,0.15
20160829,2091323230,156373,2091479603,0.01,351179079,1343983,352523062,0.38
20160830,2203284855,219525,2203504380,0.01,367725011,1813623,369538634,0.49
20160831,2251324373,300371,2251624744,0.01,365205828,662735,365868563,0.18
20160901,2071043611,148389,2071192000,0.01,361347947,641976,361989923,0.18
20160902,2123010385,156668,2123167053,0.01,369894751,580475,370475226,0.16
20160903,1918017563,178523,1918196086,0.01,342250055,526266,342776321,0.15
20160904,2147030265,426278,2147456543,0.02,341189892,398424,341588316,0.12
20160905,2222211822,440549,2222652371,0.02,360785373,474380,361259753,0.13
20160906,2295676274,466427,2296142701,0.02,371205661,488138,371693799,0.13
20160907,2240185290,412055,2240597345,0.02,368705431,472264,369177695,0.13
20160908,2196682310,287942,2196970252,0.01,382730027,561318,383291345,0.15
20160909,2227397188,409018,2227806206,0.02,372387473,451207,372838680,0.12
20160910,2091187674,416291,2091603965,0.02,357910397,450995,358361392,0.13
20160911,1927776881,224397,1928001278,0.01,357383149,565113,357948262,0.16
20160912,2129655181,335204,2129990385,0.02,381887131,564181,382451312,0.15
20160913,2187983468,226258,2188209726,0.01,387067119,612854,387679973,0.16
20160914,2256978188,329520,2257307708,0.01,398270261,595865,398866126,0.15
20160915,2282337393,340841,2282678234,0.01,390310994,493876,390804870,0.13
20160916,2245726351,241478,2245967829,0.01,394599255,657087,395256342,0.17
20160917,1885272280,193226,1885465506,0.01,361789082,588000,362377082,0.16
20160918,1870572937,198185,1870771122,0.01,359913382,608481,360521863,0.17
20160919,2031204366,187738,2031392104,0.01,384491881,691441,385183322,0.18
20160920,2012240248,192711,2012432959,0.01,387185217,672816,387858033,0.17
20160921,2009407720,211856,2009619576,0.01,381447837,645386,382093223,0.17
20160922,2085957216,213898,2086171114,0.01,390494511,710046,391204557,0.18
20160923,1985867055,171381,1986038436,0.01,378392970,779774,379172744,0.21
20160924,1934432862,194558,1934627420,0.01,356979009,731435,357710444,0.2
20160925,2357336500,438548,2357775048,0.02,354312894,671141,354984035,0.19
20160926,2349200208,288929,2349489137,0.01,361933415,723118,362656533,0.2
20160927,2349146937,271663,2349418600,0.01,363517190,724371,364241561,0.2
20160928,2408685637,233725,2408919362,0.01,376895864,758432,377654296,0.2
20160929,3191846627,742391,3192589018,0.02,426247217,812553,427059770,0.19
20160930,2875265258,718413,2875983671,0.02,416946932,748861,417695793,0.18
20161001,2331387482,1172611,2332560093,0.05,373497415,1702024,375199439,0.45
20161002,2149043226,600793,2149644019,0.03,360937794,2820409,363758203,0.78
20161003,2180841148,487399,2181328547,0.02,370056427,3376411,373432838,0.9
20161004,2102667282,375340,2103042622,0.02,363554316,3847900,367402216,1.05
20161005,2031530703,360190,2031890893,0.02,360472351,3654594,364126945,1.0
20161006,2108964660,349832,2109314492,0.02,376286528,3679760,379966288,0.97
20161007,2243807733,412482,2244220215,0.02,413412504,3280729,416693233,0.79
20161008,1858369358,344625,1858713983,0.02,312664291,3246313,315910604,1.03
20161009,1807611462,338491,1807949953,0.02,297170277,3172608,300342885,1.06
20161010,1922976240,408225,1923384465,0.02,324028358,3458986,327487344,1.06
20161011,1984327001,406304,1984733305,0.02,335363983,3502615,338866598,1.03
20161012,2022997181,440498,2023437679,0.02,332539028,3601536,336140564,1.07
20161013,1983336428,500327,1983836755,0.03,347950212,3784561,351734773,1.08
20161014,1939200871,421204,1939622075,0.02,354170324,3487125,357657449,0.97
20161015,1763586307,307649,1763893956,0.02,329268962,3325339,332594301,1.0
20161016,1790711093,359253,1791070346,0.02,344721804,3614607,348336411,1.04
20161017,1962342135,395584,1962737719,0.02,358189374,3856111,362045485,1.07
20161018,1912198486,365963,1912564449,0.02,362287968,3775928,366063896,1.03
20161019,1917414784,512936,1917927720,0.03,368204353,3971473,372175826,1.07
20161020,1902860937,455132,1903316069,0.02,376189781,4177240,380367021,1.1
20161021,1905158501,365976,1905524477,0.02,368533157,4509094,373042251,1.21
20161022,1740346481,342839,1740689320,0.02,345553169,3700219,349253388,1.06
20161023,1749043576,315183,1749358759,0.02,344210991,3872190,348083181,1.11
20161024,1956272190,345701,1956617891,0.02,370379782,4058340,374438122,1.08
20161025,1932319453,353506,1932672959,0.02,368969599,3954666,372924265,1.06
20161026,1831188545,325865,1831514410,0.02,361072842,4074649,365147491,1.12
20161027,1948652763,396469,1949049232,0.02,378619189,3787364,382406553,0.99
20161028,1952767980,364199,1953132179,0.02,397715092,3839580,401554672,0.96
20161029,1751076823,259696,1751336519,0.01,376641386,3820205,380461591,1.0
20161030,1770517177,249741,1770766918,0.01,380878892,3952210,384831102,1.03
20161031,1968467302,345602,1968812904,0.02,413594143,3981669,417575812,0.95
20161101,2083579498,396278,2083975776,0.02,414316425,4027481,418343906,0.96
20161102,2214887881,481753,2215369634,0.02,432504107,3925556,436429663,0.9
20161103,2229420413,420675,2229841088,0.02,429557532,4247193,433804725,0.98
20161104,2204336888,419707,2204756595,0.02,415420504,4288243,419708747,1.02
20161105,1984670620,306062,1984976682,0.02,387910610,4107563,392018173,1.05
20161106,1951849863,414229,1952264092,0.02,394849139,3901731,398750870,0.98
20161107,2092487441,419560,2092907001,0.02,412770833,4263889,417034722,1.02
20161108,2122649092,404346,2123053438,0.02,427024633,4373442,431398075,1.01
20161109,2188194178,488887,2188683065,0.02,433765568,4192269,437957837,0.96
20161110,2163561571,398683,2163960254,0.02,420829374,4160107,424989481,0.98
20161111,2122569307,384623,2122953930,0.02,420535710,4208654,424744364,0.99
20161112,1921250563,270588,1921521151,0.01,408612413,3992427,412604840,0.97
20161113,1928590024,358406,1928948430,0.02,405716520,4053990,409770510,0.99
20161114,2071564109,354539,2071918648,0.02,415734493,4675223,420409716,1.11
20161115,2091973146,402225,2092375371,0.02,441802611,4334230,446136841,0.97
20161116,2175808718,486208,2176294926,0.02,452725597,4738258,457463855,1.04
20161117,2183619180,426234,2184045414,0.02,449654639,4591458,454246097,1.01
20161118,2122292898,505429,2122798327,0.02,470765997,4026539,474792536,0.85
20161119,2020668214,421216,2021089430,0.02,505152919,4202967,509355886,0.83
20161120,1957576824,347443,1957924267,0.02,508620661,4626501,513247162,0.9
20161121,2130421050,490534,2130911584,0.02,517123232,4885266,522008498,0.94
20161122,2208125035,658491,2208783526,0.03,520004712,4916840,524921552,0.94
20161123,2208616377,626415,2209242792,0.03,526190934,4776850,530967784,0.9
20161124,2234120752,581703,2234702455,0.03,511033574,4833589,515867163,0.94
20161125,2229821052,657134,2230478186,0.03,503011848,5136851,508148699,1.01
20161126,1985439275,427967,1985867242,0.02,487723396,4597478,492320874,0.93
20161127,2023762810,458489,2024221299,0.02,502819085,4384342,507203427,0.86
20161128,2134835321,698354,2135533675,0.03,523911026,5058683,528969709,0.96
20161129,2163794969,747204,2164542173,0.03,525824915,4183882,530008797,0.79
20161130,2162250267,834652,2163084919,0.04,528900091,4498601,533398692,0.84
20161201,2157816361,664594,2158480955,0.03,526722255,4674883,531397138,0.88
20161202,2161970440,649242,2162619682,0.03,531197307,4711152,535908459,0.88
20161203,2042028319,529906,2042558225,0.03,513441116,4053785,517494901,0.78
20161204,2022992880,514491,2023507371,0.03,531946314,4494187,536440501,0.84
20161205,2175191044,698262,2175889306,0.03,538657685,4680172,543337857,0.86
20161206,2214429878,724509,2215154387,0.03,541206039,4836924,546042963,0.89
20161207,2206511609,750911,2207262520,0.03,524079682,3976184,528055866,0.75
20161208,2184611979,847791,2185459770,0.04,526044994,4459672,530504666,0.84
20161209,2133775590,713411,2134489001,0.03,525386219,4308776,529694995,0.81
20161210,2079374819,556507,2079931326,0.03,531635918,4355959,535991877,0.81
20161211,2017503788,571708,2018075496,0.03,524569760,4442779,529012539,0.84
20161212,2251896452,785271,2252681723,0.03,564391060,4095478,568486538,0.72
20161213,2259933663,766514,2260700177,0.03,556790710,4139522,560930232,0.74
20161214,2298173559,954170,2299127729,0.04,533287785,4010802,537298587,0.75
20161215,2244928547,770656,2245699203,0.03,548389754,3952858,552342612,0.72
20161216,2181050548,906121,2181956669,0.04,557913882,4407314,562321196,0.78
20161217,1969085196,779899,1969865095,0.04,530201941,4699490,534901431,0.88
20161218,1931164712,544571,1931709283,0.03,535025229,4257575,539282804,0.79
20161219,2143885804,650874,2144536678,0.03,530198674,4345349,534544023,0.81
20161220,2196760409,957382,2197717791,0.04,546641269,4426651,551067920,0.8
20161221,2170549771,1007775,2171557546,0.05,533185419,5224018,538409437,0.97
20161222,2148751485,731861,2149483346,0.03,544718549,4433250,549151799,0.81
20161223,2015516469,712238,2016228707,0.04,533920337,3805563,537725900,0.71
20161224,1869040279,665463,1869705742,0.04,502060134,3562892,505623026,0.7
20161225,1827728555,724135,1828452690,0.04,490963199,3108895,494072094,0.63
20161226,1890994679,651481,1891646160,0.03,498279689,4054952,502334641,0.81
20161227,1964891278,746011,1965637289,0.04,531802281,4583847,536386128,0.85
20161228,2042368738,857582,2043226320,0.04,538635413,4068066,542703479,0.75
20161229,2046904636,1022406,2047927042,0.05,543338485,4431480,547769965,0.81
20161230,2035558440,992812,2036551252,0.05,537933993,4512438,542446431,0.83
20161231,1977322149,933687,1978255836,0.05,524018235,4063093,528081328,0.77
20170101,1919438863,879360,1920318223,0.05,515202094,4704868,519906962,0.9
20170102,1998820744,822898,1999643642,0.04,547151936,4342665,551494601,0.79
20170103,2076259784,1136674,2077396458,0.05,542752722,4578730,547331452,0.84
20170104,2101305211,1000315,2102305526,0.05,538701897,4075771,542777668,0.75
20170105,2074455055,991777,2075446832,0.05,532975940,3976222,536952162,0.74
20170106,2076144912,1267482,2077412394,0.06,525767904,4003667,529771571,0.76
20170107,1908952731,883426,1909836157,0.05,512613980,3579518,516193498,0.69
20170108,1900915927,862379,1901778306,0.05,519346424,3435278,522781702,0.66
20170109,1946332480,1652005,1947984485,0.08,442372382,3363151,445735533,0.75
20170110,2045621691,1801307,2047422998,0.09,449763828,3027274,452791102,0.67
20170111,2155064465,1134676,2156199141,0.05,516891174,5296876,522188050,1.01
20170112,2191484444,1020765,2192505209,0.05,522782618,5045779,527828397,0.96
20170113,2156339383,994036,2157333419,0.05,529000362,4746179,533746541,0.89
20170114,1960408391,918087,1961326478,0.05,524156560,4551660,528708220,0.86
20170115,1964756089,909323,1965665412,0.05,512624867,4612974,517237841,0.89
20170116,2085715057,1126557,2086841614,0.05,545828741,5076466,550905207,0.92
20170117,2115026902,1098664,2116125566,0.05,532801208,5242407,538043615,0.97
20170118,2155110391,1182132,2156292523,0.05,520541000,5052591,525593591,0.96
20170119,2188505013,1179795,2189684808,0.05,492717097,4405106,497122203,0.89
20170120,2084540545,1434939,2085975484,0.07,492749154,5741280,498490434,1.15
20170121,1970542042,1168776,1971710818,0.06,489442909,3986471,493429380,0.81
20170122,1970196584,1172625,1971369209,0.06,507957184,4377000,512334184,0.85
20170123,2104226742,1341355,2105568097,0.06,506155513,5182783,511338296,1.01
20170124,2116317684,1176800,2117494484,0.06,515321494,3922024,519243518,0.76
20170125,2122527382,1216545,2123743927,0.06,524200808,4189376,528390184,0.79
20170126,2141968442,1193030,2143161472,0.06,539146262,4265823,543412085,0.79
20170127,2092176608,1232100,2093408708,0.06,513327803,3579916,516907719,0.69
20170128,1912489576,1110887,1913600463,0.06,528001666,3548110,531549776,0.67
20170129,1970959585,1033303,1971992888,0.05,541715540,3595838,545311378,0.66
20170130,2073761103,1118490,2074879593,0.05,523569520,4133449,527702969,0.78
20170131,2091184785,1157859,2092342644,0.06,532533583,5007234,537540817,0.93
20170201,1165201329,743351,1165944680,0.06,300358766,2816612,303175378,0.93
20170202,0,0,0,NA,0,0,0,NA
20170203,15166570,12587,15179157,0.08,3896395,39114,3935509,0.99
20170204,915729663,599059,916328722,0.07,247956667,1702411,249659078,0.68
20170205,928122363,560260,928682623,0.06,253638558,2044176,255682734,0.8
20170206,1553449577,930638,1554380215,0.06,415524976,3685219,419210195,0.88
20170207,2025896385,1303453,2027199838,0.06,553521791,4848303,558370094,0.87
20170208,1994620242,1303963,1995924205,0.07,536760445,5012400,541772845,0.93
20170209,2074182291,1509221,2075691512,0.07,546306821,5299869,551606690,0.96
20170210,2086763743,1435907,2088199650,0.07,560430206,4933354,565363560,0.87
20170211,1877441759,1219522,1878661281,0.06,521712724,4496838,526209562,0.85
20170212,1865626118,1203215,1866829333,0.06,532151590,4785905,536937495,0.89
20170213,1990960046,1352289,1992312335,0.07,523405937,5112286,528518223,0.97
20170214,2048453047,1356111,2049809158,0.07,530754668,4408123,535162791,0.82
20170215,2034744939,1337797,2036082736,0.07,516022222,4182743,520204965,0.8
20170216,2098707124,1347769,2100054893,0.06,527138518,4364514,531503032,0.82
20170217,2050034679,1318372,2051353051,0.06,519987804,4166141,524153945,0.79
20170218,1914126558,1157409,1915283967,0.06,511154556,3876117,515030673,0.75
20170219,1874714322,1144770,1875859092,0.06,508051714,4225886,512277600,0.82
20170220,2113531827,1438949,2114970776,0.07,533812041,4489146,538301187,0.83
20170221,2258748705,2354726,2261103431,0.1,524038610,3396817,527435427,0.64
20170222,2109989443,1255716,2111245159,0.06,506750077,4615840,511365917,0.9
20170223,2113411674,1276615,2114688289,0.06,514668706,4185275,518853981,0.81
20170224,2054283838,1274583,2055558421,0.06,519890215,4214986,524105201,0.8
20170225,1947705483,1226799,1948932282,0.06,511800365,3696320,515496685,0.72
20170226,2023469018,1138015,2024607033,0.06,515286358,3441838,518728196,0.66
20170227,2064492862,1234550,2065727412,0.06,521574631,4106030,525680661,0.78
20170228,2070847378,1256859,2072104237,0.06,515686899,4293577,519980476,0.83
20170301,2079726131,1258055,2080984186,0.06,520887744,4527525,525415269,0.86
20170302,2062112014,1177385,2063289399,0.06,513605118,4045383,517650501,0.78
20170303,2065845304,1218207,2067063511,0.06,502648106,3939925,506588031,0.78
20170304,1884727730,1184480,1885912210,0.06,500177670,3827495,504005165,0.76
20170305,1878404879,1143218,1879548097,0.06,488448875,4201496,492650371,0.85
20170306,2401420127,3529101,2404949228,0.15,492095301,2357053,494452354,0.48
20170307,2070805444,1308183,2072113627,0.06,518423283,5075796,523499079,0.97
20170308,2139072960,1380065,2140453025,0.06,528487914,4893983,533381897,0.92
20170309,2064000788,1338251,2065339039,0.06,515974214,5329340,521303554,1.02
20170310,2046076610,1823806,2047900416,0.09,528343169,4867124,533210293,0.91
20170311,1985652198,1354224,1987006422,0.07,493017709,3951845,496969554,0.8
20170312,1958711430,1320798,1960032228,0.07,503622563,3756280,507378843,0.74
20170313,2023658328,1364258,2025022586,0.07,521848719,4168403,526017122,0.79
20170314,2126624987,1397873,2128022860,0.07,512266062,4495763,516761825,0.87
20170315,2047303859,1442237,2048746096,0.07,494206480,4094473,498300953,0.82
20170316,2100208329,1488548,2101696877,0.07,502261649,4233675,506495324,0.84
20170317,2173884544,2422452,2176306996,0.11,505195114,4143422,509338536,0.81
20170318,2010991992,1524885,2012516877,0.08,477390954,4595593,481986547,0.95
20170319,1945776453,1438603,1947215056,0.07,473307672,4470567,477778239,0.94
20170320,2233273353,1558956,2234832309,0.07,486858838,4429020,491287858,0.9
20170321,2116644169,1552734,2118196903,0.07,285083519,2800137,287883656,0.97
20170322,2066436777,2514760,2068951537,0.12,454107648,8546942,462654590,1.85
20170323,2056210825,2689401,2058900226,0.13,471396653,5443341,476839994,1.14
20170324,2046963172,2190434,2049153606,0.11,494834910,4307985,499142895,0.86
20170325,2109861969,1894729,2111756698,0.09,484298056,4733402,489031458,0.97
20170326,1893800582,1538272,1895338854,0.08,491049809,4737325,495787134,0.96
20170327,1973622809,2146222,1975769031,0.11,482489107,4827040,487316147,0.99
20170328,2014971576,2149876,2017121452,0.11,441544289,5162433,446706722,1.16
20170329,2077844860,1918117,2079762977,0.09,468639822,5089130,473728952,1.07
20170330,2134077998,2040077,2136118075,0.1,437087644,5245130,442332774,1.19
20170331,1930626870,1919716,1932546586,0.1,396661682,5733761,402395443,1.42
20170401,1841051201,1441741,1842492942,0.08,378376699,5047980,383424679,1.32
20170402,1752806962,1277020,1754083982,0.07,375206528,4883873,380090401,1.28
20170403,1886334850,1867219,1888202069,0.1,387672407,5891282,393563689,1.5
20170404,2026743874,1919319,2028663193,0.09,401811236,4935794,406747030,1.21
20170405,1879411080,2070059,1881481139,0.11,413291569,4645366,417936935,1.11
20170406,1998107467,1852044,1999959511,0.09,432734336,4702360,437436696,1.07
20170407,1959061832,2173884,1961235716,0.11,450408673,5750023,456158696,1.26
20170408,1865051901,1575419,1866627320,0.08,423170088,4560355,427730443,1.07
20170409,1823878973,1441356,1825320329,0.08,428872662,4502699,433375361,1.04
20170410,1952726152,2064604,1954790756,0.11,437299246,4961114,442260360,1.12
20170411,1955546703,2095022,1957641725,0.11,434594495,5111644,439706139,1.16
20170412,1887816178,2206721,1890022899,0.12,429266046,5597366,434863412,1.29
20170413,1909093169,2119214,1911212383,0.11,450846097,5587380,456433477,1.22
20170414,1874134692,2019065,1876153757,0.11,460902312,5565188,466467500,1.19
20170415,1795876352,1619760,1797496112,0.09,448589384,5875617,454465001,1.29
20170416,1767745458,1575695,1769321153,0.09,436326190,5641288,441967478,1.28
20170417,1878650248,1849278,1880499526,0.1,437133585,5293006,442426591,1.2
20170418,1820219801,2313197,1822532998,0.13,418357854,5616358,423974212,1.32
20170419,1914041750,2571360,1916613110,0.13,419235503,5199239,424434742,1.22
20170420,2008659857,2615214,2011275071,0.13,408580438,5605216,414185654,1.35
20170421,1915620572,2278954,1917899526,0.12,397365059,5160292,402525351,1.28
20170422,1740840908,1837648,1742678556,0.11,388962041,4891696,393853737,1.24
20170423,1702376829,1835812,1704212641,0.11,389316641,5043661,394360302,1.28
20170424,1877689277,2587179,1880276456,0.14,396482679,5838569,402321248,1.45
20170425,1867095754,3542752,1870638506,0.19,366478276,5981860,372460136,1.61
20170426,1930920180,2758739,1933678919,0.14,400721784,5806087,406527871,1.43
20170427,1858756962,2388448,1861145410,0.13,397505898,5302594,402808492,1.32
20170428,1910576858,2296210,1912873068,0.12,401156901,5639338,406796239,1.39
20170429,1982542673,1887022,1984429695,0.1,393986801,5271344,399258145,1.32
20170430,1850884918,1693132,1852578050,0.09,396223834,5039091,401262925,1.26
20170501,1813705878,1837703,1815543581,0.1,394028668,5791010,399819678,1.45
20170502,1710624210,2324957,1712949167,0.14,394595864,6202237,400798101,1.55
20170503,1942417869,2536356,1944954225,0.13,405380825,6495188,411876013,1.58
20170504,1788356752,2424760,1790781512,0.14,376581746,6902469,383484215,1.8
20170505,1711204330,2133538,1713337868,0.12,368505228,6128271,374633499,1.64
20170506,1586733906,1696883,1588430789,0.11,357013353,5511477,362524830,1.52
20170507,1531600638,1489675,1533090313,0.1,354915780,5576009,360491789,1.55
20170508,1730327254,2163185,1732490439,0.12,360297594,6590299,366887893,1.8
20170509,1676684191,1916453,1678600644,0.11,364660174,6217188,370877362,1.68
20170510,1602251238,1944942,1604196180,0.12,343669255,6003110,349672365,1.72
20170511,1707963979,2094064,1710058043,0.12,330130568,6744095,336874663,2.0
20170512,1695729541,2072502,1697802043,0.12,326832275,6797271,333629546,2.04
20170513,1535690445,1433085,1537123530,0.09,314903445,6217322,321120767,1.94
20170514,1507446794,1306010,1508752804,0.09,316313129,5897099,322210228,1.83
20170515,1629512352,2001179,1631513531,0.12,322277400,6343023,328620423,1.93
20170516,1681789506,1846178,1683635684,0.11,356921331,5810142,362731473,1.6
20170517,1654945647,1897050,1656842697,0.11,380566265,6431181,386997446,1.66
20170518,1661617360,1972426,1663589786,0.12,376514067,6516209,383030276,1.7
20170519,1630601067,1831940,1632433007,0.11,364191082,6760291,370951373,1.82
20170520,1519941627,1348922,1521290549,0.09,351983889,6371276,358355165,1.78
20170521,1504341411,1274829,1505616240,0.08,351742776,5852329,357595105,1.64
20170522,1611933494,1778025,1613711519,0.11,364748038,6052700,370800738,1.63
20170523,1697296987,1969806,1699266793,0.12,369178770,6193155,375371925,1.65
20170524,1712835173,1821080,1714656253,0.11,378301464,6042085,384343549,1.57
20170525,1680655706,1645933,1682301639,0.1,347115573,6155174,353270747,1.74
20170526,1644818730,1639291,1646458021,0.1,328547068,6529006,335076074,1.95
20170527,1569956165,1328448,1571284613,0.08,315985439,5909342,321894781,1.84
20170528,1508033531,1037247,1509070778,0.07,317787099,5528198,323315297,1.71
20170529,1603207227,1522706,1604729933,0.09,324667113,6617764,331284877,2.0
20170530,1658939158,1785055,1660724213,0.11,342981757,6820389,349802146,1.95
20170531,1663344770,1814352,1665159122,0.11,334538371,6197391,340735762,1.82
20170601,1818118261,1893693,1820011954,0.1,331057121,6097889,337155010,1.81
20170602,1818026954,1719194,1819746148,0.09,332896937,5816183,338713120,1.72
20170603,1632985371,1335233,1634320604,0.08,336217471,5930018,342147489,1.73
20170604,1550360106,1172578,1551532684,0.08,340115962,6344259,346460221,1.83
20170605,1601957611,1474275,1603431886,0.09,341310297,6595723,347906020,1.9
20170606,1678144721,1916214,1680060935,0.11,335472343,7076129,342548472,2.07
20170607,1704420865,2003022,1706423887,0.12,325808413,6686483,332494896,2.01
20170608,1613507274,1769512,1615276786,0.11,359195630,7299346,366494976,1.99
20170609,1638341840,1840163,1640182003,0.11,359819358,7353268,367172626,2.0
20170610,1596911689,1284473,1598196162,0.08,343808907,7066511,350875418,2.01
20170611,1479043472,1129631,1480173103,0.08,343322214,7379551,350701765,2.1
20170612,1609336453,1975212,1611311665,0.12,360916958,8190945,369107903,2.22
20170613,1696076873,2175342,1698252215,0.13,372866415,8397450,381263865,2.2
20170614,1701314939,1883731,1703198670,0.11,376777376,7837717,384615093,2.04
20170615,1635771731,2338196,1638109927,0.14,352209758,8640581,360850339,2.39
20170616,1624223327,2419108,1626642435,0.15,334024403,8636316,342660719,2.52
20170617,1527638452,1439007,1529077459,0.09,324078549,7345958,331424507,2.22
20170618,1504588002,1254207,1505842209,0.08,329844616,6704672,336549288,1.99
20170619,1651551261,2214318,1653765579,0.13,341166843,7244874,348411717,2.08
20170620,1737947689,2647519,1740595208,0.15,336905350,7430328,344335678,2.16
20170621,1652653106,2432032,1655085138,0.15,332880318,7261123,340141441,2.13
20170622,1576280985,2361721,1578642706,0.15,344378973,7755446,352134419,2.2
20170623,1488321708,1884879,1490206587,0.13,346529316,7433737,353963053,2.1
20170624,1413354411,1261376,1414615787,0.09,321185465,7065873,328251338,2.15
20170625,1507232387,1181810,1508414197,0.08,325434899,7108191,332543090,2.14
20170626,1558718800,2346230,1561065030,0.15,331284216,7383370,338667586,2.18
20170627,1595392351,3055817,1598448168,0.19,337010655,7302119,344312774,2.12
20170628,1523968222,2668100,1526636322,0.17,341106846,7415890,348522736,2.13
20170629,1577712557,2778775,1580491332,0.18,347166246,6884554,354050800,1.94
20170630,1620649890,2989889,1623639779,0.18,340537154,7177356,347714510,2.06
20170701,1568549187,1845266,1570394453,0.12,336614589,7112728,343727317,2.07
20170702,1444768359,1582056,1446350415,0.11,327142289,6931693,334073982,2.07
20170703,1520112496,2647630,1522760126,0.17,326292641,6845842,333138483,2.05
20170704,1546279915,2455974,1548735889,0.16,323972174,7001895,330974069,2.12
20170705,1621009009,2343617,1623352626,0.14,324802920,6877447,331680367,2.07
20170706,1587682272,2307767,1589990039,0.15,328001346,7043749,335045095,2.1
20170707,1574360562,2023492,1576384054,0.13,321753392,6960725,328714117,2.12
20170708,1601032892,1414123,1602447015,0.09,307610348,6569215,314179563,2.09
20170709,1535737996,1313846,1537051842,0.09,307529721,6617438,314147159,2.11
20170710,1579438664,2076824,1581515488,0.13,312928594,7342695,320271289,2.29
20170711,1590803963,2001189,1592805152,0.13,304526298,7011034,311537332,2.25
20170712,1593395765,2132841,1595528606,0.13,325221268,7085849,332307117,2.13
20170713,1592770826,2381611,1595152437,0.15,331608270,7046649,338654919,2.08
20170714,1537713541,1762527,1539476068,0.11,342510766,7119689,349630455,2.04
20170715,1483654170,1328476,1484982646,0.09,331099079,7080025,338179104,2.09
20170716,1454061026,1290411,1455351437,0.09,339073776,6883043,345956819,1.99
20170717,1573234756,2316673,1575551429,0.15,335077541,7180182,342257723,2.1
20170718,1563650829,2192938,1565843767,0.14,345486464,7330392,352816856,2.08
20170719,1598198834,2335910,1600534744,0.15,344839257,7344314,352183571,2.09
20170720,1590955285,2330364,1593285649,0.15,341472776,7141095,348613871,2.05
20170721,1551632584,2189191,1553821775,0.14,340361275,7127808,347489083,2.05
20170722,1428828135,1082499,1429910634,0.08,327660299,7064426,334724725,2.11
20170723,1420447301,1025212,1421472513,0.07,321997747,7154536,329152283,2.17
20170724,1476217056,1845080,1478062136,0.12,337555555,7403040,344958595,2.15
20170725,1498235492,2134413,1500369905,0.14,326748760,7337399,334086159,2.2
20170726,1513159239,2250744,1515409983,0.15,320235448,7298666,327534114,2.23
20170727,1478007271,2133940,1480141211,0.14,322055527,7664876,329720403,2.32
20170728,1454894086,1965574,1456859660,0.13,315833820,7278831,323112651,2.25
20170729,1356198493,1098053,1357296546,0.08,300495104,6955483,307450587,2.26
20170730,1351508856,1063051,1352571907,0.08,299246020,6722568,305968588,2.2
20170731,1453369352,2018819,1455388171,0.14,307070404,7010107,314080511,2.23
20170801,1509595390,2406688,1512002078,0.16,317006462,7086602,324093064,2.19
20170802,1479706879,2160957,1481867836,0.15,313103509,7263455,320366964,2.27
20170803,1494255570,2031845,1496287415,0.14,318143459,7420062,325563521,2.28
20170804,1499609121,2065015,1501674136,0.14,329072944,7397380,336470324,2.2
20170805,1430420120,1265584,1431685704,0.09,319237742,6525697,325763439,2.0
20170806,1356728538,1262322,1357990860,0.09,319741330,6760888,326502218,2.07
20170807,1477868621,3960792,1481829413,0.27,303886608,6377687,310264295,2.06
20170808,1544096221,1992151,1546088372,0.13,335860920,7353075,343213995,2.14
20170809,1517239449,1979989,1519219438,0.13,340052425,7373978,347426403,2.12
20170810,1545900789,2207127,1548107916,0.14,390100839,7448310,397549149,1.87
20170811,1579553937,2652843,1582206780,0.17,409966192,6954091,416920283,1.67
20170812,1576588241,1809270,1578397511,0.11,378487298,6854668,385341966,1.78
20170813,1486461763,1800191,1488261954,0.12,385903148,6301719,392204867,1.61
20170814,1573732979,2677335,1576410314,0.17,405619655,7059016,412678671,1.71
20170815,1588284818,3034718,1591319536,0.19,388098572,7336461,395435033,1.86
20170816,1624714346,3756772,1628471118,0.23,352295496,7042905,359338401,1.96
20170817,1674949662,2470185,1677419847,0.15,330613362,7757861,338371223,2.29
20170818,1636296476,2287340,1638583816,0.14,360141570,7618321,367759891,2.07
20170819,1585213636,2134524,1587348160,0.13,360765915,7018644,367784559,1.91
20170820,1581801817,1667148,1583468965,0.11,370166339,7034656,377200995,1.86
20170821,1658921294,2634370,1661555664,0.16,374764244,7082168,381846412,1.85
20170822,1674180939,3146289,1677327228,0.19,364796859,6962076,371758935,1.87
20170823,1613622992,3373518,1616996510,0.21,333575599,6704442,340280041,1.97
20170824,1668097415,3791598,1671889013,0.23,303336577,6888659,310225236,2.22
20170825,1623403822,3416470,1626820292,0.21,307729424,7289269,315018693,2.31
20170826,1625746132,3575899,1629322031,0.22,291865664,7201911,299067575,2.41
20170827,1576641419,2460866,1579102285,0.16,316326960,7481873,323808833,2.31
20170828,1559681281,3132292,1562813573,0.2,324613252,7309620,331922872,2.2
20170829,1633480334,3115552,1636595886,0.19,317088467,7441434,324529901,2.29
20170830,1616582047,2823610,1619405657,0.17,249094859,7459228,256554087,2.91
20170831,1691881499,2745840,1694627339,0.16,253162101,7614192,260776293,2.92
20170901,1654728670,2523388,1657252058,0.15,255027717,7432929,262460646,2.83
20170902,1527547410,2095109,1529642519,0.14,254791349,7217616,262008965,2.75
20170903,1541265682,2127339,1543393021,0.14,237977713,7123366,245101079,2.91
20170904,1656101623,2445891,1658547514,0.15,255549783,7819626,263369409,2.97
20170905,1719318950,2700148,1722019098,0.16,254310661,7384762,261695423,2.82
20170906,1759356674,3299905,1762656579,0.19,271484820,7344892,278829712,2.63
20170907,1733474386,2802121,1736276507,0.16,266506984,7506312,274013296,2.74
20170908,1789101133,2533295,1791634428,0.14,259440372,7503268,266943640,2.81
20170909,1733751542,1782731,1735534273,0.1,282242987,7400299,289643286,2.55
20170910,1914159246,2163065,1916322311,0.11,285479435,7215153,292694588,2.47
20170911,1809952190,2990143,1812942333,0.16,261110531,7345730,268456261,2.74
20170912,1721613148,3108201,1724721349,0.18,259709918,7146818,266856736,2.68
20170913,1678492644,2681155,1681173799,0.16,254477757,7973824,262451581,3.04
20170914,1673179341,2924856,1676104197,0.17,251485670,7607172,259092842,2.94
20170915,1693391908,2860683,1696252591,0.17,246201547,7478368,253679915,2.95
20170916,1636110596,2391698,1638502294,0.15,238606911,7158470,245765381,2.91
20170917,1633621589,2139444,1635761033,0.13,255360083,7234559,262594642,2.76
20170918,1685306697,2923028,1688229725,0.17,245696448,7561171,253257619,2.99
20170919,1731925130,3039972,1734965102,0.18,251909699,7005044,258914743,2.71
20170920,1689313527,3328064,1692641591,0.2,241428998,6867357,248296355,2.77
20170921,1676111315,2870780,1678982095,0.17,242630405,6534318,249164723,2.62
20170922,1649790251,2920470,1652710721,0.18,246541806,6618011,253159817,2.61
20170923,1614279444,1826000,1616105444,0.11,242091557,6835468,248927025,2.75
20170924,1587864254,1875766,1589740020,0.12,243565765,6425584,249991349,2.57
20170925,1669063071,2982693,1672045764,0.18,244714472,6433874,251148346,2.56
20170926,1749735892,2473084,1752208976,0.14,273608520,6930111,280538631,2.47
20170927,1743774865,2571350,1746346215,0.15,251614542,7103286,258717828,2.75
20170928,1829698132,3070578,1832768710,0.17,233466355,6609747,240076102,2.75
20170929,1711141159,2486462,1713627621,0.15,244192168,6980300,251172468,2.78
20170930,1548735499,1580645,1550316144,0.1,236925507,7303973,244229480,2.99
20171001,1552682457,1474648,1554157105,0.09,244759466,7311769,252071235,2.9
20171002,1653743378,1989417,1655732795,0.12,251069559,7354936,258424495,2.85
20171003,1677219743,1889708,1679109451,0.11,260046442,7453528,267499970,2.79
20171004,1640426662,2334937,1642761599,0.14,242703795,7163172,249866967,2.87
20171005,1702068722,2198950,1704267672,0.13,241438288,6989324,248427612,2.81
20171006,1694493329,2055878,1696549207,0.12,256986548,6984420,263970968,2.65
20171007,1626758267,1665555,1628423822,0.1,251564073,7084558,258648631,2.74
20171008,1570798984,1888710,1572687694,0.12,256380571,6803803,263184374,2.59
20171009,1643298305,3048561,1646346866,0.19,257152257,6593202,263745459,2.5
20171010,1657633404,3188237,1660821641,0.19,254886730,6991205,261877935,2.67
20171011,1861844641,2519260,1864363901,0.14,270655091,6501819,277156910,2.35
20171012,1951886911,3063627,1954950538,0.16,274639855,6239908,280879763,2.22
20171013,1643690599,3075203,1646765802,0.19,239278292,6221039,245499331,2.53
20171014,1689704282,2573424,1692277706,0.15,240365639,6170743,246536382,2.5
20171015,1656022824,2089342,1658112166,0.13,269981643,6504658,276486301,2.35
20171016,1651568894,2713876,1654282770,0.16,268856396,6500898,275357294,2.36
20171017,1645018685,3200998,1648219683,0.19,272799240,6318246,279117486,2.26
20171018,1655592197,3177137,1658769334,0.19,255010760,6636894,261647654,2.54
20171019,1772211942,4013953,1776225895,0.23,237275874,6496148,243772022,2.66
20171020,1723948090,3286795,1727234885,0.19,244403083,6690055,251093138,2.66
20171021,1554381184,2055731,1556436915,0.13,240844415,7074301,247918716,2.85
20171022,1558165655,2063198,1560228853,0.13,250324993,7073313,257398306,2.75
20171023,1641364785,4189823,1645554608,0.25,244517522,5989541,250507063,2.39
20171024,1691465794,3122955,1694588749,0.18,244940719,6795106,251735825,2.7
20171025,1641275270,2216509,1643491779,0.13,252444813,7596317,260041130,2.92
20171026,1636174109,2311057,1638485166,0.14,253836935,7673447,261510382,2.93
20171027,1599314303,2207279,1601521582,0.14,255314366,7982457,263296823,3.03
20171028,1565962123,1749790,1567711913,0.11,252451193,7812639,260263832,3.0
20171029,1591355199,1636952,1592992151,0.1,250681296,7809224,258490520,3.02
20171030,1638795270,2393744,1641189014,0.15,258259853,7709660,265969513,2.9
20171031,1693784063,2755145,1696539208,0.16,260648879,7403856,268052735,2.76
20171101,1659951986,2777998,1662729984,0.17,259295652,7351594,266647246,2.76
20171102,1626333830,3241158,1629574988,0.2,253156636,7605724,260762360,2.92
20171103,1610892492,2814521,1613707013,0.17,256881300,7729669,264610969,2.92
20171104,1567612445,1963430,1569575875,0.13,269493385,8054023,277547408,2.9
20171105,1527797927,1534557,1529332484,0.1,268509937,8300421,276810358,3.0
20171106,1555605778,2342929,1557948707,0.15,262597068,7992965,270590033,2.95
20171107,1602352742,2321163,1604673905,0.14,271052456,8092117,279144573,2.9
20171108,1581284210,2845310,1584129520,0.18,270950467,8013068,278963535,2.87
20171109,1602320893,3018297,1605339190,0.19,284836917,7787663,292624580,2.66
20171110,1594374421,2898770,1597273191,0.18,276825628,8131324,284956952,2.85
20171111,1584930589,2402879,1587333468,0.15,243618727,8733582,252352309,3.46
20171112,1575313820,2055957,1577369777,0.13,263849844,8913033,272762877,3.27
20171113,1498470840,2841032,1501311872,0.19,245713174,8866688,254579862,3.48
20171114,1439028110,3058954,1442087064,0.21,251588480,9336539,260925019,3.58
20171115,1519176022,2531601,1521707623,0.17,254553530,8004054,262557584,3.05
20171116,1572501407,2498137,1574999544,0.16,249123768,7883588,257007356,3.07
20171117,1506716453,2283364,1508999817,0.15,251363403,8221382,259584785,3.17
20171118,1443896697,1610709,1445507406,0.11,241371356,8221826,249593182,3.29
20171119,1394525772,1510742,1396036514,0.11,236636956,8343305,244980261,3.41
20171120,1848774610,3125993,1851900603,0.17,228171724,7509121,235680845,3.19
20171121,1613332182,3440693,1616772875,0.21,231362475,7886094,239248569,3.3
20171122,1668591149,2975287,1671566436,0.18,238171447,7796098,245967545,3.17
20171123,1648287157,2629306,1650916463,0.16,236466979,7970908,244437887,3.26
20171124,1761886842,2659835,1764546677,0.15,232800343,8160939,240961282,3.39
20171125,1455928566,1620917,1457549483,0.11,232229850,8419890,240649740,3.5
20171126,1436821845,1537238,1438359083,0.11,236105181,8402920,244508101,3.44
20171127,1501029181,2102628,1503131809,0.14,245171214,8546217,253717431,3.37
20171128,1516116341,2275462,1518391803,0.15,249275467,8211244,257486711,3.19
20171129,1515916331,2390425,1518306756,0.16,253892876,7874215,261767091,3.01
20171130,1524110673,2311290,1526421963,0.15,258650433,8292310,266942743,3.11
20171201,1666245286,2346104,1668591390,0.14,246710662,8079878,254790540,3.17
20171202,1802376157,1934745,1804310902,0.11,229665560,7914247,237579807,3.33
20171203,1853912712,1903001,1855815713,0.1,233120321,7783178,240903499,3.23
20171204,1571009621,2418264,1573427885,0.15,248483897,7955583,256439480,3.1
20171205,1468216907,2375705,1470592612,0.16,251192081,8082399,259274480,3.12
20171206,1515480552,2351418,1517831970,0.15,242306298,8033799,250340097,3.21
20171207,1901120377,1234979,1902355356,0.06,265991438,9340327,275331765,3.39
20171208,1921878305,1222826,1923101131,0.06,269874099,9720896,279594995,3.48
20171209,1701076755,1026946,1702103701,0.06,251315896,9565496,260881392,3.67
20171210,1413413513,1022672,1414436185,0.07,245655911,9089230,254745141,3.57
20171211,1556557393,1182529,1557739922,0.08,262023106,9457582,271480688,3.48
20171212,1561880196,1113765,1562993961,0.07,279563352,9829803,289393155,3.4
20171213,2090902372,1127228,2092029600,0.05,281725716,9925484,291651200,3.4
20171214,2502676818,22329783,2525006601,0.88,283703588,10045299,293748887,3.42
20171215,2511060441,44570386,2555630827,1.74,282576072,9558894,292134966,3.27
20171216,1668365415,41116889,1709482304,2.41,264915820,9414806,274330626,3.43
20171217,1400982833,39630831,1440613664,2.75,260914097,9310452,270224549,3.45
20171218,1541324040,43874055,1585198095,2.77,275819757,9527873,285347630,3.34
20171219,2013677024,44998414,2058675438,2.19,279706654,9255734,288962388,3.2
20171220,2148335777,46153699,2194489476,2.1,277535726,9461481,286997207,3.3
20171221,2254778499,45369913,2300148412,1.97,271498542,9587401,281085943,3.41
20171222,1663806636,44213420,1708020056,2.59,267513692,9205898,276719590,3.33
20171223,1384126322,40748650,1424874972,2.86,252169528,8727215,260896743,3.35
20171224,1379019209,40590560,1419609769,2.86,248586614,8750456,257337070,3.4
20171225,1384771463,41537077,1426308540,2.91,242545436,9090739,251636175,3.61
20171226,2010151602,44345790,2054497392,2.16,257476047,8990564,266466611,3.37
20171227,1692234249,47368888,1739603137,2.72,274392353,9274202,283666555,3.27
20171228,2206614403,48924870,2255539273,2.17,281673593,9031497,290705090,3.11
20171229,2001945540,45278731,2047224271,2.21,269240753,7987090,277227843,2.88
20171230,1701420016,46797733,1748217749,2.68,282050907,8281988,290332895,2.85
20171231,1398532937,45195259,1443728196,3.13,265455932,8220612,273676544,3.0
20180101,1372086445,43711174,1415797619,3.09,281539844,8649905,290189749,2.98
20180102,1524390776,49161431,1573552207,3.12,310447486,9327458,319774944,2.92
20180103,1557761602,51819833,1609581435,3.22,334625256,9362390,343987646,2.72
20180104,1528214935,50543689,1578758624,3.2,305593773,9394738,314988511,2.98
20180105,1608144517,50053536,1658198053,3.02,313997986,9573686,323571672,2.96
20180106,1478368715,42904239,1521272954,2.82,276094306,8991331,285085637,3.15
20180107,1431070585,41622905,1472693490,2.83,274012197,8991307,283003504,3.18
20180108,1555984699,47604156,1603588855,2.97,288771086,9774956,298546042,3.27
20180109,1628182579,48554440,1676737019,2.9,291057151,9931036,300988187,3.3
20180110,1672703926,48527578,1721231504,2.82,291045093,10109456,301154549,3.36
20180111,1678379115,50084268,1728463383,2.9,297029502,9958972,306988474,3.24
20180112,1680142240,51155572,1731297812,2.95,293642697,9676261,303318958,3.19
20180113,1521541651,44515414,1566057065,2.84,271891233,9345167,281236400,3.32
20180114,1502280530,43211017,1545491547,2.8,268679202,9453771,278132973,3.4
20180115,1667697763,50207115,1717904878,2.92,291945477,10146183,302091660,3.36
20180116,1698057420,50946400,1749003820,2.91,304795617,10758768,315554385,3.41
20180117,1679345915,50979234,1730325149,2.95,319003638,10584059,329587697,3.21
20180118,1704017218,51725820,1755743038,2.95,309452535,10371674,319824209,3.24
20180119,1628560243,50888992,1679449235,3.03,286610606,9942327,296552933,3.35
20180120,1506925633,45623022,1552548655,2.94,278554165,9226974,287781139,3.21
20180121,1473424161,45998613,1519422774,3.03,278922577,9374906,288297483,3.25
20180122,1589322103,50110685,1639432788,3.06,281201474,10076669,291278143,3.46
20180123,1615292307,51147537,1666439844,3.07,289773435,10290155,300063590,3.43
20180124,1664347854,51013644,1715361498,2.97,291656753,10164592,301821345,3.37
20180125,1725537671,51593870,1777131541,2.9,281083640,10349533,291433173,3.55
20180126,1505187323,48858927,1554046250,3.14,276747866,10253804,287001670,3.57
20180127,1388645508,44689262,1433334770,3.12,303929341,9711603,313640944,3.1
20180128,1364498658,43367658,1407866316,3.08,283785449,9864421,293649870,3.36
20180129,1526303837,49816090,1576119927,3.16,297406729,10472676,307879405,3.4
20180130,1549280625,49303759,1598584384,3.08,290857903,10484272,301342175,3.48
20180131,1625332376,50182246,1675514622,3.0,299625651,10460774,310086425,3.37
20180201,1630625449,52281248,1682906697,3.11,312520024,10608184,323128208,3.28
20180202,1555645415,51820318,1607465733,3.22,284930929,10342270,295273199,3.5
20180203,1458220491,44417760,1502638251,2.96,278481624,9810940,288292564,3.4
20180204,1352766551,42977972,1395744523,3.08,282151389,9547816,291699205,3.27
20180205,1491580236,48100146,1539680382,3.12,291164639,10123864,301288503,3.36
20180206,1467107694,48996014,1516103708,3.23,309015901,10440103,319456004,3.27
20180207,1494724072,50786035,1545510107,3.29,318622200,10503100,329125300,3.19
20180208,1521450421,52056205,1573506626,3.31,288890768,10722148,299612916,3.58
20180209,1513136425,53173765,1566310190,3.39,291631608,10582055,302213663,3.5
20180210,1397720158,47017030,1444737188,3.25,296221223,10340016,306561239,3.37
20180211,1347212773,47903444,1395116217,3.43,283896247,10310054,294206301,3.5
20180212,1391009658,48000815,1439010473,3.34,287780587,10517699,298298286,3.53
20180213,1409468360,51804679,1461273039,3.55,297394153,10989862,308384015,3.56
20180214,1453023202,48780817,1501804019,3.25,288510938,10927923,299438861,3.65
20180215,1415403623,47844823,1463248446,3.27,298659219,10415876,309075095,3.37
20180216,1360683844,46630290,1407314134,3.31,283996338,10340721,294337059,3.51
20180217,1292112370,42214461,1334326831,3.16,273094860,9784179,282879039,3.46
20180218,1293480319,41755042,1335235361,3.13,271907938,9980678,281888616,3.54
20180219,1551289753,44687030,1595976783,2.8,274314248,10541156,284855404,3.7
20180220,1593079175,45357968,1638437143,2.77,272363810,10802982,283166792,3.82
20180221,1584202380,46416608,1630618988,2.85,279159295,10864771,290024066,3.75
20180222,1522385618,50397445,1572783063,3.2,284888988,10423569,295312557,3.53
20180223,1470448670,49553150,1520001820,3.26,284416588,10140298,294556886,3.44
20180224,1376154725,45333227,1421487952,3.19,269640912,9833539,279474451,3.52
20180225,1344149851,43814131,1387963982,3.16,273977625,10001276,283978901,3.52
20180226,1483970262,49403392,1533373654,3.22,278521244,10542428,289063672,3.65
20180227,1517868432,49296253,1567164685,3.15,308148600,10755258,318903858,3.37
20180228,1579360683,49997979,1629358662,3.07,284495705,10511450,295007155,3.56
20180301,1715234890,50496769,1765731659,2.86,298333188,8689730,307022918,2.83
20180302,1695679175,51151545,1746830720,2.93,285900290,10802936,296703226,3.64
20180303,1374328074,45462600,1419790674,3.2,285082017,10148597,295230614,3.44
20180304,1357885623,45151006,1403036629,3.22,309168506,10410311,319578817,3.26
20180305,1521553106,49788766,1571341872,3.17,329615369,11110595,340725964,3.26
20180306,1527246370,51194966,1578441336,3.24,306647444,11007879,317655323,3.47
20180307,1538678883,52745781,1591424664,3.31,312133212,11287631,323420843,3.49
20180308,1492156349,51402057,1543558406,3.33,314778053,10841769,325619822,3.33
20180309,1472809626,49371170,1522180796,3.24,300648701,10672271,311320972,3.43
20180310,1522034025,46726002,1568760027,2.98,306202269,10165651,316367920,3.21
20180311,1563478887,44966730,1608445617,2.8,298401672,10295584,308697256,3.34
20180312,1695158662,49824582,1744983244,2.86,287783144,10896210,298679354,3.65
20180313,1602446182,49857591,1652303773,3.02,320144929,11338423,331483352,3.42
20180314,1586495220,51721169,1638216389,3.16,323383520,11162772,334546292,3.34
20180315,1578138593,50261314,1628399907,3.09,314671711,11471570,326143281,3.52
20180316,1513828062,50513731,1564341793,3.23,295754398,11055804,306810202,3.6
20180317,1379808510,45715841,1425524351,3.21,281457466,10857805,292315271,3.71
20180318,1361227319,44699188,1405926507,3.18,279610755,10859460,290470215,3.74
20180319,1473861359,46266415,1520127774,3.04,278812500,10630751,289443251,3.67
20180320,1529805986,41298862,1571104848,2.63,295953813,9562902,305516715,3.13
20180321,129938962,3488080,133427042,2.61,29461303,816283,30277586,2.7
20180322,689442673,16219237,705661910,2.3,136696997,4397301,141094298,3.12
20180323,1441759943,40501244,1482261187,2.73,282750702,9209712,291960414,3.15
20180324,1317841914,34211035,1352052949,2.53,265572186,8656246,274228432,3.16
20180325,1292087470,32455100,1324542570,2.45,264423543,8454986,272878529,3.1
20180326,1508760176,38577185,1547337361,2.49,277917557,9121084,287038641,3.18
20180327,2151624481,40674182,2192298663,1.86,280358496,9035086,289393582,3.12
20180328,1985476139,39853112,2025329251,1.97,285927987,8892703,294820690,3.02
20180329,1784934015,39163980,1824097995,2.15,301241055,9083240,310324295,2.93
20180330,1425853547,35730690,1461584237,2.44,275393689,8154682,283548371,2.88
20180331,1338375003,34773449,1373148452,2.53,262594584,8216799,270811383,3.03
20180401,1325719009,30926258,1356645267,2.28,258523327,7551115,266074442,2.84
20180402,1468876654,33424382,1502301036,2.22,273605708,7613646,281219354,2.71
20180403,1552103757,35408762,1587512519,2.23,304373727,8369559,312743286,2.68
20180404,1548404484,37567388,1585971872,2.37,315490633,8812181,324302814,2.72
20180405,1577851326,36861890,1614713216,2.28,319317728,8910828,328228556,2.71
20180406,1527596614,37135712,1564732326,2.37,311020768,8718502,319739270,2.73
20180407,1376110246,34692580,1410802826,2.46,266726465,8580305,275306770,3.12
20180408,1344306521,33475807,1377782328,2.43,259231298,8168588,267399886,3.05
20180409,1855584374,37057454,1892641828,1.96,276342462,8532050,284874512,3.0
20180410,2638159238,39654459,2677813697,1.48,284322172,9194371,293516543,3.13
20180411,3113127795,38422725,3151550520,1.22,298786614,9054666,307841280,2.94
20180412,2050229510,39684005,2089913515,1.9,283905237,9282484,293187721,3.17
20180413,1944697599,38033065,1982730664,1.92,286000706,8785619,294786325,2.98
20180414,1506717158,33801018,1540518176,2.19,271316847,8104781,279421628,2.9
20180415,1715433608,34394020,1749827628,1.97,269906479,8335075,278241554,3.0
20180416,1985266245,37683771,2022950016,1.86,290505207,8687918,299193125,2.9
20180417,1679197255,39104747,1718302002,2.28,297584091,8849674,306433765,2.89
20180418,1592963584,40061672,1633025256,2.45,298766034,9278220,308044254,3.01
20180419,1574618810,39241754,1613860564,2.43,289632246,9351666,298983912,3.13
20180420,1528529295,37879308,1566408603,2.42,282062918,8907758,290970676,3.06
20180421,1424051501,36471748,1460523249,2.5,269522704,8430021,277952725,3.03
20180422,1432384490,37834736,1470219226,2.57,274991001,7930624,282921625,2.8
20180423,1596476753,41082033,1637558786,2.51,296970919,8518488,305489407,2.79
20180424,1654507902,45286557,1699794459,2.66,304013205,8945628,312958833,2.86
20180425,1663464003,44889262,1708353265,2.63,305967773,8608156,314575929,2.74
20180426,1618205443,47940587,1666146030,2.88,299514480,8993757,308508237,2.92
20180427,1617307991,47768888,1665076879,2.87,288644831,9057426,297702257,3.04
20180428,1505626444,48183296,1553809740,3.1,267714997,8552091,276267088,3.1
20180429,1429381945,42303504,1471685449,2.87,289836777,8143582,297980359,2.73
20180430,1544144064,46424208,1590568272,2.92,286112405,8753786,294866191,2.97
20180501,1518001991,43176716,1561178707,2.77,294510874,9355512,303866386,3.08
20180502,1558760018,44751440,1603511458,2.79,306661945,9604755,316266700,3.04
20180503,1589263708,42149415,1631413123,2.58,365735630,9331661,375067291,2.49
20180504,1629163816,41157324,1670321140,2.46,331679470,9251864,340931334,2.71
20180505,1533066255,37751839,1570818094,2.4,289322426,9245125,298567551,3.1
20180506,1497770563,37512059,1535282622,2.44,282161237,9144955,291306192,3.14
20180507,1624462782,41948067,1666410849,2.52,293148779,9835793,302984572,3.25
20180508,1827968286,42794741,1870763027,2.29,302967241,9837453,312804694,3.14
20180509,1756024869,44509382,1800534251,2.47,299981207,9865694,309846901,3.18
20180510,2149258078,43094504,2192352582,1.97,304947181,9653767,314600948,3.07
20180511,2175928603,42095370,2218023973,1.9,313357328,9560048,322917376,2.96
20180512,2037026755,37798766,2074825521,1.82,274271031,8900441,283171472,3.14
20180513,1508343550,33682826,1542026376,2.18,276378804,8734481,285113285,3.06
20180514,1692223487,42386616,1734610103,2.44,294799792,9985708,304785500,3.28
20180515,1780323940,44761309,1825085249,2.45,310188415,10005233,320193648,3.12
20180516,1783227267,43538655,1826765922,2.38,321300863,9961036,331261899,3.01
20180517,1742579574,44405668,1786985242,2.48,314240180,9938527,324178707,3.07
20180518,1741676663,44678176,1786354839,2.5,323622031,10281027,333903058,3.08
20180519,1605635103,40107745,1645742848,2.44,282418364,9869618,292287982,3.38
20180520,1539710689,39439955,1579150644,2.5,271082225,9727129,280809354,3.46
20180521,1711426604,43755461,1755182065,2.49,300962437,10931786,311894223,3.5
20180522,1773401125,43014257,1816415382,2.37,307364955,9760583,317125538,3.08
20180523,1725950914,46112664,1772063578,2.6,300395463,10346794,310742257,3.33
20180524,1676571790,43622346,1720194136,2.54,312037682,10021625,322059307,3.11
20180525,1743877801,42801182,1786678983,2.4,296763963,9591230,306355193,3.13
20180526,1693284314,39009015,1732293329,2.25,276068409,9273504,285341913,3.25
20180527,1659133829,36280452,1695414281,2.14,266685803,8651496,275337299,3.14
20180528,1768395401,41117364,1809512765,2.27,302245274,9352167,311597441,3.0
20180529,1803562046,45157485,1848719531,2.44,354966336,10765671,365732007,2.94
20180530,1811917923,46502506,1858420429,2.5,335531652,11065894,346597546,3.19
20180531,1833039787,43867725,1876907512,2.34,321062815,9968988,331031803,3.01
20180601,1809707253,44344842,1854052095,2.39,313013847,10035042,323048889,3.11
20180602,1616100736,40485443,1656586179,2.44,294574086,9297579,303871665,3.06
20180603,1539683872,40920595,1580604467,2.59,311560094,9899860,321459954,3.08
20180604,1677879675,45613153,1723492828,2.65,367836755,10661942,378498697,2.82
20180605,1716175411,43924756,1760100167,2.5,338805401,10952146,349757547,3.13
20180606,1670109690,42667133,1712776823,2.49,339002129,9886084,348888213,2.83
20180607,1698906208,44084179,1742990387,2.53,328476537,10143305,338619842,3.0
20180608,1707111883,46288247,1753400130,2.64,328759798,10819147,339578945,3.19
20180609,1567149987,41495574,1608645561,2.58,299848311,9630511,309478822,3.11
20180610,1552278468,39674489,1591952957,2.49,299796480,9610550,309407030,3.11
20180611,1814531956,45786623,1860318579,2.46,331152787,11415359,342568146,3.33
20180612,2221356563,47135910,2268492473,2.08,386504176,11392266,397896442,2.86
20180613,2025521983,48837302,2074359285,2.35,342994018,11309690,354303708,3.19
20180614,1920135050,49067821,1969202871,2.49,337817087,11146603,348963690,3.19
20180615,1925302571,49267603,1974570174,2.5,324703828,11471462,336175290,3.41
20180616,1647555688,43734665,1691290353,2.59,298343665,11206563,309550228,3.62
20180617,1688769366,41797063,1730566429,2.42,283667353,10659723,294327076,3.62
20180618,1791674656,43457413,1835132069,2.37,316814006,10926367,327740373,3.33
20180619,1955593677,49629166,2005222843,2.47,310147128,11980953,322128081,3.72
20180620,1834784573,48596110,1883380683,2.58,303040682,11452110,314492792,3.64
20180621,1725301192,48740124,1774041316,2.75,304432920,11590239,316023159,3.67
20180622,1722404528,50080011,1772484539,2.83,307209856,12465874,319675730,3.9
20180623,1556259936,44537486,1600797422,2.78,276426352,10689312,287115664,3.72
20180624,1493358791,43929095,1537287886,2.86,274249548,10980826,285230374,3.85
20180625,1663270630,48951682,1712222312,2.86,302000939,11495272,313496211,3.67
20180626,1692635048,48759170,1741394218,2.8,318736988,11869568,330606556,3.59
20180627,1689119786,49391519,1738511305,2.84,311218176,11103298,322321474,3.44
20180628,1673589591,51408212,1724997803,2.98,303575833,11366889,314942722,3.61
20180629,1662356148,46746695,1709102843,2.74,329470673,10519469,339990142,3.09
20180630,1537155439,41564909,1578720348,2.63,277355545,9723521,287079066,3.39
20180701,1512496271,44476390,1556972661,2.86,278109708,10743068,288852776,3.72
20180702,1683702224,50553866,1734256090,2.92,304637317,11220275,315857592,3.55
20180703,1721699707,51881909,1773581616,2.93,308656636,11497078,320153714,3.59
20180704,1675359429,49003538,1724362967,2.84,295186997,11403240,306590237,3.72
20180705,1799512691,44744725,1844257416,2.43,350975465,9877243,360852708,2.74
20180706,1642538408,51200554,1693738962,3.02,310114269,11196442,321310711,3.48
20180707,1483989910,46157797,1530147707,3.02,274361948,10730799,285092747,3.76
20180708,1443939627,44779803,1488719430,3.01,272949561,11041984,283991545,3.89
20180709,1653038857,48776851,1701815708,2.87,314006276,11600043,325606319,3.56
20180710,1691088462,50426830,1741515292,2.9,336135375,11853242,347988617,3.41
20180711,1684042837,52093481,1736136318,3.0,310246584,12106019,322352603,3.76
20180712,1652212347,50996362,1703208709,2.99,304317014,11958449,316275463,3.78
20180713,1640237165,49985448,1690222613,2.96,299710240,11341284,311051524,3.65
20180714,951835827,30517416,982353243,3.11,168392658,7094617,175487275,4.04
20180715,1250509607,37974023,1288483630,2.95,224700612,8988666,233689278,3.85
20180716,1712181856,52982194,1765164050,3.0,306312639,11824946,318137585,3.72
20180717,1577586959,48387765,1625974724,2.98,287378997,10785975,298164972,3.62
20180718,1709879921,50448958,1760328879,2.87,306361784,11461314,317823098,3.61
20180719,1732704269,50779545,1783483814,2.85,300102767,11306008,311408775,3.63
20180720,1757179477,50799583,1807979060,2.81,303674567,11727831,315402398,3.72
20180721,1622894594,46327605,1669222199,2.78,286032244,11351600,297383844,3.82
20180722,1582347062,45614053,1627961115,2.8,275709375,11289690,286999065,3.93
20180723,1813252972,49657949,1862910921,2.67,310659319,11342122,322001441,3.52
20180724,1877959059,52070465,1930029524,2.7,306064149,11945041,318009190,3.76
20180725,1867950556,51318553,1919269109,2.67,310685274,12150950,322836224,3.76
20180726,1838180998,53241496,1891422494,2.81,305699342,12460271,318159613,3.92
20180727,1793375484,53294420,1846669904,2.89,300510039,12548362,313058401,4.01
20180728,1789176092,47297462,1836473554,2.58,295610239,11427464,307037703,3.72
20180729,2202598852,47593711,2250192563,2.12,379537058,11959268,391496326,3.05
20180730,1416690091,29313457,1446003548,2.03,249493487,7282671,256776158,2.84
20180731,2632581413,53374432,2685955845,1.99,413792484,12704937,426497421,2.98
20180801,2751743315,54673434,2806416749,1.95,418807432,12440922,431248354,2.88
20180802,2014352849,54549388,2068902237,2.64,314798762,12383135,327181897,3.78
20180803,1805090252,50512768,1855603020,2.72,293598151,11981790,305579941,3.92
20180804,1663757425,46743398,1710500823,2.73,298909639,11770036,310679675,3.79
20180805,1628728763,45777432,1674506195,2.73,323355842,11570385,334926227,3.45
20180806,1804511289,50953670,1855464959,2.75,313057800,12214364,325272164,3.76
20180807,1837603767,52897543,1890501310,2.8,318002200,11980953,329983153,3.63
20180808,2172180974,51807789,2223988763,2.33,362795510,11719743,374515253,3.13
20180809,1928791357,52625867,1981417224,2.66,351520480,11778452,363298932,3.24
20180810,1887378362,51828885,1939207247,2.67,344330146,11911832,356241978,3.34
20180811,1729429162,47587827,1777016989,2.68,305527501,11404448,316931949,3.6
20180812,1705334681,47016437,1752351118,2.68,303172282,11540191,314712473,3.67
20180813,1834644873,51549009,1886193882,2.73,324959327,11447842,336407169,3.4
20180814,1578381847,43182907,1621564754,2.66,277253426,10444631,287698057,3.63
20180815,1621750803,41637219,1663388022,2.5,280091229,10646916,290738145,3.66
20180816,1968952028,50962567,2019914595,2.52,329702258,13332351,343034609,3.89
20180817,1904207931,51024110,1955232041,2.61,323532286,13762842,337295128,4.08
20180818,1735513643,44254679,1779768322,2.49,311095219,13141974,324237193,4.05
20180819,1659536754,43742748,1703279502,2.57,303719059,13022562,316741621,4.11
20180820,1866011641,48415634,1914427275,2.53,340066042,13655479,353721521,3.86
20180821,1829192690,48667513,1877860203,2.59,336854336,13968562,350822898,3.98
20180822,1868767980,47076770,1915844750,2.46,351360729,13247773,364608502,3.63
20180823,1884676236,46526642,1931202878,2.41,354139440,12633919,366773359,3.44
20180824,1866598526,45306868,1911905394,2.37,349509145,12875735,362384880,3.55
20180825,1686567339,41421423,1727988762,2.4,329179919,12260971,341440890,3.59
20180826,1668333034,40237645,1708570679,2.36,325395521,11781395,337176916,3.49
20180827,1897442270,48337605,1945779875,2.48,355874891,13123656,368998547,3.56
20180828,1916570145,49031901,1965602046,2.49,357287015,13416783,370703798,3.62
20180829,1937670728,48898834,1986569562,2.46,375746372,12410132,388156504,3.2
20180830,1954059686,47363837,2001423523,2.37,369964129,13699853,383663982,3.57
20180831,1913890101,45669081,1959559182,2.33,345363088,12976657,358339745,3.62
20180901,1749987444,40285036,1790272480,2.25,329709243,12373150,342082393,3.62
20180902,1684717227,41166068,1725883295,2.39,334651461,12420184,347071645,3.58
20180903,1842715652,44471489,1887187141,2.36,396259777,13334369,409594146,3.26
20180904,1895282251,43163973,1938446224,2.23,376710676,12822652,389533328,3.29
20180905,1923648078,44008195,1967656273,2.24,361230259,12663549,373893808,3.39
20180906,1826396669,42130672,1868527341,2.25,353991392,12132788,366124180,3.31
20180907,1940258084,44544395,1984802479,2.24,369615657,12685675,382301332,3.32
20180908,1779316539,42280284,1821596823,2.32,345092091,12312810,357404901,3.45
20180909,1767047158,40510693,1807557851,2.24,342912382,12324100,355236482,3.47
20180910,1966514954,44348311,2010863265,2.21,356269974,12972984,369242958,3.51
20180911,2006065399,45235764,2051301163,2.21,360195101,13019939,373215040,3.49
20180912,2046547101,45877085,2092424186,2.19,369741202,13082547,382823749,3.42
20180913,2052006544,45163942,2097170486,2.15,355990401,13611394,369601795,3.68
20180914,2008646706,44695343,2053342049,2.18,345991172,13610330,359601502,3.78
20180915,1790718353,39910139,1830628492,2.18,334341018,12648055,346989073,3.65
20180916,1761639188,38220233,1799859421,2.12,334481404,12745826,347227230,3.67
20180917,1944485931,42309175,1986795106,2.13,347475883,13630808,361106691,3.77
20180918,2004460176,44149417,2048609593,2.16,358396382,14001402,372397784,3.76
20180919,1973190930,44030114,2017221044,2.18,362365049,14055078,376420127,3.73
20180920,1992444362,43073048,2035517410,2.12,362772935,13821733,376594668,3.67
20180921,2526588697,39290675,2565879372,1.53,459297340,14012893,473310233,2.96
20180922,2615929218,38500821,2654430039,1.45,489223974,14090804,503314778,2.8
20180923,2392177635,37222873,2429400508,1.53,452637956,13676174,466314130,2.93
20180924,1939304349,42053740,1981358089,2.12,373425168,14103310,387528478,3.64
20180925,2038675958,43821323,2082497281,2.1,377371448,14730205,392101653,3.76
20180926,2073518515,45367208,2118885723,2.14,377221689,14962555,392184244,3.82
20180927,2055159677,43322835,2098482512,2.06,381440258,14801727,396241985,3.74
20180928,2045367535,43130897,2088498432,2.07,386436447,14649961,401086408,3.65
20180929,1957390230,42678794,2000069024,2.13,395550727,14835963,410386690,3.62
20180930,1889613207,42339583,1931952790,2.19,373127623,14998957,388126580,3.86
20181001,2046161260,44210675,2090371935,2.11,387457164,14538826,401995990,3.62
20181002,2053112853,45387285,2098500138,2.16,386555066,14716884,401271950,3.67
20181003,2038049492,45045576,2083095068,2.16,421271491,14516607,435788098,3.33
20181004,2012192415,43781133,2055973548,2.13,401059186,14857440,415916626,3.57
20181005,1999002250,42598099,2041600349,2.09,385653679,14806050,400459729,3.7
20181006,1899680522,40174387,1939854909,2.07,363556423,14234692,377791115,3.77
20181007,1840490433,38279641,1878770074,2.04,351972587,14187917,366160504,3.87
20181008,1994466733,43134025,2037600758,2.12,371240146,15483963,386724109,4.0
20181009,2003462813,43733092,2047195905,2.14,377277703,15582982,392860685,3.97
20181010,1988000136,44062427,2032062563,2.17,372524496,15469789,387994285,3.99
20181011,1987156767,44281398,2031438165,2.18,356207109,15552908,371760017,4.18
20181012,1950237158,43104269,1993341427,2.16,342537571,15769649,358307220,4.4
20181013,1814087806,40081362,1854169168,2.16,349292445,15789320,365081765,4.32
20181014,1793010380,38653520,1831663900,2.11,342674860,14795051,357469911,4.14
20181015,2017833275,42949213,2060782488,2.08,355558564,15458339,371016903,4.17
20181016,2030877824,40967553,2071845377,1.98,364703335,14710237,379413572,3.88
20181017,1995678291,38112885,2033791176,1.87,374309893,14687096,388996989,3.78
20181018,2009641864,39102021,2048743885,1.91,367320566,14981299,382301865,3.92
20181019,1971140833,38989647,2010130480,1.94,365452233,14800201,380252434,3.89
20181020,1879655298,36732921,1916388219,1.92,358851836,14413886,373265722,3.86
20181021,1793777631,39695562,1833473193,2.17,360495625,14898602,375394227,3.97
20181022,2037956452,44477671,2082434123,2.14,372800651,16027106,388827757,4.12
20181023,2105774495,40480549,2146255044,1.89,367411866,14265364,381677230,3.74
20181024,2069632551,43152781,2112785332,2.04,370037120,15129937,385167057,3.93
20181025,2056401882,44467285,2100869167,2.12,368132021,15776084,383908105,4.11
20181026,2017639159,43790940,2061430099,2.12,363038759,15123759,378162518,4.0
20181027,1787574886,41270308,1828845194,2.26,356833228,14227867,371061095,3.83
20181028,1729057390,41653134,1770710524,2.35,358389088,14158248,372547336,3.8
20181029,1946955285,46278370,1993233655,2.32,404065086,15281959,419347045,3.64
20181030,2001391285,48644030,2050035315,2.37,400642328,16180786,416823114,3.88
20181031,1931823945,49210248,1981034193,2.48,390892301,17728212,408620513,4.34
20181101,576666776,16193960,592860736,2.73,129451620,6259786,135711406,4.61
20181102,898122559,21624873,919747432,2.35,194984391,7768989,202753380,3.83
20181103,1684282158,45127174,1729409332,2.61,388936593,17180952,406117545,4.23
20181104,1677824025,43764879,1721588904,2.54,426426529,16372869,442799398,3.7
20181105,1793888104,49352127,1843240231,2.68,407825394,17543330,425368724,4.12
20181106,1907252065,48804636,1956056701,2.5,408509705,17285953,425795658,4.06
20181107,1935038188,50255337,1985293525,2.53,402070918,17536006,419606924,4.18
20181108,1891338010,49481684,1940819694,2.55,379671793,16954999,396626792,4.27
20181109,1885473711,49398503,1934872214,2.55,388667749,17054284,405722033,4.2
20181110,1800887388,46270488,1847157876,2.5,384558343,16640678,401199021,4.15
20181111,1788542396,45946186,1834488582,2.5,379268792,16700499,395969291,4.22
20181112,1954817247,49065670,2003882917,2.45,399005894,17381963,416387857,4.17
20181113,1831942976,43364348,1875307324,2.31,387969636,15502332,403471968,3.84
20181114,1745781719,40984591,1786766310,2.29,363374113,14549380,377923493,3.85
20181115,1856911651,44038613,1900950264,2.32,391492470,15529572,407022042,3.82
20181116,1835736364,42437884,1878174248,2.26,392388161,15425831,407813992,3.78
20181117,1732028778,42374805,1774403583,2.39,395711133,15970131,411681264,3.88
20181118,1702140260,41622350,1743762610,2.39,392542424,15967302,408509726,3.91
20181119,1914612725,45410885,1960023610,2.32,406920962,16463496,423384458,3.89
20181120,2178936817,42799570,2221736387,1.93,453757319,15383704,469141023,3.28
20181121,1988060166,44991776,2033051942,2.21,416255090,16486795,432741885,3.81
20181122,2002541447,44067345,2046608792,2.15,401921162,16624556,418545718,3.97
20181123,1937035894,44484089,1981519983,2.24,407422761,16755538,424178299,3.95
20181124,1758590916,37858595,1796449511,2.11,377663977,14540365,392204342,3.71
20181125,1791378030,39420969,1830798999,2.15,387461343,15392314,402853657,3.82
20181126,2015442259,44854746,2060297005,2.18,421913634,16994410,438908044,3.87
20181127,2074363571,43433683,2117797254,2.05,419094706,16459797,435554503,3.78
20181128,2079180764,46125428,2125306192,2.17,423650496,16491052,440141548,3.75
20181129,2087948067,44884338,2132832405,2.1,421503040,16117590,437620630,3.68
20181130,1964456831,44923356,2009380187,2.24,410338441,16333818,426672259,3.83
20181201,1820275760,42898502,1863174262,2.3,389716632,15788013,405504645,3.89
20181202,1789506716,42127421,1831634137,2.3,380044465,15584285,395628750,3.94
20181203,2000318602,46718138,2047036740,2.28,397941955,16117210,414059165,3.89
20181204,2041931225,46367963,2088299188,2.22,404196990,16146690,420343680,3.84
20181205,2033932864,46181008,2080113872,2.22,444334824,15976616,460311440,3.47
20181206,2050475817,45401253,2095877070,2.17,470232041,14521643,484753684,3.0
20181207,2118324000,43383368,2161707368,2.01,434682210,13634383,448316593,3.04
20181208,1920295871,39158213,1959454084,2.0,422611122,12742885,435354007,2.93
20181209,1897513646,38903347,1936416993,2.01,424436287,13272939,437709226,3.03
20181210,2117378605,44321642,2161700247,2.05,436002231,15789320,451791551,3.49
20181211,2206001684,44723168,2250724852,1.99,455304564,15680011,470984575,3.33
20181212,2139602684,44147626,2183750310,2.02,441002570,15314479,456317049,3.36
20181213,2115507829,43753617,2159261446,2.03,437563822,15109202,452673024,3.34
20181214,2053580164,42869778,2096449942,2.04,436553414,15340309,451893723,3.39
20181215,1968224195,40465828,2008690023,2.01,422620151,14944654,437564805,3.42
20181216,1919227529,39816211,1959043740,2.03,415017102,14384537,429401639,3.35
20181217,2053519148,42333033,2095852181,2.02,434872538,14422051,449294589,3.21
20181218,2087737082,42568169,2130305251,2.0,426252909,14289770,440542679,3.24
20181219,2149247666,43740285,2192987951,1.99,433433122,14718319,448151441,3.28
20181220,2094581288,43813941,2138395229,2.05,433920280,14858870,448779150,3.31
20181221,2071023418,43055231,2114078649,2.04,436684120,14899881,451584001,3.3
20181222,1937877199,39462615,1977339814,2.0,419588167,14582926,434171093,3.36
20181223,1833815117,39122921,1872938038,2.09,405318270,14067332,419385602,3.35
20181224,1949398609,38879414,1988278023,1.96,414440304,14148979,428589283,3.3
20181225,1922551914,38809484,1961361398,1.98,407694639,14800043,422494682,3.5
20181226,1971437920,37024797,2008462717,1.84,424369919,13832200,438202119,3.16
20181227,1953170886,39323774,1992494660,1.97,401811387,14342326,416153713,3.45
20181228,1934225404,36367875,1970593279,1.85,408551178,13793969,422345147,3.27
20181229,1847934547,39538720,1887473267,2.09,438635367,14777768,453413135,3.26
20181230,1810082883,37274749,1847357632,2.02,428563091,13914940,442478031,3.14
20181231,1874028057,36985238,1911013295,1.94,439443196,13360149,452803345,2.95
20190101,1824054215,36537456,1860591671,1.96,443270680,13658386,456929066,2.99
20190102,1969465342,39260861,2008726203,1.95,467803834,14526404,482330238,3.01
20190103,2065888794,39238998,2105127792,1.86,454327876,14623276,468951152,3.12
20190104,2125807569,40804971,2166612540,1.88,455680518,14825289,470505807,3.15
20190105,1927920670,39251045,1967171715,2.0,440841795,14765666,455607461,3.24
20190106,1896519846,39093191,1935613037,2.02,437157217,14450092,451607309,3.2
20190107,2086581696,42821209,2129402905,2.01,460953721,14960737,475914458,3.14
20190108,2154304838,44579060,2198883898,2.03,455832175,15500608,471332783,3.29
20190109,2193754989,44602594,2238357583,1.99,485996172,15572158,501568330,3.1
20190110,2159623088,44710717,2204333805,2.03,489717505,15467497,505185002,3.06
20190111,2176040498,43101181,2219141679,1.94,493278899,14955521,508234420,2.94
20190112,2105567395,42587387,2148154782,1.98,478493751,14328867,492822618,2.91
20190113,2143256611,43098867,2186355478,1.97,490952467,14302264,505254731,2.83
20190114,2276771834,42282217,2319054051,1.82,531754040,14154949,545908989,2.59
20190115,2302806591,45440496,2348247087,1.94,509199049,15105439,524304488,2.88
20190116,2323712044,42910767,2366622811,1.81,522583886,14342684,536926570,2.67
20190117,2287612937,42422681,2330035618,1.82,504811992,13742366,518554358,2.65
20190118,2195226897,42139660,2237366557,1.88,505799515,13473047,519272562,2.59
20190119,2048875241,41817746,2090692987,2.0,513051557,13805109,526856666,2.62
20190120,2050671059,41690143,2092361202,1.99,510385099,13870071,524255170,2.65
20190121,2189557303,42742954,2232300257,1.91,525411587,13892016,539303603,2.58
20190122,2266087256,45608930,2311696186,1.97,520156533,14213825,534370358,2.66
20190123,2310951234,44947776,2355899010,1.91,520027912,13687917,533715829,2.56
20190124,2414824867,45508102,2460332969,1.85,521438868,13701268,535140136,2.56
20190125,2387343165,47011979,2434355144,1.93,535871346,14704601,550575947,2.67
20190126,2249729088,47880725,2297609813,2.08,527578366,15067446,542645812,2.78
20190127,2249101024,44944339,2294045363,1.96,544135721,14698201,558833922,2.63
20190128,2362727975,44443020,2407170995,1.85,540412843,13406907,553819750,2.42
20190129,2409420036,42671132,2452091168,1.74,523440386,12227382,535667768,2.28
20190130,2351863037,40540488,2392403525,1.69,504793792,12258647,517052439,2.37
20190131,2438256693,41723306,2479979999,1.68,502001556,12038118,514039674,2.34
20190201,2505619616,46804400,2552424016,1.83,557560085,13034400,570594485,2.28
20190202,2294721810,48029192,2342751002,2.05,490147035,13850919,503997954,2.75
20190203,2228785482,45698558,2274484040,2.01,467227505,13577239,480804744,2.82
20190204,2433721782,48292754,2482014536,1.95,491306991,13779569,505086560,2.73
20190205,2416528973,47731269,2464260242,1.94,526747089,13558941,540306030,2.51
20190206,2433027502,45609273,2478636775,1.84,516967503,12577725,529545228,2.38
20190207,2450423598,47843660,2498267258,1.92,522219662,12858640,535078302,2.4
20190208,2433878895,45542061,2479420956,1.84,523562370,13136886,536699256,2.45
20190209,2308832241,48661830,2357494071,2.06,533216869,13595121,546811990,2.49
20190210,2255234583,48778234,2304012817,2.12,549285070,13790791,563075861,2.45
20190211,2382453777,43482106,2425935883,1.79,529297477,12669612,541967089,2.34
20190212,2478756490,45901216,2524657706,1.82,547199051,12433532,559632583,2.22
20190213,2346731064,41314475,2388045539,1.73,529302962,10403543,539706505,1.93
20190214,2451480475,42763717,2494244192,1.71,520232923,11507453,531740376,2.16
20190215,2521655621,43476539,2565132160,1.69,514900582,11964026,526864608,2.27
20190216,2336592265,46069125,2382661390,1.93,513395489,12311372,525706861,2.34
20190217,2291921808,47142411,2339064219,2.02,526670906,12763110,539434016,2.37
20190218,2163891611,36331045,2200222656,1.65,486773757,10318788,497092545,2.08
20190219,2426495944,43690775,2470186719,1.77,528845356,12434109,541279465,2.3
20190220,2306748491,36735906,2343484397,1.57,500819811,10193548,511013359,1.99
20190221,2396788302,45117458,2441905760,1.85,508883592,12559748,521443340,2.41
20190222,2434372925,45342428,2479715353,1.83,526686436,12562981,539249417,2.33
20190223,2238595667,45430120,2284025787,1.99,551875929,12498212,564374141,2.21
20190224,2206520682,43810830,2250331512,1.95,535086420,12522836,547609256,2.29
20190225,2366909241,44947857,2411857098,1.86,495747802,12022559,507770361,2.37
20190226,2363897662,46570509,2410468171,1.93,489780988,11805575,501586563,2.35
20190227,2398849656,44908013,2443757669,1.84,485298326,11215268,496513594,2.26
20190228,2406458654,45038250,2451496904,1.84,452712588,11383084,464095672,2.45
20190301,2433639530,45103676,2478743206,1.82,465476196,11722103,477198299,2.46
20190302,2337498140,45243775,2382741915,1.9,475754233,12220862,487975095,2.5
20190303,2387212358,49681539,2436893897,2.04,489880987,13979074,503860061,2.77
20190304,2533685106,47622865,2581307971,1.84,501472377,12775309,514247686,2.48
20190305,2402210217,41511561,2443721778,1.7,431996380,10206135,442202515,2.31
20190306,2559759108,43157776,2602916884,1.66,478571333,12139793,490711126,2.47
20190307,2613300689,39659280,2652959969,1.49,465860149,11596554,477456703,2.43
20190308,2482023961,37134516,2519158477,1.47,468388401,10594898,478983299,2.21
20190309,2409576509,43338209,2452914718,1.77,519121388,12057246,531178634,2.27
20190310,2426195727,39729764,2465925491,1.61,492493805,11607415,504101220,2.3
20190311,2615049596,39614594,2654664190,1.49,498095717,12180288,510276005,2.39
20190312,2579873285,40184414,2620057699,1.53,484806571,11634309,496440880,2.34
20190313,2664602415,37895772,2702498187,1.4,471070876,10591774,481662650,2.2
20190314,2688332097,41604907,2729937004,1.52,493413961,12173553,505587514,2.41
20190315,2508467880,39194119,2547661999,1.54,497514865,11441943,508956808,2.25
20190316,2485976846,45466518,2531443364,1.8,483780736,12978315,496759051,2.61
20190317,2469482151,47519509,2517001660,1.89,478827173,13096849,491924022,2.66
20190318,2458936708,41269187,2500205895,1.65,474616109,11030365,485646474,2.27
20190319,2317216787,42077772,2359294559,1.78,418461060,10851282,429312342,2.53
20190320,2452449924,42505975,2494955899,1.7,447623736,11007592,458631328,2.4
20190321,2418432550,40877361,2459309911,1.66,435967590,10520565,446488155,2.36
20190322,2502616775,42525573,2545142348,1.67,444850671,11031996,455882667,2.42
20190323,2341764848,46758570,2388523418,1.96,428340121,12375164,440715285,2.81
20190324,2328752618,47195560,2375948178,1.99,463836780,12953317,476790097,2.72
20190325,2361388044,38864593,2400252637,1.62,446397994,11261758,457659752,2.46
20190326,2400040599,38225204,2438265803,1.57,480458086,11843067,492301153,2.41
20190327,2416355186,38965349,2455320535,1.59,481951097,11448179,493399276,2.32
20190328,2463102627,43286042,2506388669,1.73,503799481,11860712,515660193,2.3
20190329,2379552856,40136375,2419689231,1.66,479589347,10611982,490201329,2.16
20190330,2118036607,43235251,2161271858,2.0,448516749,11582547,460099296,2.52
20190331,2137389871,44230406,2181620277,2.03,503118839,13098382,516217221,2.54
20190401,2292373926,39769302,2332143228,1.71,513314391,13636292,526950683,2.59
20190402,2350819758,41485367,2392305125,1.73,550984338,13903036,564887374,2.46
20190403,2461794416,40031691,2501826107,1.6,534186625,14008393,548195018,2.56
20190404,2432666947,37923516,2470590463,1.53,530728688,13726741,544455429,2.52
20190405,2542625223,39288060,2581913283,1.52,540910774,13486482,554397256,2.43
20190406,2568849974,43474346,2612324320,1.66,512971517,14221055,527192572,2.7
20190407,2499959026,43092606,2543051632,1.69,497534436,14990923,512525359,2.92
20190408,2527428441,39342761,2566771202,1.53,467752132,13034156,480786288,2.71
20190409,1447462966,18992737,1466455703,1.3,263546022,6273507,269819529,2.33
20190410,2698783838,31901083,2730684921,1.17,484904552,11397792,496302344,2.3
20190411,2707915107,42609201,2750524308,1.55,498614801,15056969,513671770,2.93
20190412,2552185194,38346465,2590531659,1.48,423977975,13254760,437232735,3.03
20190413,2533402465,42817597,2576220062,1.66,509510275,15771614,525281889,3.0
20190414,2448306924,42002672,2490309596,1.69,501327713,15702217,517029930,3.04
20190415,2614861656,41640366,2656502022,1.57,495477852,14830278,510308130,2.91
20190416,2638259772,41663124,2679922896,1.55,509111974,15486592,524598566,2.95
20190417,2716567532,42668411,2759235943,1.55,510571359,15925268,526496627,3.02
20190418,2810322008,40129869,2850451877,1.41,502310792,14705556,517016348,2.84
20190419,2623969269,42726650,2666695919,1.6,515308105,16645465,531953570,3.13
20190420,2521493056,43530990,2565024046,1.7,497056105,16831214,513887319,3.28
20190421,2397733002,43224508,2440957510,1.77,496283541,14432633,510716174,2.83
20190422,2706522998,44731399,2751254397,1.63,518000800,16416607,534417407,3.07
20190423,2702286574,42261437,2744548011,1.54,490933163,15787507,506720670,3.12
20190424,2690915475,44981819,2735897294,1.64,491387878,16107452,507495330,3.17
20190425,2532220225,42492745,2574712970,1.65,458671326,15318868,473990194,3.23
20190426,2784632768,40242960,2824875728,1.42,515960122,15125603,531085725,2.85
20190427,2496272935,36845949,2533118884,1.45,491604602,14172867,505777469,2.8
20190428,2312711560,37840554,2350552114,1.61,475481140,15805363,491286503,3.22
20190429,2718706402,40651169,2759357571,1.47,511104490,14767411,525871901,2.81
20190430,2935548538,38939721,2974488259,1.31,510707712,14299471,525007183,2.72
20190501,2763257547,42666179,2805923726,1.52,557676714,15398523,573075237,2.69
20190502,2651929605,42172551,2694102156,1.57,528720290,14450942,543171232,2.66
20190503,2655254674,39825391,2695080065,1.48,534863867,13354359,548218226,2.44
20190504,2374300886,36619622,2410920508,1.52,487611536,12194467,499806003,2.44
20190505,2323940627,40656266,2364596893,1.72,478659444,14165202,492824646,2.87
20190506,2695895438,43597431,2739492869,1.59,492015514,15726463,507741977,3.1
20190507,2688023053,41844013,2729867066,1.53,479506264,15122930,494629194,3.06
20190508,2474040483,42266743,2516307226,1.68,468152050,15158873,483310923,3.14
20190509,2688592832,62153238,2750746070,2.26,526433983,16834848,543268831,3.1
20190510,2668429963,62327844,2730757807,2.28,520740343,17090101,537830444,3.18
20190511,2448753861,59058146,2507812007,2.35,489104624,16336741,505441365,3.23
20190512,2454719670,59840784,2514560454,2.38,484078922,16579425,500658347,3.31
20190513,2725786409,60424991,2786211400,2.17,514933704,16632723,531566427,3.13
20190514,2785758816,59752415,2845511231,2.1,534365626,16809020,551174646,3.05
20190515,3069578148,61848688,3131426836,1.98,535497880,16315875,551813755,2.96
20190516,2818426109,62338185,2880764294,2.16,528629491,16452187,545081678,3.02
20190517,2803936770,59952125,2863888895,2.09,525617425,15572089,541189514,2.88
20190518,2552222546,58213209,2610435755,2.23,489078004,15552899,504630903,3.08
20190519,2503431660,57847613,2561279273,2.26,482888379,15764825,498653204,3.16
20190520,2892650231,63200457,2955850688,2.14,513286731,16707936,529994667,3.15
20190521,2974042271,63052895,3037095166,2.08,516006586,16868007,532874593,3.17
20190522,2891230792,63547865,2954778657,2.15,515033519,16977437,532010956,3.19
20190523,2869456667,65286815,2934743482,2.22,562293819,16141836,578435655,2.79
20190524,2850247589,65718870,2915966459,2.25,554355030,16724817,571079847,2.93
20190525,2554097167,61028655,2615125822,2.33,531348201,15939270,547287471,2.91
20190526,2456495634,60840911,2517336545,2.42,509413962,16068022,525481984,3.06
20190527,2652664812,65756679,2718421491,2.42,534102034,16718968,550821002,3.04
20190528,2769453638,66932589,2836386227,2.36,574501092,16734520,591235612,2.83
20190529,2798066502,67272870,2865339372,2.35,549151507,17210830,566362337,3.04
20190530,3161764738,68574383,3230339121,2.12,606827755,17848286,624676041,2.86
20190531,3318067704,70560721,3388628425,2.08,650655833,18167076,668822909,2.72
20190601,2994448253,66348347,3060796600,2.17,652761071,17238045,669999116,2.57
20190602,2831371742,65777555,2897149297,2.27,613098092,17373562,630471654,2.76
20190603,3161219021,71889806,3233108827,2.22,652795977,18566032,671362009,2.77
20190604,3218645484,74311807,3292957291,2.26,717103940,18837731,735941671,2.56
20190605,3244009435,79518857,3323528292,2.39,695630356,19207841,714838197,2.69
20190606,3134964802,70074033,3205038835,2.19,767255287,17390189,784645476,2.22
20190607,2019641364,45271047,2064912411,2.19,482716626,10659888,493376514,2.16
20190608,1764691338,40469982,1805161320,2.24,466124716,10254563,476379279,2.15
20190609,1686916105,41910631,1728826736,2.42,460382521,10173257,470555778,2.16
20190610,2217249262,50393369,2267642631,2.22,558247027,12715993,570963020,2.23
20190611,2970578928,69398910,3039977838,2.28,751436647,16793849,768230496,2.19
20190612,2600931234,57249890,2658181124,2.15,646413585,13865852,660279437,2.1
20190613,3223344849,68384205,3291729054,2.08,824627684,17833693,842461377,2.12
20190614,3194672367,68615463,3263287830,2.1,807755231,18009134,825764365,2.18
20190615,2893282007,65006463,2958288470,2.2,796981921,17417739,814399660,2.14
20190616,2886821857,65197127,2952018984,2.21,750122375,17319785,767442160,2.26
20190617,3122181227,67642412,3189823639,2.12,704240612,18249892,722490504,2.53
20190618,3257792419,75589776,3333382195,2.27,691662042,19310639,710972681,2.72
20190619,3223951566,75628849,3299580415,2.29,695919320,19528489,715447809,2.73
20190620,3237822062,74799835,3312621897,2.26,695139107,19311908,714451015,2.7
20190621,3257822641,71252819,3329075460,2.14,667278904,18297097,685576001,2.67
20190622,2997361905,68551785,3065913690,2.24,581664871,17912865,599577736,2.99
20190623,2917249129,70248821,2987497950,2.35,608699458,18142677,626842135,2.89
20190624,3114029611,71185706,3185215317,2.23,654474217,18002160,672476377,2.68
20190625,3128911728,71617583,3200529311,2.24,701716749,17749082,719465831,2.47
20190626,3156203418,69117188,3225320606,2.14,660658740,17053962,677712702,2.52
20190627,3135526394,67814525,3203340919,2.12,679056754,17177567,696234321,2.47
20190628,3125386035,69520047,3194906082,2.18,700828966,18176049,719005015,2.53
20190629,2853839410,67018111,2920857521,2.29,660076108,17204232,677280340,2.54
20190630,2836451819,65282465,2901734284,2.25,659108813,16946294,676055107,2.51
20190701,3155155519,70352015,3225507534,2.18,733287581,18211975,751499556,2.42
20190702,3104210968,69485995,3173696963,2.19,683410705,17118843,700529548,2.44
20190703,3204940920,72387967,3277328887,2.21,635497759,17491166,652988925,2.68
20190704,3094165888,72668110,3166833998,2.29,617154790,17954800,635109590,2.83
20190705,3373562915,66226540,3439789455,1.93,606102417,16305612,622408029,2.62
20190706,3173294592,58523616,3231818208,1.81,563685984,14961868,578647852,2.59
20190707,2846313482,67290930,2913604412,2.31,577140928,16847581,593988509,2.84
20190708,3137259131,70105654,3207364785,2.19,663182065,16417866,679599931,2.42
20190709,3077845557,69319451,3147165008,2.2,607939906,15668285,623608191,2.51
20190710,3121154403,68354765,3189509168,2.14,604162695,16318653,620481348,2.63
20190711,3053932922,69619123,3123552045,2.23,603658709,17202495,620861204,2.77
20190712,3094617687,66932439,3161550126,2.12,605925076,16337096,622262172,2.63
20190713,2807573609,65070565,2872644174,2.27,558950716,16056336,575007052,2.79
20190714,2747811536,59453207,2807264743,2.12,548606803,15177151,563783954,2.69
20190715,3007601631,64265340,3071866971,2.09,581234923,16306784,597541707,2.73
20190716,3068492754,65526274,3134019028,2.09,579897733,16847779,596745512,2.82
20190717,3067601424,65180003,3132781427,2.08,595828578,17171814,613000392,2.8
20190718,3068147261,70453494,3138600755,2.24,597340750,17511487,614852237,2.85
20190719,3088336194,69143511,3157479705,2.19,593108068,16130254,609238322,2.65
20190720,2853209616,70269737,2923479353,2.4,583225356,16247087,599472443,2.71
20190721,2777959994,67834460,2845794454,2.38,568837240,17054888,585892128,2.91
20190722,2968914243,64129476,3033043719,2.11,571885681,17178574,589064255,2.92
20190723,3003877673,67530532,3071408205,2.2,597579153,17122338,614701491,2.79
20190724,2985287168,68971030,3054258198,2.26,595257832,17464282,612722114,2.85
20190725,3017630722,66252039,3083882761,2.15,603858469,17751806,621610275,2.86
20190726,2997974956,66527288,3064502244,2.17,590151383,17647652,607799035,2.9
20190727,2703705957,64291044,2767997001,2.32,568469122,17306077,585775199,2.95
20190728,2671854835,64669391,2736524226,2.36,559614634,17602282,577216916,3.05
20190729,2921136692,66526998,2987663690,2.23,584553353,17897791,602451144,2.97
20190730,2958023424,67821497,3025844921,2.24,601032769,17588859,618621628,2.84
20190731,2980267017,67806525,3048073542,2.22,585544805,17131246,602676051,2.84
20190801,3043228475,66376088,3109604563,2.13,624230288,16935857,641166145,2.64
20190802,3020022050,59407501,3079429551,1.93,656109391,15236636,671346027,2.27
20190803,2766176792,58916149,2825092941,2.09,642542341,15960509,658502850,2.42
20190804,2741088097,57426988,2798515085,2.05,692346294,15113954,707460248,2.14
20190805,3018623762,60019381,3078643143,1.95,670522559,15631498,686154057,2.28
20190806,3025675011,61005517,3086680528,1.98,687259504,16142119,703401623,2.29
20190807,2934528431,56266037,2990794468,1.88,700506878,15492899,715999777,2.16
20190808,2922525266,57181621,2979706887,1.92,671135368,15533112,686668480,2.26
20190809,2998949946,58085920,3057035866,1.9,653900420,15502049,669402469,2.32
20190810,2762360064,64309857,2826669921,2.28,600235588,16150475,616386063,2.62
20190811,2696634226,62560002,2759194228,2.27,572578561,16171646,588750207,2.75
20190812,2871945514,63981104,2935926618,2.18,620653984,15952093,636606077,2.51
20190813,2893496534,68091179,2961587713,2.3,632300525,16966723,649267248,2.61
20190814,2938406200,66384748,3004790948,2.21,705348453,16187551,721536004,2.24
20190815,3640637381,52159557,3692796938,1.41,919675699,14153503,933829202,1.52
20190816,3760896387,51915764,3812812151,1.36,896969103,13367435,910336538,1.47
20190817,2759108836,62377855,2821486691,2.21,621644046,15083681,636727727,2.37
20190818,2700501742,63740227,2764241969,2.31,613188114,15705590,628893704,2.5
20190819,2921397305,59067149,2980464454,1.98,634462155,14650049,649112204,2.26
20190820,2924546156,59644813,2984190969,2.0,660027602,14939745,674967347,2.21
20190821,2995596370,59562519,3055158889,1.95,655605319,14332080,669937399,2.14
20190822,2911203134,62836278,2974039412,2.11,641405344,14433199,655838543,2.2
20190823,2961248654,60890579,3022139233,2.01,651427385,13733891,665161276,2.06
20190824,2896462920,69636554,2966099474,2.35,590791308,16075538,606866846,2.65
20190825,2868408814,72550176,2940958990,2.47,580972114,16183185,597155299,2.71
20190826,3075717816,67052688,3142770504,2.13,604840098,15311491,620151589,2.47
20190827,3078226923,65815893,3144042816,2.09,612029305,14963161,626992466,2.39
20190828,3089134806,70416106,3159550912,2.23,640282274,15937819,656220093,2.43
20190829,3169173970,64246522,3233420492,1.99,713965133,14422072,728387205,1.98
20190830,3169652172,63387741,3233039913,1.96,719907623,14371530,734279153,1.96
20190831,2951055601,68790961,3019846562,2.28,678138223,15383745,693521968,2.22
20190901,2860662349,68350434,2929012783,2.33,680718068,15325587,696043655,2.2
20190902,3042452782,69284857,3111737639,2.23,735444176,15322271,750766447,2.04
20190903,3146566115,70893091,3217459206,2.2,708345966,15222459,723568425,2.1
20190904,3075705669,73930936,3149636605,2.35,647050903,15760082,662810985,2.38
20190905,3094431488,69000588,3163432076,2.18,678979464,16269718,695249182,2.34
20190906,3207325502,69924259,3277249761,2.13,698636559,16937644,715574203,2.37
20190907,2982866868,71478919,3054345787,2.34,692651673,16801039,709452712,2.37
20190908,2948405900,70761931,3019167831,2.34,686525989,16776773,703302762,2.39
20190909,3093667422,74596344,3168263766,2.35,707184382,17624966,724809348,2.43
20190910,3099312326,78015546,3177327872,2.46,698183384,17998923,716182307,2.51
20190911,3117249270,75249259,3192498529,2.36,699788742,18251532,718040274,2.54
20190912,3093147021,77847586,3170994607,2.45,684801015,17950211,702751226,2.55
20190913,3102370090,80290363,3182660453,2.52,705403142,18065790,723468932,2.5
20190914,2927599284,73782913,3001382197,2.46,673219824,17656471,690876295,2.56
20190915,2870773626,72732035,2943505661,2.47,667794456,17663070,685457526,2.58
20190916,3049313414,75472573,3124785987,2.42,701376997,17893890,719270887,2.49
20190917,3136330604,73392094,3209722698,2.29,717691320,17065057,734756377,2.32
20190918,3103295968,67048550,3170344518,2.11,715785615,16753768,732539383,2.29
20190919,3116113698,73947764,3190061462,2.32,730606347,18178111,748784458,2.43
20190920,3090994365,73236838,3164231203,2.31,740241589,18244945,758486534,2.41
20190921,2917549556,68417065,2985966621,2.29,743552437,18128904,761681341,2.38
20190922,2934167218,73022125,3007189343,2.43,740561282,17268050,757829332,2.28
20190923,3090946003,70316762,3161262765,2.22,727329219,18283741,745612960,2.45
20190924,3136556058,70894650,3207450708,2.21,725920718,18339089,744259807,2.46
20190925,3074513961,70838878,3145352839,2.25,698711882,17277844,715989726,2.41
20190926,3094666130,68344708,3163010838,2.16,738982095,17566729,756548824,2.32
20190927,3196981773,64161177,3261142950,1.97,729756026,16540857,746296883,2.22
20190928,2926645552,66759896,2993405448,2.23,689978737,17584596,707563333,2.49
20190929,2791955933,65139456,2857095389,2.28,675817824,20531974,696349798,2.95
20190930,3172207945,75731161,3247939106,2.33,658369296,21332329,679701625,3.14
20191001,3165683247,76683606,3242366853,2.37,673923238,20706261,694629499,2.98
20191002,2912277940,62212995,2974490935,2.09,735560971,16313789,751874760,2.17
20191003,2533805961,43761363,2577567324,1.7,686061076,14854427,700915503,2.12
20191004,3352415736,59494161,3411909897,1.74,726116511,17127649,743244160,2.3
20191005,3529872075,55691374,3585563449,1.55,716189370,14329142,730518512,1.96
20191006,3755248133,58719550,3813967683,1.54,714497359,15523092,730020451,2.13
20191007,3223956934,48906642,3272863576,1.49,603197236,12361203,615558439,2.01
20191008,1002016654,18161670,1020178324,1.78,219460375,4823854,224284229,2.15
20191009,2174159043,42835160,2216994203,1.93,505766991,12150556,517917547,2.35
20191010,3058754518,63653595,3122408113,2.04,758217999,17941535,776159534,2.31
20191011,2251419705,41673670,2293093375,1.82,610532031,29246563,639778594,4.57
20191012,2808183954,60296412,2868480366,2.1,730945831,19131068,750076899,2.55
20191013,2803411814,60013348,2863425162,2.1,701401936,19414339,720816275,2.69
20191014,3001144175,63260839,3064405014,2.06,715146118,19755325,734901443,2.69
20191015,2994303746,65200915,3059504661,2.13,735793919,19744172,755538091,2.61
20191016,3202483138,66668578,3269151716,2.04,784592083,23692873,808284956,2.93
20191017,2841690859,58491616,2900182475,2.02,746528410,21686341,768214751,2.82
20191018,2708567988,37967311,2746535299,1.38,611253420,14000511,625253931,2.24
20191019,3480103798,57959961,3538063759,1.64,731852279,22648011,754500290,3.0
20191020,3502577792,58007639,3560585431,1.63,702627411,22244860,724872271,3.07
20191021,3577291927,63410539,3640702466,1.74,744405078,23242395,767647473,3.03
20191022,2927601928,64613214,2992215142,2.16,768735863,22732671,791468534,2.87
20191023,2853543356,66646814,2920190170,2.28,780810692,25512282,806322974,3.16
20191024,3007169124,62085493,3069254617,2.02,735351341,22688108,758039449,2.99
20191025,3079966535,68598768,3148565303,2.18,723879564,25174904,749054468,3.36
20191026,2721450742,66812666,2788263408,2.4,699825234,25760461,725585695,3.55
20191027,2687502527,68298183,2755800710,2.48,684164861,24717563,708882424,3.49
20191028,2649718330,57579757,2707298087,2.13,660948797,25945531,686894328,3.78
20191029,2980027930,69016978,3049044908,2.26,694973104,23803354,718776458,3.31
20191030,2511778461,49162178,2560940639,1.92,642941033,20507066,663448099,3.09
20191031,2022561516,31178561,2053740077,1.52,506916499,15869257,522785756,3.04
20191101,2917464525,65973160,2983437685,2.21,693873807,28399141,722272948,3.93
20191102,2878156692,69667432,2947824124,2.36,687370661,36976484,724347145,5.1
20191103,2869341362,72834274,2942175636,2.48,676968934,29101414,706070348,4.12
20191104,3013334099,72488527,3085822626,2.35,687764447,27199374,714963821,3.8
20191105,3023738363,70207588,3093945951,2.27,711930762,25574829,737505591,3.47
20191106,2139785362,57344394,2197129756,2.61,503118073,20410644,523528717,3.9
