#date,queriesUDP_IPV4,queriesTCP_IPv4,queriesTOTAL_IPv4,ratioTCP_IPv4,queriesUDP_IPV6,queriesTCP_IPv6,queriesTOTAL_IPv6,ratioTCP_IPv6
20160530,3618102481,14371002,3632473483,0.4,302434900,492836,302927736,0.16
20160531,6046317952,18775865,6065093817,0.31,430711685,702916,431414601,0.16
20160601,6197555078,17467917,6215022995,0.28,463135729,620272,463756001,0.13
20160602,6241180305,17780385,6258960690,0.28,503219707,630424,503850131,0.13
20160603,6172440393,19615347,6192055740,0.32,497740650,697201,498437851,0.14
20160604,5761516136,18532902,5780049038,0.32,476298108,841596,477139704,0.18
20160605,5613913133,17883091,5631796224,0.32,468878858,849905,469728763,0.18
20160606,6142661138,21585335,6164246473,0.35,480830081,878630,481708711,0.18
20160607,6005669848,20223055,6025892903,0.34,475906664,831767,476738431,0.17
20160608,5396295468,18420331,5414715799,0.34,470553508,808985,471362493,0.17
20160609,6059848166,19332281,6079180447,0.32,475187101,818773,476005874,0.17
20160610,5843845603,19697593,5863543196,0.34,468961590,797459,469759049,0.17
20160611,5550705109,17022047,5567727156,0.31,454995357,801720,455797077,0.18
20160612,5696606080,18398528,5715004608,0.32,453876844,827263,454704107,0.18
20160613,5864429022,21323157,5885752179,0.36,484964948,858901,485823849,0.18
20160614,5771482548,21071811,5792554359,0.36,496677656,903741,497581397,0.18
20160615,6017651945,19695315,6037347260,0.33,506475600,935326,507410926,0.18
20160616,5636392495,22208853,5658601348,0.39,504273634,976214,505249848,0.19
20160617,4349694985,21616825,4371311810,0.49,505037271,1040194,506077465,0.21
20160618,4012449953,20253104,4032703057,0.5,478686227,989123,479675350,0.21
20160619,4005980333,20709385,4026689718,0.51,486808958,1013950,487822908,0.21
20160620,4417802371,21967173,4439769544,0.49,513858820,1041689,514900509,0.2
20160621,4495719979,23212984,4518932963,0.51,498446820,1154580,499601400,0.23
20160622,4601476549,24729576,4626206125,0.53,514506081,1100397,515606478,0.21
20160623,4699288220,24397087,4723685307,0.52,525319693,1087745,526407438,0.21
20160624,4488935284,21468481,4510403765,0.48,521007892,1186393,522194285,0.23
20160625,3812756481,17267569,3830024050,0.45,487040205,1002665,488042870,0.21
20160626,3948435028,19968297,3968403325,0.5,462032551,963320,462995871,0.21
20160627,4654830906,26685140,4681516046,0.57,535477613,1110246,536587859,0.21
20160628,4687731069,24639504,4712370573,0.52,529947220,1091356,531038576,0.21
20160629,4636958323,20218938,4657177261,0.43,488412022,1085676,489497698,0.22
20160630,4947255971,20834041,4968090012,0.42,486132761,1070633,487203394,0.22
20160701,4853033445,20015336,4873048781,0.41,451645547,1026212,452671759,0.23
20160702,4560424317,18937127,4579361444,0.41,449961018,1025228,450986246,0.23
20160703,4327149795,18275099,4345424894,0.42,461537499,1043975,462581474,0.23
20160704,4032790951,17529656,4050320607,0.43,465064446,1030292,466094738,0.22
20160705,4688237396,19480834,4707718230,0.41,489890778,1036607,490927385,0.21
20160706,5074277437,20955548,5095232985,0.41,490106331,1119696,491226027,0.23
20160707,4983275082,23445160,5006720242,0.47,500200542,1174594,501375136,0.23
20160708,4893298917,22531916,4915830833,0.46,472964982,1147152,474112134,0.24
20160709,4757881562,29478299,4787359861,0.62,464115760,1104818,465220578,0.24
20160710,4570352926,29863049,4600215975,0.65,463088125,1086703,464174828,0.23
20160711,5051940586,31239885,5083180471,0.61,489951011,1144576,491095587,0.23
20160712,5214081924,28646464,5242728388,0.55,552842090,1179289,554021379,0.21
20160713,5425711068,35327498,5461038566,0.65,588156789,1172209,589328998,0.2
20160714,5297472064,28408117,5325880181,0.53,587941691,1218476,589160167,0.21
20160715,5295583478,30545054,5326128532,0.57,583120469,1203273,584323742,0.21
20160716,4804816596,37915079,4842731675,0.78,560290234,1109308,561399542,0.2
20160717,4819456363,38732265,4858188628,0.8,546543150,1089306,547632456,0.2
20160718,5450336355,36435934,5486772289,0.66,565472403,1235825,566708228,0.22
20160719,5211765065,29052697,5240817762,0.55,520825493,1320782,522146275,0.25
20160720,5189160118,27537902,5216698020,0.53,531927922,1285212,533213134,0.24
20160721,5234329717,28550644,5262880361,0.54,533818146,1182390,535000536,0.22
20160722,5356725795,26748999,5383474794,0.5,514203343,1197323,515400666,0.23
20160723,4992311977,26339031,5018651008,0.52,478860364,1063100,479923464,0.22
20160724,5134808992,29512029,5164321021,0.57,522124344,1055242,523179586,0.2
20160725,5724934444,31172494,5756106938,0.54,509012682,1121291,510133973,0.22
20160726,5644221453,35012586,5679234039,0.62,515354691,1170015,516524706,0.23
20160727,5634498108,28964988,5663463096,0.51,524902025,1174141,526076166,0.22
20160728,4818381629,25149888,4843531517,0.52,507556810,1207426,508764236,0.24
20160729,4899341467,24981937,4924323404,0.51,489414464,1101457,490515921,0.22
20160730,4854108162,25931621,4880039783,0.53,451401850,1019638,452421488,0.23
20160731,4833228120,25588377,4858816497,0.53,470211792,1046761,471258553,0.22
20160801,5267460052,29909379,5297369431,0.56,497630324,1171622,498801946,0.23
20160802,5332368861,28906351,5361275212,0.54,495620321,1138950,496759271,0.23
20160803,5268262861,29852951,5298115812,0.56,501182296,1151518,502333814,0.23
20160804,5311522324,33593135,5345115459,0.63,517060633,1221705,518282338,0.24
20160805,5105855331,34908473,5140763804,0.68,518251049,1337113,519588162,0.26
20160806,4592762170,29834827,4622596997,0.65,474823816,1116351,475940167,0.23
20160807,4554165497,28246839,4582412336,0.62,484556899,1085366,485642265,0.22
20160808,5197313435,31010658,5228324093,0.59,514181908,1225313,515407221,0.24
20160809,5487112535,38822174,5525934709,0.7,526211272,1221822,527433094,0.23
20160810,5478786955,38357778,5517144733,0.7,518189743,1208954,519398697,0.23
20160811,5732522952,40221649,5772744601,0.7,517214044,1201294,518415338,0.23
20160812,5466490981,42440930,5508931911,0.77,510531869,1205896,511737765,0.24
20160813,4882210577,41346497,4923557074,0.84,474077795,1139236,475217031,0.24
20160814,4961901090,39916415,5001817505,0.8,471679700,1155547,472835247,0.24
20160815,5600430492,37645418,5638075910,0.67,484480242,1204400,485684642,0.25
20160816,5779116178,41353053,5820469231,0.71,512684940,1226688,513911628,0.24
20160817,5725301341,42072634,5767373975,0.73,511766207,1213588,512979795,0.24
20160818,5855105874,40326759,5895432633,0.68,522389261,1229388,523618649,0.23
20160819,5597933704,43358948,5641292652,0.77,528363153,1293903,529657056,0.24
20160820,4973096819,42079904,5015176723,0.84,515379737,1232594,516612331,0.24
20160821,4995347622,44702975,5040050597,0.89,510454197,1213442,511667639,0.24
20160822,5656240070,44808747,5701048817,0.79,533453043,1258799,534711842,0.24
20160823,5723575832,45041386,5768617218,0.78,532474680,1190855,533665535,0.22
20160824,5525252513,45093956,5570346469,0.81,535428359,1245850,536674209,0.23
20160825,5677053667,48481595,5725535262,0.85,557491282,1206859,558698141,0.22
20160826,4833878827,40063307,4873942134,0.82,498873444,1277503,500150947,0.26
20160827,5041046146,46207098,5087253244,0.91,493743387,1237074,494980461,0.25
20160828,4854923453,47625591,4902549044,0.97,499764968,1154806,500919774,0.23
20160829,5471272641,51412944,5522685585,0.93,527183862,1966191,529150053,0.37
20160830,5922038553,53070309,5975108862,0.89,535028080,2586900,537614980,0.48
20160831,5828384565,39242764,5867627329,0.67,528016134,1319913,529336047,0.25
20160901,5338615961,32418895,5371034856,0.6,521889746,1373498,523263244,0.26
20160902,5147023827,30791858,5177815685,0.59,505404309,1329550,506733859,0.26
20160903,4745854391,29865422,4775719813,0.63,471836339,1264397,473100736,0.27
20160904,4894451151,29370175,4923821326,0.6,474402505,1225025,475627530,0.26
20160905,5501741337,31135103,5532876440,0.56,505344582,1392134,506736716,0.27
20160906,5446280335,30604407,5476884742,0.56,506900758,1438231,508338989,0.28
20160907,5660279665,32561376,5692841041,0.57,515412257,1386656,516798913,0.27
20160908,5762475250,33604325,5796079575,0.58,515996287,1427910,517424197,0.28
20160909,5609638922,31574952,5641213874,0.56,510399004,1430262,511829266,0.28
20160910,5115053713,32851202,5147904915,0.64,492520708,1300693,493821401,0.26
20160911,5006115643,38553085,5044668728,0.76,503810125,1327281,505137406,0.26
20160912,5500699381,34081922,5534781303,0.62,519963654,1415710,521379364,0.27
20160913,5853401584,37390856,5890792440,0.63,539911049,1453867,541364916,0.27
20160914,5906119877,35731581,5941851458,0.6,554396154,1493567,555889721,0.27
20160915,5942443593,33084638,5975528231,0.55,548480809,1648613,550129422,0.3
20160916,5610918304,32962134,5643880438,0.58,549111496,1700902,550812398,0.31
20160917,4955406867,30749310,4986156177,0.62,515491255,1420316,516911571,0.27
20160918,5000251878,29137178,5029389056,0.58,501612974,1199605,502812579,0.24
20160919,5569332391,31742677,5601075068,0.57,562409828,1559363,563969191,0.28
20160920,5627883647,31068610,5658952257,0.55,565870566,1526739,567397305,0.27
20160921,5667690971,32402294,5700093265,0.57,553182277,1487712,554669989,0.27
20160922,5802077011,34225587,5836302598,0.59,567766288,1490219,569256507,0.26
20160923,5437417404,31119618,5468537022,0.57,539497179,1503577,541000756,0.28
20160924,5113280510,31394010,5144674520,0.61,521160437,1520877,522681314,0.29
20160925,5561792917,29952312,5591745229,0.54,527197027,1445539,528642566,0.27
20160926,6010831739,34090379,6044922118,0.56,550924663,1423797,552348460,0.26
20160927,6194593176,36636233,6231229409,0.59,543618728,1505687,545124415,0.28
20160928,6384939574,35068210,6420007784,0.55,560417252,1473421,561890673,0.26
20160929,7960735734,42522178,8003257912,0.53,650622725,1767422,652390147,0.27
20160930,7163620903,40130411,7203751314,0.56,629128948,1684788,630813736,0.27
20161001,6145354793,53939885,6199294678,0.87,622380909,3870556,626251465,0.62
20161002,5471290720,61459977,5532750697,1.11,559372690,6289802,565662492,1.11
20161003,5860864619,66929170,5927793789,1.13,589929289,6465964,596395253,1.08
20161004,5766774119,65465134,5832239253,1.12,546328656,6182272,552510928,1.12
20161005,5774125946,62278512,5836404458,1.07,556994757,6187121,563181878,1.1
20161006,5916771075,62214298,5978985373,1.04,588293499,5977080,594270579,1.01
20161007,5889208733,58346263,5947554996,0.98,647312284,5750760,653063044,0.88
20161008,5018954042,57352609,5076306651,1.13,541186692,5734433,546921125,1.05
20161009,4970925733,57297182,5028222915,1.14,549629710,5750417,555380127,1.04
20161010,5360005461,57358469,5417363930,1.06,578251834,6110599,584362433,1.05
20161011,5469798120,62193944,5531992064,1.12,576337043,5893767,582230810,1.01
20161012,5439667119,60063715,5499730834,1.09,579046497,6177941,585224438,1.06
20161013,5587979153,60151553,5648130706,1.06,575656369,6886579,582542948,1.18
20161014,5475563003,64141200,5539704203,1.16,567554079,6525472,574079551,1.14
20161015,4905714937,54187727,4959902664,1.09,557692174,6606204,564298378,1.17
20161016,4968533312,54002876,5022536188,1.08,587146150,6801873,593948023,1.15
20161017,5567941688,56138124,5624079812,1.0,580248572,6627458,586876030,1.13
20161018,5475821556,58205986,5534027542,1.05,583642795,6709738,590352533,1.14
20161019,5378722489,59785045,5438507534,1.1,585301831,7294202,592596033,1.23
20161020,5475721117,62908484,5538629601,1.14,589412194,8410569,597822763,1.41
20161021,5405176521,62235625,5467412146,1.14,576657263,7636741,584294004,1.31
20161022,5037264374,58420985,5095685359,1.15,559053573,7329928,566383501,1.29
20161023,5125479077,57876380,5183355457,1.12,570302479,7130877,577433356,1.23
20161024,5693091694,63652543,5756744237,1.11,583868867,7756536,591625403,1.31
20161025,5605334928,66032655,5671367583,1.16,600994308,7960621,608954929,1.31
20161026,5566563503,65564860,5632128363,1.16,593563842,7576532,601140374,1.26
20161027,5343461159,60043298,5403504457,1.11,603086992,7132050,610219042,1.17
20161028,5716366376,61628610,5777994986,1.07,612094577,7329560,619424137,1.18
20161029,5215221764,55736450,5270958214,1.06,570617869,7238331,577856200,1.25
20161030,5117101072,54984406,5172085478,1.06,574579016,7161972,581740988,1.23
20161031,5795986302,65687257,5861673559,1.12,569364685,7494794,576859479,1.3
20161101,6168760160,68062137,6236822297,1.09,616071356,7557632,623628988,1.21
20161102,6441997217,67161434,6509158651,1.03,629112529,8146939,637259468,1.28
20161103,6335199089,69818363,6405017452,1.09,658128565,8228763,666357328,1.23
20161104,6276194399,69269822,6345464221,1.09,630006280,7687576,637693856,1.21
20161105,5646611930,59710310,5706322240,1.05,626732392,6981750,633714142,1.1
20161106,5516109558,59105286,5575214844,1.06,647621740,7119962,654741702,1.09
20161107,6158014121,68355130,6226369251,1.1,657593001,7476890,665069891,1.12
20161108,6291600617,71272788,6362873405,1.12,663767457,8036613,671804070,1.2
20161109,6290788175,76505396,6367293571,1.2,659627754,8240300,667868054,1.23
20161110,6591252443,71029328,6662281771,1.07,623034873,8392099,631426972,1.33
20161111,5838740352,69728749,5908469101,1.18,607931230,8353007,616284237,1.36
20161112,5914013518,61486838,5975500356,1.03,599538264,7575861,607114125,1.25
20161113,6136815649,62055019,6198870668,1.0,621988238,7543018,629531256,1.2
20161114,6400909946,66849410,6467759356,1.03,685478937,7879403,693358340,1.14
20161115,5796250060,69551613,5865801673,1.19,613181413,8066246,621247659,1.3
20161116,5983619320,71002232,6054621552,1.17,893294183,8852298,902146481,0.98
20161117,6322219168,71629131,6393848299,1.12,952384241,8739470,961123711,0.91
20161118,6275671627,73252351,6348923978,1.15,967770060,9784182,977554242,1.0
20161119,5959844032,67424878,6027268910,1.12,1100653857,10453821,1111107678,0.94
20161120,5890753098,68023390,5958776488,1.14,1147217833,9645643,1156863476,0.83
20161121,6340000885,74809132,6414810017,1.17,909274986,10528083,919803069,1.14
20161122,6546247054,78567515,6624814569,1.19,727120802,10765008,737885810,1.46
20161123,6558549142,74716070,6633265212,1.13,728682040,10417297,739099337,1.41
20161124,6761011298,75180084,6836191382,1.1,715284646,10611608,725896254,1.46
20161125,6816125983,74323621,6890449604,1.08,733429825,10625420,744055245,1.43
20161126,6124046578,64982349,6189028927,1.05,882494782,10168845,892663627,1.14
20161127,6057077202,64597532,6121674734,1.06,1034073498,11089505,1045163003,1.06
20161128,6922106854,73455313,6995562167,1.05,894633586,10946537,905580123,1.21
20161129,7083007897,70861010,7153868907,0.99,752158085,8835708,760993793,1.16
20161130,6834597366,69824809,6904422175,1.01,841441964,7424577,848866541,0.87
20161201,6824669325,69539082,6894208407,1.01,770379517,8081174,778460691,1.04
20161202,6936978004,71341597,7008319601,1.02,944499492,9657351,954156843,1.01
20161203,6501122299,64399231,6565521530,0.98,1016269300,8170621,1024439921,0.8
20161204,6363601601,64587549,6428189150,1.0,1052507623,8725115,1061232738,0.82
20161205,7019447420,74691638,7094139058,1.05,1047517143,9898280,1057415423,0.94
20161206,7211173946,79137512,7290311458,1.09,865721559,12612181,878333740,1.44
20161207,7210166948,74392656,7284559604,1.02,777045643,10118207,787163850,1.29
20161208,6844581778,73263521,6917845299,1.06,743285964,8986129,752272093,1.19
20161209,7013089622,73125539,7086215161,1.03,756807593,8592478,765400071,1.12
20161210,6468088794,66318812,6534407606,1.01,748038260,8489094,756527354,1.12
20161211,6415506969,65030746,6480537715,1.0,754546671,8917564,763464235,1.17
20161212,6845169635,73280637,6918450272,1.06,783238831,8618312,791857143,1.09
20161213,7067527213,77868645,7145395858,1.09,776154606,8007907,784162513,1.02
20161214,7236766155,74539452,7311305607,1.02,782454678,8345908,790800586,1.06
20161215,7253974327,75116442,7329090769,1.02,742648238,8279448,750927686,1.1
20161216,6983658855,71721861,7055380716,1.02,753507471,7829598,761337069,1.03
20161217,6227241632,64103019,6291344651,1.02,737629192,7257931,744887123,0.97
20161218,5894911503,61996430,5956907933,1.04,739574785,6874723,746449508,0.92
20161219,6585019025,68289706,6653308731,1.03,741119035,7457857,748576892,1.0
20161220,6864922251,72744609,6937666860,1.05,737871541,7892101,745763642,1.06
20161221,6684927860,73482159,6758410019,1.09,731129875,7501788,738631663,1.02
20161222,6465500480,68679741,6534180221,1.05,742123069,7366422,749489491,0.98
20161223,6169591545,67093734,6236685279,1.08,728375832,7816730,736192562,1.06
20161224,5671398390,61987267,5733385657,1.08,692810130,7124166,699934296,1.02
20161225,5562150923,59932003,5622082926,1.07,706270345,6453808,712724153,0.91
20161226,5832682207,61974727,5894656934,1.05,733847223,6695095,740542318,0.9
20161227,6002340123,65722432,6068062555,1.08,753399902,6523905,759923807,0.86
20161228,6125925201,64076748,6190001949,1.04,748685564,6975678,755661242,0.92
20161229,6257881613,63083432,6320965045,1.0,770204823,6440276,776645099,0.83
20161230,6217771860,60830986,6278602846,0.97,744114470,6143565,750258035,0.82
20161231,5994902857,61374971,6056277828,1.01,724179008,6356687,730535695,0.87
20170101,5771809897,62242930,5834052827,1.07,723858332,7361204,731219536,1.01
20170102,6110778736,64892044,6175670780,1.05,745560065,6925844,752485909,0.92
20170103,6376246151,69895888,6446142039,1.08,757849245,7502637,765351882,0.98
20170104,6558370076,65686127,6624056203,0.99,769545160,7019487,776564647,0.9
20170105,6753066138,65485896,6818552034,0.96,764740042,6986518,771726560,0.91
20170106,7857776205,69947757,7927723962,0.88,853130896,7700585,860831481,0.89
20170107,6386387209,60922552,6447309761,0.94,753889339,6802529,760691868,0.89
20170108,6415912935,66561211,6482474146,1.03,779778457,7067256,786845713,0.9
20170109,10463365261,100794829,10564160090,0.95,1107457708,10454094,1117911802,0.94
20170110,10475712191,102214545,10577926736,0.97,1069662614,9655891,1079318505,0.89
20170111,7057359299,76234580,7133593879,1.07,796155069,8110495,804265564,1.01
20170112,7017871359,89487383,7107358742,1.26,779866980,8352209,788219189,1.06
20170113,7021096528,83883198,7104979726,1.18,789868000,8080136,797948136,1.01
20170114,6530789225,69491633,6600280858,1.05,807564407,7528270,815092677,0.92
20170115,6435611486,77439096,6513050582,1.19,815936861,7516292,823453153,0.91
20170116,6891450379,79575277,6971025656,1.14,813401614,7915000,821316614,0.96
20170117,7012180601,76144385,7088324986,1.07,806872190,7775003,814647193,0.95
20170118,6971451789,79260439,7050712228,1.12,796783525,8557982,805341507,1.06
20170119,7078104016,83548812,7161652828,1.17,778670413,8350670,787021083,1.06
20170120,6858820106,83580604,6942400710,1.2,780015080,9223572,789238652,1.17
20170121,6450579099,75948512,6526527611,1.16,747138858,7229563,754368421,0.96
20170122,5812505257,73655994,5886161251,1.25,747241824,7353018,754594842,0.97
20170123,6788776793,82005733,6870782526,1.19,744927001,7962105,752889106,1.06
20170124,6898197358,88283823,6986481181,1.26,754244922,7759019,762003941,1.02
20170125,6762995154,86136431,6849131585,1.26,747035537,7810193,754845730,1.03
20170126,6833533176,93079692,6926612868,1.34,747508264,7957248,755465512,1.05
20170127,6774580322,93289719,6867870041,1.36,731354785,7893639,739248424,1.07
20170128,6187313513,81125383,6268438896,1.29,731505473,7188527,738694000,0.97
20170129,6223335406,78170922,6301506328,1.24,749186282,7108777,756295059,0.94
20170130,6706795512,84013243,6790808755,1.24,747522080,7309056,754831136,0.97
20170131,6733904601,88534814,6822439415,1.3,759154134,7567243,766721377,0.99
20170201,6731600967,93230435,6824831402,1.37,769042739,7449646,776492385,0.96
20170202,6723334411,90728529,6814062940,1.33,759121495,7280318,766401813,0.95
20170203,6575832810,90768968,6666601778,1.36,782355459,7406583,789762042,0.94
20170204,6608040950,82985921,6691026871,1.24,808249663,6779359,815029022,0.83
20170205,6540426076,81740580,6622166656,1.23,820618421,7193635,827812056,0.87
20170206,6764871428,86835488,6851706916,1.27,785538441,7297929,792836370,0.92
20170207,6775113474,88602530,6863716004,1.29,801933638,7135582,809069220,0.88
20170208,6855610005,93862219,6949472224,1.35,805088985,7230032,812319017,0.89
20170209,6737585408,90703933,6828289341,1.33,812764914,7230703,819995617,0.88
20170210,6706927221,91462412,6798389633,1.35,811441433,7406651,818848084,0.9
20170211,6199602214,84860235,6284462449,1.35,794558269,7207422,801765691,0.9
20170212,6243523839,84656959,6328180798,1.34,795399962,7101654,802501616,0.88
20170213,6695244513,90593682,6785838195,1.34,799687846,7514763,807202609,0.93
20170214,6767122489,89349145,6856471634,1.3,799836631,8300541,808137172,1.03
20170215,6738071829,79007503,6817079332,1.16,774250679,7721844,781972523,0.99
20170216,6821840214,83304059,6905144273,1.21,788043133,7949245,795992378,1.0
20170217,6752908003,109719759,6862627762,1.6,824035798,7737085,831772883,0.93
20170218,5582651244,75488988,5658140232,1.33,775878958,7459314,783338272,0.95
20170219,6144181792,76153058,6220334850,1.22,779990403,7356606,787347009,0.93
20170220,6866587970,82528502,6949116472,1.19,806580754,8319304,814900058,1.02
20170221,9602932889,92796352,9695729241,0.96,1038862803,9697071,1048559874,0.92
20170222,6855957888,80783413,6936741301,1.16,799875159,7869036,807744195,0.97
20170223,6970649862,81227744,7051877606,1.15,806306854,7589670,813896524,0.93
20170224,6667509745,83530989,6751040734,1.24,806091821,7872880,813964701,0.97
20170225,6368813352,74569316,6443382668,1.16,801908769,7696058,809604827,0.95
20170226,6386035931,73548666,6459584597,1.14,812602296,7130091,819732387,0.87
20170227,6796785955,80074691,6876860646,1.16,810454686,8433459,818888145,1.03
20170228,6933505232,84136312,7017641544,1.2,820269653,8803679,829073332,1.06
20170301,6966103026,80906151,7047009177,1.15,878749079,9150060,887899139,1.03
20170302,7142099347,88617647,7230716994,1.23,913145826,9041161,922186987,0.98
20170303,7128605185,82973338,7211578523,1.15,877334017,8974536,886308553,1.01
20170304,6723466549,76574607,6800041156,1.13,870715259,8589499,879304758,0.98
20170305,6580762045,74234740,6654996785,1.12,887676720,8309135,895985855,0.93
20170306,13290145305,119703173,13409848478,0.89,1385884243,12340213,1398224456,0.88
20170307,6977893471,82475160,7060368631,1.17,894275489,8686135,902961624,0.96
20170308,7232415397,79136379,7311551776,1.08,872639153,8755403,881394556,0.99
20170309,7182490366,81742395,7264232761,1.13,845895392,8896760,854792152,1.04
20170310,7388284856,81214820,7469499676,1.09,858896667,8258354,867155021,0.95
20170311,6122405176,72791903,6195197079,1.17,792211557,7145571,799357128,0.89
20170312,6221354682,70092653,6291447335,1.11,769308983,7039427,776348410,0.91
20170313,6665079689,75120928,6740200617,1.11,786566084,7154270,793720354,0.9
20170314,6567652060,77770774,6645422834,1.17,823190288,7407598,830597886,0.89
20170315,6359085041,81291510,6440376551,1.26,824640346,7528570,832168916,0.9
20170316,6440462027,83729840,6524191867,1.28,837182972,7835427,845018399,0.93
20170317,6888485864,83255778,6971741642,1.19,872618293,7951551,880569844,0.9
20170318,5975853331,76460676,6052314007,1.26,802106206,7064768,809170974,0.87
20170319,6005743228,75196962,6080940190,1.24,811622585,6976581,818599166,0.85
20170320,6480591895,80416964,6561008859,1.23,848200966,7587562,855788528,0.89
20170321,6346035099,81560657,6427595756,1.27,862364759,7995215,870359974,0.92
20170322,6460274956,86679124,6546954080,1.32,901934859,8787506,910722365,0.96
20170323,6472882870,85217784,6558100654,1.3,911162104,8682187,919844291,0.94
20170324,6595997857,85107174,6681105031,1.27,894364140,9252540,903616680,1.02
20170325,6248117097,78370634,6326487731,1.24,865809104,8345025,874154129,0.95
20170326,5954548471,75312991,6029861462,1.25,868889576,8273478,877163054,0.94
20170327,6725510178,82852477,6808362655,1.22,896164266,8995881,905160147,0.99
20170328,6384900949,81230787,6466131736,1.26,920847793,8848062,929695855,0.95
20170329,6100952147,77289992,6178242139,1.25,879738760,8709458,888448218,0.98
20170330,6130019574,76468103,6206487677,1.23,845147552,8968678,854116230,1.05
20170331,5771861824,76282935,5848144759,1.3,772075768,8913696,780989464,1.14
20170401,5556566728,74728675,5631295403,1.33,740920028,7951918,748871946,1.06
20170402,5400641319,72082068,5472723387,1.32,726364840,7908828,734273668,1.08
20170403,5953081717,80182312,6033264029,1.33,762218952,9436997,771655949,1.22
20170404,6271839759,84155518,6355995277,1.32,816786915,9250549,826037464,1.12
20170405,6125472577,90774787,6216247364,1.46,798398199,9279925,807678124,1.15
20170406,6053743258,93992730,6147735988,1.53,735615623,8805872,744421495,1.18
20170407,5990317755,81085350,6071403105,1.34,763789547,8436753,772226300,1.09
20170408,5502710276,73076676,5575786952,1.31,746112133,7942188,754054321,1.05
20170409,5422638170,71776111,5494414281,1.31,725241456,7918646,733160102,1.08
20170410,5236785479,80479848,5317265327,1.51,737114359,9064340,746178699,1.21
20170411,6150510252,81331034,6231841286,1.31,773628512,9204729,782833241,1.18
20170412,6118408113,86841792,6205249905,1.4,790979129,9302057,800281186,1.16
20170413,6128459922,83060976,6211520898,1.34,776731940,9082281,785814221,1.16
20170414,5979108843,77258875,6056367718,1.28,769887124,7764532,777651656,1.0
20170415,5678960523,70972720,5749933243,1.23,719611342,7012300,726623642,0.97
20170416,5501378510,71285703,5572664213,1.28,705137487,7094908,712232395,1.0
20170417,5904115499,77252270,5981367769,1.29,730104986,7828697,737933683,1.06
20170418,5882896378,83198193,5966094571,1.39,744904552,8596797,753501349,1.14
20170419,6131692695,88735574,6220428269,1.43,779728454,8398882,788127336,1.07
20170420,6106631799,83605157,6190236956,1.35,671564464,8702134,680266598,1.28
20170421,5778906393,77224371,5856130764,1.32,653335085,8402207,661737292,1.27
20170422,5134748411,71333168,5206081579,1.37,625254877,7788844,633043721,1.23
20170423,4968740311,69736818,5038477129,1.38,645748074,7848668,653596742,1.2
20170424,5680883917,77636029,5758519946,1.35,658392344,9036272,667428616,1.35
20170425,6892679131,87320649,6979999780,1.25,733813690,9551452,743365142,1.28
20170426,5246046009,82330560,5328376569,1.55,677242843,9047863,686290706,1.32
20170427,5364350551,82452724,5446803275,1.51,658487229,8885728,667372957,1.33
20170428,5728395491,82422644,5810818135,1.42,659809622,8701830,668511452,1.3
20170429,5591104561,72576680,5663681241,1.28,643359943,8212835,651572778,1.26
20170430,5337215989,70463628,5407679617,1.3,639120790,8206355,647327145,1.27
20170501,5405435407,73309261,5478744668,1.34,659988723,8338221,668326944,1.25
20170502,5787164042,78505807,5865669849,1.34,664970994,8605410,673576404,1.28
20170503,6072981311,78845172,6151826483,1.28,697651739,8050629,705702368,1.14
20170504,5704729949,77368274,5782098223,1.34,677965344,8278843,686244187,1.21
20170505,5490777790,77198983,5567976773,1.39,660768603,8039993,668808596,1.2
20170506,5103332031,73067922,5176399953,1.41,647055305,7834384,654889689,1.2
20170507,5050997527,71809679,5122807206,1.4,654166697,7615619,661782316,1.15
20170508,5515976773,76649190,5592625963,1.37,644355039,8284910,652639949,1.27
20170509,5628585406,78017637,5706603043,1.37,640987250,9193594,650180844,1.41
20170510,5520867822,79504838,5600372660,1.42,666362227,8957739,675319966,1.33
20170511,5570393001,81894387,5652287388,1.45,665363009,9611351,674974360,1.42
20170512,5440118745,78620012,5518738757,1.42,658282450,9224766,667507216,1.38
20170513,4909322511,73175822,4982498333,1.47,625419895,8264067,633683962,1.3
20170514,4837438775,70543115,4907981890,1.44,628164315,7790391,635954706,1.22
20170515,5373195125,76993360,5450188485,1.41,655906856,8159667,664066523,1.23
20170516,5429080825,77982478,5507063303,1.42,649175974,8691999,657867973,1.32
20170517,5395456464,72788342,5468244806,1.33,648641199,8712558,657353757,1.33
20170518,5374449672,71837839,5446287511,1.32,638749213,8241254,646990467,1.27
20170519,5015580817,61128267,5076709084,1.2,637856891,8272372,646129263,1.28
20170520,4821789588,54852193,4876641781,1.12,613922665,8176566,622099231,1.31
20170521,4727860995,56153033,4784014028,1.17,621066822,7968667,629035489,1.27
20170522,5382447198,62499175,5444946373,1.15,653397022,8355510,661752532,1.26
20170523,5472034230,65540543,5537574773,1.18,669204065,8193438,677397503,1.21
20170524,5373030654,63028493,5436059147,1.16,647573772,8060539,655634311,1.23
20170525,5333607449,60672173,5394279622,1.12,665013540,7770564,672784104,1.15
20170526,5278462397,57611530,5336073927,1.08,675174842,7656039,682830881,1.12
20170527,4999823015,54060777,5053883792,1.07,645315789,7464549,652780338,1.14
20170528,4938001439,54708959,4992710398,1.1,643033912,7653066,650686978,1.18
20170529,5392621269,59607676,5452228945,1.09,670255472,7662047,677917519,1.13
20170530,5398646499,61386567,5460033066,1.12,670613324,7579805,678193129,1.12
20170531,5332226566,62616870,5394843436,1.16,677115667,8110028,685225695,1.18
20170601,5287195201,63965906,5351161107,1.2,667980739,8626375,676607114,1.27
20170602,5102444971,61045185,5163490156,1.18,658793504,8829466,667622970,1.32
20170603,4758625808,53995092,4812620900,1.12,638552601,8414239,646966840,1.3
20170604,4726314272,52813264,4779127536,1.11,643430671,8060242,651490913,1.24
20170605,5222497498,58213293,5280710791,1.1,653481980,8465838,661947818,1.28
20170606,5363827441,59639981,5423467422,1.1,664904203,9018640,673922843,1.34
20170607,5484597571,85311347,5569908918,1.53,668208656,9315788,677524444,1.37
20170608,5520473609,94651442,5615125051,1.69,684944989,9364342,694309331,1.35
20170609,5198212492,82851039,5281063531,1.57,665357746,9215237,674572983,1.37
20170610,4649168081,52371266,4701539347,1.11,634814914,9007464,643822378,1.4
20170611,4443957909,53734278,4497692187,1.19,641602064,8820119,650422183,1.36
20170612,4869968576,56225444,4926194020,1.14,682657441,9345708,692003149,1.35
20170613,5382857812,75481439,5458339251,1.38,728060890,9611328,737672218,1.3
20170614,5452674876,82244252,5534919128,1.49,712307318,9720843,722028161,1.35
20170615,5336325570,80927350,5417252920,1.49,692320588,11871534,704192122,1.69
20170616,5427754176,81553625,5509307801,1.48,690169935,11673255,701843190,1.66
20170617,4828174453,87366046,4915540499,1.78,637921642,9176643,647098285,1.42
20170618,4620152778,70298315,4690451093,1.5,633531143,8959653,642490796,1.39
20170619,5234495702,81343626,5315839328,1.53,687214068,9364636,696578704,1.34
20170620,5387815243,84814901,5472630144,1.55,681668648,9723028,691391676,1.41
20170621,6603123339,91226561,6694349900,1.36,680971272,10475316,691446588,1.51
20170622,6886589001,91208459,6977797460,1.31,701098801,10163700,711262501,1.43
20170623,6749971078,100421429,6850392507,1.47,713468272,9962077,723430349,1.38
20170624,6279338789,94467392,6373806181,1.48,655600682,9344063,664944745,1.41
20170625,5939153975,92260076,6031414051,1.53,661832039,9147885,670979924,1.36
20170626,6512317182,101379041,6613696223,1.53,729306515,10064735,739371250,1.36
20170627,6711935681,101954698,6813890379,1.5,770929553,10340072,781269625,1.32
20170628,6548595001,94008361,6642603362,1.42,725137368,10379501,735516869,1.41
20170629,6808762907,78223041,6886985948,1.14,712900679,10435874,723336553,1.44
20170630,6720593744,83551193,6804144937,1.23,688238854,10645537,698884391,1.52
20170701,6595899775,77779741,6673679516,1.17,651061646,9966769,661028415,1.51
20170702,6292675141,74307586,6366982727,1.17,624537574,9776721,634314295,1.54
20170703,6748031766,82079249,6830111015,1.2,666073161,10388063,676461224,1.54
20170704,6675358651,80336050,6755694701,1.19,657597394,10533961,668131355,1.58
20170705,6571796606,94501221,6666297827,1.42,644253670,10059054,654312724,1.54
20170706,6432752523,97321771,6530074294,1.49,638718665,10047574,648766239,1.55
20170707,6272420112,84308464,6356728576,1.33,615370140,10030566,625400706,1.6
20170708,5957197630,83783100,6040980730,1.39,578113584,9529671,587643255,1.62
20170709,5750244306,81108413,5831352719,1.39,578585601,9346754,587932355,1.59
20170710,6302529533,83995207,6386524740,1.32,610937495,9912387,620849882,1.6
20170711,6378480397,93899869,6472380266,1.45,519065629,9844569,528910198,1.86
20170712,6067508649,83832908,6151341557,1.36,520536666,10208303,530744969,1.92
20170713,6308137761,98585927,6406723688,1.54,539612123,10717066,550329189,1.95
20170714,6073413254,98012572,6171425826,1.59,611298544,10052534,621351078,1.62
20170715,5797447634,88961858,5886409492,1.51,620373568,9783575,630157143,1.55
20170716,5642857592,85039836,5727897428,1.48,618938032,9580930,628518962,1.52
20170717,6351000918,99272338,6450273256,1.54,673798367,10855163,684653530,1.59
20170718,6414134602,107936174,6522070776,1.65,692928335,10565216,703493551,1.5
20170719,6462096582,104689342,6566785924,1.59,698704413,10443637,709148050,1.47
20170720,6444985286,105485721,6550471007,1.61,703999054,10455400,714454454,1.46
20170721,6199827519,102600822,6302428341,1.63,687863621,10220652,698084273,1.46
20170722,5668946797,83179528,5752126325,1.45,621443544,9896733,631340277,1.57
20170723,5647981524,79051301,5727032825,1.38,630070428,9575565,639645993,1.5
20170724,6303419700,96369228,6399788928,1.51,689291209,10319481,699610690,1.48
20170725,6116940245,96959701,6213899946,1.56,654590505,10302381,664892886,1.55
20170726,6005659860,98791166,6104451026,1.62,604240495,10591260,614831755,1.72
20170727,6199469567,104596182,6304065749,1.66,584252499,10927171,595179670,1.84
20170728,6305323805,91960285,6397284090,1.44,551515358,10566138,562081496,1.88
20170729,5984947836,85801819,6070749655,1.41,513253110,10050041,523303151,1.92
20170730,5841296452,78147644,5919444096,1.32,517384604,9902344,527286948,1.88
20170731,6530476869,92886068,6623362937,1.4,557152602,10923295,568075897,1.92
20170801,6559257450,104065594,6663323044,1.56,566095410,11149971,577245381,1.93
20170802,6351822665,99194923,6451017588,1.54,548883079,11170386,560053465,1.99
20170803,6540815311,104250181,6645065492,1.57,551428850,11010286,562439136,1.96
20170804,6346022217,110514309,6456536526,1.71,678741614,10178409,688920023,1.48
20170805,5956092526,93695298,6049787824,1.55,654737577,9288985,664026562,1.4
20170806,5841647474,88890735,5930538209,1.5,668430528,9335152,677765680,1.38
20170807,7065055411,117437325,7182492736,1.64,729765421,10484934,740250355,1.42
20170808,6662178051,115994494,6778172545,1.71,707493980,9973856,717467836,1.39
20170809,6431726926,115237644,6546964570,1.76,686065060,9746618,695811678,1.4
20170810,6204967306,100194817,6305162123,1.59,650218232,9717347,659935579,1.47
20170811,6158811304,100883377,6259694681,1.61,696380522,9830005,706210527,1.39
20170812,5731435879,87303328,5818739207,1.5,678257386,8838988,687096374,1.29
20170813,5598585223,85474749,5684059972,1.5,653052266,8645798,661698064,1.31
20170814,6163010842,95040510,6258051352,1.52,680239829,9367739,689607568,1.36
20170815,6200397975,103434543,6303832518,1.64,675988394,9701044,685689438,1.41
20170816,6598744516,115711760,6714456276,1.72,682188502,9898200,692086702,1.43
20170817,5710612443,116516681,5827129124,2.0,663765982,8837603,672603585,1.31
20170818,6539332533,126647714,6665980247,1.9,649132873,10048453,659181326,1.52
20170819,5793762907,114567406,5908330313,1.94,612129987,9261447,621391434,1.49
20170820,5952776968,110165717,6062942685,1.82,612245454,9179557,621425011,1.48
20170821,6470641059,118969135,6589610194,1.81,638539428,9467454,648006882,1.46
20170822,6706434498,123439796,6829874294,1.81,642018332,9457284,651475616,1.45
20170823,6459463507,121183491,6580646998,1.84,624903030,9627866,634530896,1.52
20170824,6372629956,132880004,6505509960,2.04,662769963,10185845,672955808,1.51
20170825,6192244415,130374712,6322619127,2.06,673890498,11208665,685099163,1.64
20170826,6724480152,121828788,6846308940,1.78,655292653,11056298,666348951,1.66
20170827,6162920193,111937596,6274857789,1.78,651391900,10654014,662045914,1.61
20170828,6538726304,109148701,6647875005,1.64,663587475,11256916,674844391,1.67
20170829,6649718411,103559526,6753277937,1.53,674735777,11243810,685979587,1.64
20170830,6544191184,106728507,6650919691,1.6,614295654,11601398,625897052,1.85
20170831,6483943475,107741224,6591684699,1.63,617442513,11397204,628839717,1.81
20170901,6307850424,109841725,6417692149,1.71,618043104,11233539,629276643,1.79
20170902,5794410230,102354508,5896764738,1.74,578447683,10275281,588722964,1.75
20170903,5669048920,98434453,5767483373,1.71,580074296,10016818,590091114,1.7
20170904,5894858366,109109750,6003968116,1.82,599724307,10765514,610489821,1.76
20170905,6451112492,108173305,6559285797,1.65,606671779,11327511,617999290,1.83
20170906,6677572253,116822513,6794394766,1.72,646398148,11816640,658214788,1.8
20170907,6427795350,116708089,6544503439,1.78,633761354,11745142,645506496,1.82
20170908,6112876456,110368710,6223245166,1.77,613428234,11615265,625043499,1.86
20170909,5937334589,101762226,6039096815,1.69,614917492,10895592,625813084,1.74
20170910,6170762870,102166337,6272929207,1.63,633616157,10830552,644446709,1.68
20170911,6691650862,106603581,6798254443,1.57,624007606,11191520,635199126,1.76
20170912,6603816512,102495490,6706312002,1.53,627204333,11033422,638237755,1.73
20170913,6420208723,106379082,6526587805,1.63,617224415,11675221,628899636,1.86
20170914,6431032640,108418291,6539450931,1.66,624950941,11892001,636842942,1.87
20170915,5960122748,106687958,6066810706,1.76,611575394,11283274,622858668,1.81
20170916,5530160392,100915925,5631076317,1.79,583389532,10214259,593603791,1.72
20170917,5494060265,99049539,5593109804,1.77,593295873,10236031,603531904,1.7
20170918,5946811278,99456270,6046267548,1.64,610986963,10999666,621986629,1.77
20170919,6177982351,103839491,6281821842,1.65,633072439,11025514,644097953,1.71
20170920,6410045448,111125306,6521170754,1.7,615067519,11263892,626331411,1.8
20170921,6402434147,118085004,6520519151,1.81,618753144,11203451,629956595,1.78
20170922,6270142140,115612328,6385754468,1.81,621499546,10568253,632067799,1.67
20170923,5656540432,109642560,5766182992,1.9,591447329,10426396,601873725,1.73
20170924,5614675200,108693747,5723368947,1.9,596681768,10380802,607062570,1.71
20170925,6318450205,117991608,6436441813,1.83,615077588,10895409,625972997,1.74
20170926,6513503780,118192747,6631696527,1.78,646912755,11397456,658310211,1.73
20170927,6586604700,124094824,6710699524,1.85,645254515,11626895,656881410,1.77
20170928,6488329483,123784149,6612113632,1.87,636336252,11498703,647834955,1.77
20170929,6361578321,122817522,6484395843,1.89,616943722,11333265,628276987,1.8
20170930,5630062890,110279864,5740342754,1.92,610262816,10716171,620978987,1.73
20171001,5589483920,100017470,5689501390,1.76,622078986,10751301,632830287,1.7
20171002,6268795089,126805002,6395600091,1.98,624597502,11179765,635777267,1.76
20171003,6395413443,127932406,6523345849,1.96,644816692,11563977,656380669,1.76
20171004,6339328575,117254577,6456583152,1.82,633520688,11770258,645290946,1.82
20171005,6172457880,117242196,6289700076,1.86,636042498,10999012,647041510,1.7
20171006,6419548055,118738621,6538286676,1.82,640269088,11389078,651658166,1.75
20171007,6117736626,115198335,6232934961,1.85,626547803,10542820,637090623,1.65
20171008,6025726967,107597548,6133324515,1.75,629708874,10661138,640370012,1.66
20171009,6614957783,128147943,6743105726,1.9,667240784,11286658,678527442,1.66
20171010,6836914932,135639765,6972554697,1.95,683737919,11642744,695380663,1.67
20171011,6997476072,92483213,7089959285,1.3,696210301,10477342,706687643,1.48
20171012,7364954539,106511117,7471465656,1.43,755760000,11671850,767431850,1.52
20171013,6329779366,104463322,6434242688,1.62,670238002,10877523,681115525,1.6
20171014,6103623440,96131024,6199754464,1.55,663802975,10549843,674352818,1.56
20171015,5962747185,92024869,6054772054,1.52,653942954,10617886,664560840,1.6
20171016,6488516939,97023327,6585540266,1.47,675528269,11204609,686732878,1.63
20171017,6393527006,105350929,6498877935,1.62,703412624,11401618,714814242,1.6
20171018,6430754640,102999521,6533754161,1.58,682669742,11687950,694357692,1.68
20171019,6466690294,104375307,6571065601,1.59,656485680,12471865,668957545,1.86
20171020,6190387453,103559434,6293946887,1.65,641850540,12566230,654416770,1.92
20171021,5696650992,96026318,5792677310,1.66,623270460,12156322,635426782,1.91
20171022,5056555681,94178672,5150734353,1.83,617966673,11965335,629932008,1.9
20171023,6435319925,99080908,6534400833,1.52,649392895,13121634,662514529,1.98
20171024,6335542245,99822718,6435364963,1.55,677380748,12983255,690364003,1.88
20171025,6157529334,96534748,6254064082,1.54,658425547,12362969,670788516,1.84
20171026,6012635386,101618248,6114253634,1.66,654224919,12476759,666701678,1.87
20171027,5715678316,95876375,5811554691,1.65,635899905,12943815,648843720,1.99
20171028,5297486317,100888089,5398374406,1.87,617937557,12443723,630381280,1.97
20171029,5258604439,95086521,5353690960,1.78,643857907,12240286,656098193,1.87
20171030,5654483353,92445686,5746929039,1.61,652991616,13015827,666007443,1.95
20171031,5761578141,94744311,5856322452,1.62,637306920,12681914,649988834,1.95
20171101,5765722796,97987462,5863710258,1.67,639110200,12742986,651853186,1.95
20171102,5817667360,96418165,5914085525,1.63,642762345,13102354,655864699,2.0
20171103,5705826036,99356020,5805182056,1.71,637110133,13319918,650430051,2.05
20171104,5497723526,88894993,5586618519,1.59,616166043,12361684,628527727,1.97
20171105,5465610305,88917989,5554528294,1.6,621282097,12375188,633657285,1.95
20171106,5846194727,96576562,5942771289,1.63,626340607,13258616,639599223,2.07
20171107,5795944894,102127182,5898072076,1.73,657456387,13529811,670986198,2.02
20171108,5982374735,99677543,6082052278,1.64,658411140,13713384,672124524,2.04
20171109,6005729451,100431372,6106160823,1.64,662042942,14094227,676137169,2.08
20171110,5892283719,96474308,5988758027,1.61,645002042,13100514,658102556,1.99
20171111,5642361215,86734990,5729096205,1.51,590225283,12466078,602691361,2.07
20171112,5527452639,85528281,5612980920,1.52,602249311,12432819,614682130,2.02
20171113,5716273512,92713966,5808987478,1.6,613549039,13176865,626725904,2.1
20171114,5555786922,91720214,5647507136,1.62,615921426,13666221,629587647,2.17
20171115,5461542594,97614700,5559157294,1.76,603787865,12896584,616684449,2.09
20171116,5514772595,94077525,5608850120,1.68,611248614,13510128,624758742,2.16
20171117,5428750857,93229060,5521979917,1.69,597945326,12974547,610919873,2.12
20171118,5092407923,103794768,5196202691,2.0,578777075,12524755,591301830,2.12
20171119,4981786228,105521830,5087308058,2.07,581225837,12525873,593751710,2.11
20171120,5580741368,121223393,5701964761,2.13,612656763,14349469,627006232,2.29
20171121,5635508456,105620054,5741128510,1.84,623556141,15248536,638804677,2.39
20171122,5348482300,98581481,5447063781,1.81,614681367,14133740,628815107,2.25
20171123,5245908420,98246231,5344154651,1.84,602671873,14064381,616736254,2.28
20171124,5180964342,93529796,5274494138,1.77,580545798,13758510,594304308,2.32
20171125,4839812974,91580806,4931393780,1.86,545640958,12942480,558583438,2.32
20171126,4769781525,81390654,4851172179,1.68,552465155,12684449,565149604,2.24
20171127,5182768258,85445017,5268213275,1.62,565814361,13265073,579079434,2.29
20171128,5179438110,87713207,5267151317,1.67,568179256,13413384,581592640,2.31
20171129,5053266574,89343808,5142610382,1.74,581218926,14228257,595447183,2.39
20171130,4979692733,97390145,5077082878,1.92,592955589,14266771,607222360,2.35
20171201,5018200308,90134045,5108334353,1.76,602536122,14059387,616595509,2.28
20171202,4654533314,88896175,4743429489,1.87,581306835,13208377,594515212,2.22
20171203,4583222940,92762761,4675985701,1.98,578071637,12922712,590994349,2.19
20171204,5092522287,81278033,5173800320,1.57,589325506,13440726,602766232,2.23
20171205,5137327032,83422235,5220749267,1.6,637304966,13034044,650339010,2.0
20171206,5059549998,79308969,5138858967,1.54,708341149,12758398,721099547,1.77
20171207,5186035011,87067209,5273102220,1.65,719638752,12639545,732278297,1.73
20171208,5159638685,87014271,5246652956,1.66,680900458,12826895,693727353,1.85
20171209,4766399192,87496588,4853895780,1.8,638548275,12697740,651246015,1.95
20171210,4617279440,81356637,4698636077,1.73,647806927,13095846,660902773,1.98
20171211,5212293878,88917672,5301211550,1.68,696932602,14039725,710972327,1.97
20171212,5073288027,83073339,5156361366,1.61,709683518,13534503,723218021,1.87
20171213,6009812728,87378001,6097190729,1.43,692103768,12642742,704746510,1.79
20171214,5922974491,78467847,6001442338,1.31,694492484,12744242,707236726,1.8
20171215,5900668721,91250138,5991918859,1.52,686771616,13276787,700048403,1.9
20171216,4989232727,90313385,5079546112,1.78,673245472,13771477,687016949,2.0
20171217,4641453693,79601996,4721055689,1.69,674408745,13440130,687848875,1.95
20171218,6134842553,84860220,6219702773,1.36,736486465,13744002,750230467,1.83
20171219,5377388153,88115545,5465503698,1.61,760620727,12722301,773343028,1.65
20171220,5328658552,90550637,5419209189,1.67,620757437,13027560,633784997,2.06
20171221,5100298050,94230172,5194528222,1.81,604022580,13125801,617148381,2.13
20171222,5001551672,81486421,5083038093,1.6,593981560,12650909,606632469,2.09
20171223,4652967123,82703796,4735670919,1.75,572636473,12080717,584717190,2.07
20171224,4668217430,89713954,4757931384,1.89,560864894,11861762,572726656,2.07
20171225,5896961120,85468024,5982429144,1.43,569426000,11804119,581230119,2.03
20171226,6043622962,116956273,6160579235,1.9,577403629,12275757,589679386,2.08
20171227,6089897644,94497403,6184395047,1.53,606457366,12606530,619063896,2.04
20171228,5633223319,103994054,5737217373,1.81,616420110,12466410,628886520,1.98
20171229,5243104599,95746517,5338851116,1.79,562549968,12061757,574611725,2.1
20171230,5309119162,94057648,5403176810,1.74,598686961,11771993,610458954,1.93
20171231,4944092545,86528840,5030621385,1.72,585530083,11454373,596984456,1.92
20180101,4541722179,81849333,4623571512,1.77,592046138,11238012,603284150,1.86
20180102,4924937523,92841011,5017778534,1.85,623118686,12358218,635476904,1.94
20180103,5051208889,91566822,5142775711,1.78,665649694,12416816,678066510,1.83
20180104,5139084655,89625155,5228709810,1.71,651197378,12754331,663951709,1.92
20180105,5035358244,90194091,5125552335,1.76,651716873,12638365,664355238,1.9
20180106,4640117485,79812505,4719929990,1.69,610662031,12129264,622791295,1.95
20180107,4536919611,79535895,4616455506,1.72,609914274,12035530,621949804,1.94
20180108,4929565320,84754624,5014319944,1.69,627043230,12733491,639776721,1.99
20180109,5110347904,83369580,5193717484,1.61,622649936,12710740,635360676,2.0
20180110,5054493540,86753970,5141247510,1.69,638734124,12958339,651692463,1.99
20180111,5085189214,90024062,5175213276,1.74,627265493,12833545,640099038,2.0
20180112,5041890186,90961628,5132851814,1.77,637837221,12837473,650674694,1.97
20180113,4673458863,84754276,4758213139,1.78,620382916,12628571,633011487,1.99
20180114,4712380601,86678683,4799059284,1.81,630517962,12811680,643329642,1.99
20180115,5199758325,90795123,5290553448,1.72,645538108,13232247,658770355,2.01
20180116,5350885326,90016089,5440901415,1.65,685748293,13362495,699110788,1.91
20180117,5274157258,91712204,5365869462,1.71,669631588,13283439,682915027,1.95
20180118,5566934746,90222556,5657157302,1.59,657244015,13314504,670558519,1.99
20180119,5142855802,88354999,5231210801,1.69,657083217,13485273,670568490,2.01
20180120,4822423843,85581951,4908005794,1.74,625843231,13018697,638861928,2.04
20180121,4730870812,87578236,4818449048,1.82,639207053,12800015,652007068,1.96
20180122,5489902364,86871732,5576774096,1.56,642873652,12590286,655463938,1.92
20180123,5761705898,89304549,5851010447,1.53,680752587,12575370,693327957,1.81
20180124,5739452706,92972455,5832425161,1.59,678123429,13416422,691539851,1.94
20180125,5640361523,91434090,5731795613,1.6,694545118,13507797,708052915,1.91
20180126,5452440266,87476698,5539916964,1.58,707569156,13802984,721372140,1.91
20180127,4970181186,86796488,5056977674,1.72,680302326,13588883,693891209,1.96
20180128,4901954796,84907334,4986862130,1.7,665685556,13464979,679150535,1.98
20180129,5598664954,91645288,5690310242,1.61,720611046,14264185,734875231,1.94
20180130,5633627805,93281935,5726909740,1.63,728948143,14013168,742961311,1.89
20180131,5613744637,94085875,5707830512,1.65,749472182,14108561,763580743,1.85
20180201,5817677375,103467026,5921144401,1.75,793592833,15101340,808694173,1.87
20180202,5310669491,101298994,5411968485,1.87,749434760,14539484,763974244,1.9
20180203,5031842137,98526376,5130368513,1.92,697710247,13920687,711630934,1.96
20180204,4881440197,97822221,4979262418,1.96,681591970,13830716,695422686,1.99
20180205,5365896390,108837645,5474734035,1.99,714116618,13962533,728079151,1.92
20180206,5656046238,117594741,5773640979,2.04,749214165,14335014,763549179,1.88
20180207,5628151122,104487499,5732638621,1.82,765621489,14774044,780395533,1.89
20180208,5562239608,98451590,5660691198,1.74,728835154,14913382,743748536,2.01
20180209,5431069255,103822483,5534891738,1.88,721623679,14903818,736527497,2.02
20180210,5127598940,95959146,5223558086,1.84,716169810,14195580,730365390,1.94
20180211,5039810152,95866562,5135676714,1.87,712445435,14285280,726730715,1.97
20180212,5447367889,102072714,5549440603,1.84,761787394,14932332,776719726,1.92
20180213,5670548817,104476528,5775025345,1.81,759501481,14950493,774451974,1.93
20180214,5647004295,106233157,5753237452,1.85,710365186,14901398,725266584,2.05
20180215,5640542114,104779782,5745321896,1.82,690037203,14180255,704217458,2.01
20180216,5293542690,99823876,5393366566,1.85,675699308,14408624,690107932,2.09
20180217,5060448341,93356804,5153805145,1.81,640426592,13636674,654063266,2.08
20180218,5073429052,93404873,5166833925,1.81,649546810,13862376,663409186,2.09
20180219,5398063175,98659940,5496723115,1.79,674835072,14626301,689461373,2.12
20180220,5367358241,96745020,5464103261,1.77,680596482,14679947,695276429,2.11
20180221,5243120417,94174949,5337295366,1.76,690757555,14716503,705474058,2.09
20180222,5560427749,100286873,5660714622,1.77,692996328,14583889,707580217,2.06
20180223,5497371430,99946023,5597317453,1.79,672167650,14273568,686441218,2.08
20180224,5250909669,101896549,5352806218,1.9,649734241,13764985,663499226,2.07
20180225,5414193101,100975310,5515168411,1.83,645012651,13113954,658126605,1.99
20180226,5780367891,98854175,5879222066,1.68,655892831,13502213,669395044,2.02
20180227,5682572278,105211321,5787783599,1.82,674456746,13803015,688259761,2.01
20180228,5708091827,119994897,5828086724,2.06,668405819,13894218,682300037,2.04
20180301,5586648423,113214419,5699862842,1.99,649153454,13720701,662874155,2.07
20180302,5453984274,112057845,5566042119,2.01,633915003,13654239,647569242,2.11
20180303,5435080594,98880369,5533960963,1.79,643578667,12900120,656478787,1.97
20180304,5300804479,107178373,5407982852,1.98,653583189,13037181,666620370,1.96
20180305,5638773084,112010698,5750783782,1.95,687485464,13684784,701170248,1.95
20180306,5623966673,105457317,5729423990,1.84,655405536,13185177,668590713,1.97
20180307,5699983793,104444748,5804428541,1.8,683428322,13230068,696658390,1.9
20180308,5628050793,108817484,5736868277,1.9,721676423,13511196,735187619,1.84
20180309,5535877238,117170935,5653048173,2.07,709645617,13353308,722998925,1.85
20180310,5170775874,117876119,5288651993,2.23,701293760,12878427,714172187,1.8
20180311,5100096172,119635312,5219731484,2.29,701378571,13088192,714466763,1.83
20180312,5591970548,117741114,5709711662,2.06,706136664,13485157,719621821,1.87
20180313,6026769102,122451552,6149220654,1.99,715219857,13631161,728851018,1.87
20180314,6260506004,126102717,6386608721,1.97,745476882,13375366,758852248,1.76
20180315,6105459439,126295308,6231754747,2.03,733090176,13426779,746516955,1.8
20180316,5756429923,123892493,5880322416,2.11,718598951,13929671,732528622,1.9
20180317,5245595632,128164926,5373760558,2.39,693446130,13782189,707228319,1.95
20180318,5218716394,127953997,5346670391,2.39,703314383,13777653,717092036,1.92
20180319,5622410093,123425260,5745835353,2.15,678438827,14331960,692770787,2.07
20180320,5733909581,122298748,5856208329,2.09,721719371,14360723,736080094,1.95
20180321,5755067105,117497031,5872564136,2.0,721150679,15299350,736450029,2.08
20180322,5659467334,120568773,5780036107,2.09,705580078,15576275,721156353,2.16
20180323,5649601286,127280597,5776881883,2.2,714588714,15405384,729994098,2.11
20180324,5266760383,125728357,5392488740,2.33,689095847,14566819,703662666,2.07
20180326,5880579287,123445743,6004025030,2.06,737422541,14175840,751598381,1.89
20180327,6008729425,122488201,6131217626,2.0,768870892,14267862,783138754,1.82
20180328,5897769782,128730623,6026500405,2.14,770172771,14545130,784717901,1.85
20180329,5959123774,129264820,6088388594,2.12,769765298,14678397,784443695,1.87
20180330,5502699977,118733040,5621433017,2.11,746915971,14102710,761018681,1.85
20180331,5370013830,117420014,5487433844,2.14,715529480,13750255,729279735,1.89
20180401,4737722250,123458430,4861180680,2.54,701912832,13597402,715510234,1.9
20180402,5009584205,125985160,5135569365,2.45,723725208,13765446,737490654,1.87
20180403,5426309290,130119856,5556429146,2.34,759524444,14449602,773974046,1.87
20180404,5666703563,124195069,5790898632,2.14,735912393,14689687,750602080,1.96
20180405,6019929577,127268474,6147198051,2.07,741249936,15673844,756923780,2.07
20180406,5957764656,129185738,6086950394,2.12,736034795,15466874,751501669,2.06
20180407,5419283020,122672697,5541955717,2.21,679172515,15014669,694187184,2.16
20180408,5759157317,123305047,5882462364,2.1,666792712,14301177,681093889,2.1
20180409,6399679005,127913329,6527592334,1.96,678931630,15327800,694259430,2.21
20180410,6257556622,128802271,6386358893,2.02,725705797,19037848,744743645,2.56
20180411,5850027910,134693890,5984721800,2.25,733168190,18391462,751559652,2.45
20180412,5922015285,133572833,6055588118,2.21,726858371,19656778,746515149,2.63
20180413,5906568483,123927859,6030496342,2.06,741371987,19338437,760710424,2.54
20180414,5397164696,122137941,5519302637,2.21,718046576,17863367,735909943,2.43
20180415,5573743139,120482011,5694225150,2.12,726940349,17788279,744728628,2.39
20180416,5734861311,122152946,5857014257,2.09,728220260,19026012,747246272,2.55
20180417,5803135823,113378316,5916514139,1.92,724824471,18771280,743595751,2.52
20180418,5865078256,111581955,5976660211,1.87,737908275,18031432,755939707,2.39
20180419,5757752134,114132601,5871884735,1.94,736988552,18073099,755061651,2.39
20180420,5580300391,111433450,5691733841,1.96,763105541,19590348,782695889,2.5
20180421,5183428758,113616843,5297045601,2.14,757649416,18448858,776098274,2.38
20180422,5132733962,117698763,5250432725,2.24,757129483,17407282,774536765,2.25
20180423,5740544994,119510703,5860055697,2.04,806120633,18399273,824519906,2.23
20180424,5926657506,115963030,6042620536,1.92,812057142,15849955,827907097,1.91
20180425,5813460956,136118596,5949579552,2.29,763004371,16795178,779799549,2.15
20180426,5831207747,139967329,5971175076,2.34,722411126,20154993,742566119,2.71
20180427,5765927694,144592937,5910520631,2.45,650357050,19608778,669965828,2.93
20180428,5541813429,138349007,5680162436,2.44,623578467,17997180,641575647,2.81
20180429,5544807408,138849131,5683656539,2.44,649459026,17952314,667411340,2.69
20180430,5908140301,140126024,6048266325,2.32,650214136,18997037,669211173,2.84
20180501,5946151177,129749194,6075900371,2.14,661809478,18018057,679827535,2.65
20180502,6234253461,139976004,6374229465,2.2,659787976,18536853,678324829,2.73
20180503,6019400940,133901217,6153302157,2.18,709628228,17088602,726716830,2.35
20180504,6004471256,140439972,6144911228,2.29,717720691,16707400,734428091,2.27
20180505,5928537018,130398247,6058935265,2.15,717999948,15674521,733674469,2.14
20180506,5612072841,128243162,5740316003,2.23,719067538,15193559,734261097,2.07
20180507,5911585121,138385582,6049970703,2.29,778036989,17386897,795423886,2.19
20180508,6219624658,140134354,6359759012,2.2,833259541,17886515,851146056,2.1
20180509,6413899464,133801673,6547701137,2.04,775895019,18230211,794125230,2.3
20180510,6380739792,130639929,6511379721,2.01,820092260,16683566,836775826,1.99
20180511,5843510228,133629027,5977139255,2.24,836738408,18110397,854848805,2.12
20180512,5381055062,127380736,5508435798,2.31,787754868,18912835,806667703,2.34
20180513,4733360155,123911565,4857271720,2.55,779552916,14919336,794472252,1.88
20180514,5325964079,131151679,5457115758,2.4,761200952,14542450,775743402,1.87
20180515,5930837358,127100489,6057937847,2.1,772447057,16709791,789156848,2.12
20180516,6338085525,144948742,6483034267,2.24,787680172,19531278,807211450,2.42
20180517,6067849001,142469832,6210318833,2.29,807763614,20001156,827764770,2.42
20180518,6051615880,137962276,6189578156,2.23,818190710,20482392,838673102,2.44
20180519,5562530301,135776938,5698307239,2.38,791113121,19713327,810826448,2.43
20180520,5689944815,127894325,5817839140,2.2,773208512,19202956,792411468,2.42
20180521,6198142808,130172861,6328315669,2.06,779371164,20998528,800369692,2.62
20180522,6056321863,132481768,6188803631,2.14,814327028,17899184,832226212,2.15
20180523,5849625930,134075707,5983701637,2.24,850811929,17639337,868451266,2.03
20180524,5821140159,134287859,5955428018,2.25,848602246,17300637,865902883,2.0
20180525,5840495390,139320930,5979816320,2.33,794240098,17391542,811631640,2.14
20180526,5541583127,133813867,5675396994,2.36,773869149,18053511,791922660,2.28
20180527,5371951380,138097176,5510048556,2.51,806572957,17669575,824242532,2.14
20180528,5538510090,138761408,5677271498,2.44,860718932,15290092,876009024,1.75
20180529,5678770551,129057156,5807827707,2.22,871018290,16503128,887521418,1.86
20180530,5522052012,125507081,5647559093,2.22,842370447,17663185,860033632,2.05
20180531,5529804188,124745111,5654549299,2.21,865072908,17252831,882325739,1.96
20180601,5439260816,125897029,5565157845,2.26,836473328,17318047,853791375,2.03
20180602,5006668471,120548272,5127216743,2.35,823560449,16869547,840429996,2.01
20180603,4851849861,122546663,4974396524,2.46,828213080,16926144,845139224,2.0
20180604,5094852530,130071301,5224923831,2.49,907407028,17340101,924747129,1.88
20180605,5539921173,133115970,5673037143,2.35,849975058,17217356,867192414,1.99
20180606,5529451500,122766124,5652217624,2.17,852858313,17122014,869980327,1.97
20180607,5597691018,119057305,5716748323,2.08,853623178,16055187,869678365,1.85
20180608,5206665866,105435249,5312101115,1.98,846089120,15407723,861496843,1.79
20180609,4800860409,104204650,4905065059,2.12,839072534,15671610,854744144,1.83
20180610,4893916598,105885688,4999802286,2.12,841909259,15540799,857450058,1.81
20180611,5249021934,109678942,5358700876,2.05,879113108,16225965,895339073,1.81
20180612,5501000992,113927454,5614928446,2.03,958679537,16739259,975418796,1.72
20180613,5193404220,112496480,5305900700,2.12,936806043,17328832,954134875,1.82
20180614,5242765410,115312526,5358077936,2.15,975507288,16876430,992383718,1.7
20180615,5067819903,115714084,5183533987,2.23,1079403385,17292522,1096695907,1.58
20180616,4764377240,105323584,4869700824,2.16,1045258813,17089428,1062348241,1.61
20180617,4696901724,107190217,4804091941,2.23,968131861,17084016,985215877,1.73
20180618,5180986012,122782915,5303768927,2.32,955837793,18107788,973945581,1.86
20180619,5227777714,117197883,5344975597,2.19,933141090,17232367,950373457,1.81
20180620,5164800797,119424689,5284225486,2.26,963559212,17814081,981373293,1.82
20180621,5147454123,110217485,5257671608,2.1,936293173,16460243,952753416,1.73
20180622,5446327750,118982728,5565310478,2.14,990567008,19474911,1010041919,1.93
20180623,4952007580,108693264,5060700844,2.15,887274848,18510252,905785100,2.04
20180624,4870283253,107293957,4977577210,2.16,885902107,18473015,904375122,2.04
20180625,5367606267,119343325,5486949592,2.18,931635291,18854004,950489295,1.98
20180626,5424947621,121563997,5546511618,2.19,973487704,19654984,993142688,1.98
20180627,5442599500,125564117,5568163617,2.26,960838022,19690256,980528278,2.01
20180628,5402007087,117463315,5519470402,2.13,939688413,19800137,959488550,2.06
20180629,4742402986,118904922,4861307908,2.45,988680635,19114981,1007795616,1.9
20180630,4402399862,111542643,4513942505,2.47,913651029,19867252,933518281,2.13
20180701,4382622246,112243451,4494865697,2.5,895272794,19741537,915014331,2.16
20180702,4926707122,122128277,5048835399,2.42,1020089751,19807585,1039897336,1.9
20180703,5041813765,125358310,5167172075,2.43,1040874643,20375101,1061249744,1.92
20180704,5012272589,117857390,5130129979,2.3,1005616736,20160399,1025777135,1.97
20180705,5216496211,109157447,5325653658,2.05,998625507,18316804,1016942311,1.8
20180706,5317877356,108105558,5425982914,1.99,1003439631,19746261,1023185892,1.93
20180707,4968833049,107944875,5076777924,2.13,942985391,20186156,963171547,2.1
20180708,4962921866,105970902,5068892768,2.09,909942027,20122372,930064399,2.16
20180709,5464196775,124228987,5588425762,2.22,996729027,20844299,1017573326,2.05
20180710,5619059773,131681569,5750741342,2.29,1033109426,21629611,1054739037,2.05
20180711,5611519927,133913718,5745433645,2.33,1026247754,21849464,1048097218,2.08
20180712,5599540329,123338167,5722878496,2.16,991810609,21148398,1012959007,2.09
20180713,5511682570,125260333,5636942903,2.22,996844156,20448404,1017292560,2.01
20180714,5271086455,127346216,5398432671,2.36,948850803,19712628,968563431,2.04
20180715,5234396165,130014142,5364410307,2.42,911687330,19949874,931637204,2.14
20180716,5601407733,136484606,5737892339,2.38,966804924,20233235,987038159,2.05
20180717,5788770524,141522847,5930293371,2.39,1008065767,20860805,1028926572,2.03
20180718,5705621498,141224009,5846845507,2.42,977937324,21048433,998985757,2.11
20180719,5740486204,144570219,5885056423,2.46,990812071,21201108,1012013179,2.09
20180720,5734099577,141046669,5875146246,2.4,974022002,20953236,994975238,2.11
20180721,5394067651,126784088,5520851739,2.3,948776918,19593436,968370354,2.02
20180722,5189721746,124720667,5314442413,2.35,942426956,20044328,962471284,2.08
20180723,5834150461,135534249,5969684710,2.27,1017809718,21510958,1039320676,2.07
20180724,5934909208,135389064,6070298272,2.23,1030779312,21859634,1052638946,2.08
20180725,5871256084,130001069,6001257153,2.17,1013159728,21941918,1035101646,2.12
20180726,5823642346,127715399,5951357745,2.15,1005746422,20878591,1026625013,2.03
20180727,5730379907,135247154,5865627061,2.31,993534758,20615696,1014150454,2.03
20180728,5582409064,134570669,5716979733,2.35,1039756134,19759943,1059516077,1.86
20180729,5968573812,126462019,6095035831,2.07,1147630147,21082542,1168712689,1.8
20180730,6640209292,139990419,6780199711,2.06,1204601404,22962454,1227563858,1.87
20180731,6824864681,141947175,6966811856,2.04,1228376532,23661503,1252038035,1.89
20180801,6893730139,142123615,7035853754,2.02,1230787017,24323635,1255110652,1.94
20180802,5705350267,141897066,5847247333,2.43,1033365099,25845833,1059210932,2.44
20180803,5310918599,134067798,5444986397,2.46,994881414,26297403,1021178817,2.58
20180804,5018449960,126873131,5145323091,2.47,942652331,25022447,967674778,2.59
20180805,4912164196,123784904,5035949100,2.46,952553959,24720834,977274793,2.53
20180806,5516120762,133006779,5649127541,2.35,1001726633,25461292,1027187925,2.48
20180807,5489562659,138295650,5627858309,2.46,1025595502,25253980,1050849482,2.4
20180808,5920757256,140663750,6061421006,2.32,1132108559,25309516,1157418075,2.19
20180809,5723847126,142155007,5866002133,2.42,1103483865,25298069,1128781934,2.24
20180810,5168521221,130646319,5299167540,2.47,1089136648,25082437,1114219085,2.25
20180811,5125817904,124292722,5250110626,2.37,1031832483,23314596,1055147079,2.21
20180812,5154635166,125948629,5280583795,2.39,1020756503,23793982,1044550485,2.28
20180813,5708034095,136478468,5844512563,2.34,1108271316,25302706,1133574022,2.23
20180814,5532066857,134960901,5667027758,2.38,1080829192,26015645,1106844837,2.35
20180815,5432634498,137119321,5569753819,2.46,1109506810,24919841,1134426651,2.2
20180816,5337327511,144010523,5481338034,2.63,1077096216,25257678,1102353894,2.29
20180817,5335758825,134293536,5470052361,2.46,1056301692,25702033,1082003725,2.38
20180818,4937882936,125160967,5063043903,2.47,982281683,24753617,1007035300,2.46
20180819,4899472455,126648099,5026120554,2.52,1020058271,24865684,1044923955,2.38
20180820,5405569114,141552331,5547121445,2.55,1076536791,26474489,1103011280,2.4
20180821,5612114509,147116966,5759231475,2.55,1067196135,28244516,1095440651,2.58
20180822,5498450134,141266871,5639717005,2.5,1089838266,26272798,1116111064,2.35
20180823,5194972160,139211921,5334184081,2.61,1092583316,25652205,1118235521,2.29
20180824,5371645154,137141140,5508786294,2.49,1100897879,24950732,1125848611,2.22
20180825,5056022196,128805267,5184827463,2.48,1024955896,23433200,1048389096,2.24
20180826,5022901602,128316545,5151218147,2.49,995627193,23600609,1019227802,2.32
20180827,5441179349,139710574,5580889923,2.5,1078052763,24199230,1102251993,2.2
20180828,5509060163,143958631,5653018794,2.55,1081064890,25825124,1106890014,2.33
20180829,5599295851,140669311,5739965162,2.45,1072071436,23813329,1095884765,2.17
20180830,5691882329,138717715,5830600044,2.38,1034910165,26071243,1060981408,2.46
20180831,5722983171,140294914,5863278085,2.39,976141886,26155770,1002297656,2.61
20180901,5252553140,132748662,5385301802,2.47,929702965,25855399,955558364,2.71
20180902,5122140999,134012294,5256153293,2.55,939105869,25936910,965042779,2.69
20180903,5626901564,144458026,5771359590,2.5,1054867657,27544448,1082412105,2.54
20180904,5658243022,143273855,5801516877,2.47,1040518808,26858028,1067376836,2.52
20180905,5703773646,135515363,5839289009,2.32,1041858433,27157060,1069015493,2.54
20180906,5350769232,113018818,5463788050,2.07,991085381,26545523,1017630904,2.61
20180907,5459348160,115523483,5574871643,2.07,972657480,27061284,999718764,2.71
20180908,5116412417,121563687,5237976104,2.32,958702862,24722246,983425108,2.51
20180909,5101582043,119225573,5220807616,2.28,949970145,24762014,974732159,2.54
20180910,5595433658,136465536,5731899194,2.38,1030109555,25824895,1055934450,2.45
20180911,5608781765,125799197,5734580962,2.19,1041439524,26082026,1067521550,2.44
20180912,5740020415,137795964,5877816379,2.34,1063087522,26885216,1089972738,2.47
20180913,5577032418,134868489,5711900907,2.36,1041663295,26379502,1068042797,2.47
20180914,5616471391,134707890,5751179281,2.34,1030287492,25068308,1055355800,2.38
20180915,5062645160,132529012,5195174172,2.55,972188169,24002479,996190648,2.41
20180916,5025712067,129954343,5155666410,2.52,970513693,23398178,993911871,2.35
20180917,5477539522,137479774,5615019296,2.45,980177615,25761659,1005939274,2.56
20180918,5760824190,140931463,5901755653,2.39,1077720347,26578777,1104299124,2.41
20180919,5393129827,121908720,5515038547,2.21,1056786198,27092615,1083878813,2.5
20180920,5542857309,130470282,5673327591,2.3,1042391648,26659892,1069051540,2.49
20180921,6098196613,129762027,6227958640,2.08,1183356854,28879890,1212236744,2.38
20180922,5950011360,129705853,6079717213,2.13,1160953881,26418914,1187372795,2.22
20180923,5630167726,126014519,5756182245,2.19,1091225489,26322232,1117547721,2.36
20180924,5496836324,133345003,5630181327,2.37,1031340017,26076079,1057416096,2.47
20180925,5580043804,135705258,5715749062,2.37,1068759889,26598175,1095358064,2.43
20180926,5519660546,141482071,5661142617,2.5,1049549959,26590910,1076140869,2.47
20180927,5527699156,138500720,5666199876,2.44,1026545958,26156205,1052702163,2.48
20180928,5504237935,135845459,5640083394,2.41,1065112606,26252948,1091365554,2.41
20180929,5240157225,133777188,5373934413,2.49,1037532246,24638604,1062170850,2.32
20180930,5029684416,134665357,5164349773,2.61,982537992,24339130,1006877122,2.42
20181001,5537997335,143906971,5681904306,2.53,996004660,25715143,1021719803,2.52
20181002,5667727354,144046353,5811773707,2.48,1013457122,25838741,1039295863,2.49
20181003,5281726466,134064290,5415790756,2.48,1020899116,24898596,1045797712,2.38
20181004,5362142837,136287612,5498430449,2.48,1008931085,23251210,1032182295,2.25
20181005,5495553080,134038966,5629592046,2.38,1038848194,24072466,1062920660,2.26
20181006,5127017906,117918220,5244936126,2.25,993358501,24684031,1018042532,2.42
20181007,5225743714,129960306,5355704020,2.43,948367501,24648555,973016056,2.53
20181008,5601063903,134742252,5735806155,2.35,1025942365,25952624,1051894989,2.47
20181009,5766145915,145088243,5911234158,2.45,1037198312,25622577,1062820889,2.41
20181010,5749337353,148095176,5897432529,2.51,1010712790,27309311,1038022101,2.63
20181011,5739978065,148219206,5888197271,2.52,972709221,26966298,999675519,2.7
20181012,5612621208,147587164,5760208372,2.56,957312896,26269082,983581978,2.67
20181013,5287660811,142012628,5429673439,2.62,975828741,26141834,1001970575,2.61
20181014,5238872955,136865735,5375738690,2.55,964891543,26014772,990906315,2.63
20181015,5720558379,141256935,5861815314,2.41,1025688015,27748542,1053436557,2.63
20181016,5821834075,144193276,5966027351,2.42,1014374949,24793373,1039168322,2.39
20181017,5747684784,135473903,5883158687,2.3,1016343351,24110965,1040454316,2.32
20181018,5854214274,130148736,5984363010,2.17,980402447,23862287,1004264734,2.38
20181019,5705890896,128314069,5834204965,2.2,1053891138,23079154,1076970292,2.14
20181020,5154697034,119742027,5274439061,2.27,1026309943,22573406,1048883349,2.15
20181021,5000938240,118860793,5119799033,2.32,1009154867,21914576,1031069443,2.13
20181022,5403023544,128090017,5531113561,2.32,1039777952,22861319,1062639271,2.15
20181023,5509316501,126546572,5635863073,2.25,1072301450,21849188,1094150638,2.0
20181024,5532065307,126134182,5658199489,2.23,1028127873,22182454,1050310327,2.11
20181025,5769378878,133194178,5902573056,2.26,1013903863,22735690,1036639553,2.19
20181026,5808624313,137712489,5946336802,2.32,1075846524,26861616,1102708140,2.44
20181027,4937791559,114566364,5052357923,2.27,934555893,21191036,955746929,2.22
20181028,5185156089,130679620,5315835709,2.46,1057293926,27454529,1084748455,2.53
20181029,5833465790,137116757,5970582547,2.3,1094097762,26955419,1121053181,2.4
20181030,5934322828,140973806,6075296634,2.32,1138226312,28294851,1166521163,2.43
20181031,5937661573,143088800,6080750373,2.35,1124748305,31119134,1155867439,2.69
20181101,5866749858,138685302,6005435160,2.31,1121136007,32552185,1153688192,2.82
20181102,5800296813,138816123,5939112936,2.34,1124695787,34234726,1158930513,2.95
20181103,5249820597,134112025,5383932622,2.49,1053229026,33829776,1087058802,3.11
20181104,5062569029,128334944,5190903973,2.47,1080744871,33900746,1114645617,3.04
20181105,5529520365,137644116,5667164481,2.43,1070887354,32797518,1103684872,2.97
20181106,5441363402,132771794,5574135196,2.38,1107804440,33190344,1140994784,2.91
20181107,5423780295,129756575,5553536870,2.34,1081446811,34583940,1116030751,3.1
20181108,5566975241,134391075,5701366316,2.36,1075613041,34607523,1110220564,3.12
20181109,5575924567,135156757,5711081324,2.37,1079828701,34135892,1113964593,3.06
20181110,5148331436,128644046,5276975482,2.44,1041157520,34608127,1075765647,3.22
20181111,5126761032,126267372,5253028404,2.4,1027834450,32058559,1059893009,3.02
20181112,5488841266,132999832,5621841098,2.37,1062325592,31080561,1093406153,2.84
20181113,5692322727,137453273,5829776000,2.36,1103516428,30331032,1133847460,2.68
20181114,5665401546,135141877,5800543423,2.33,1097669423,30892409,1128561832,2.74
20181115,5348009123,112654996,5460664119,2.06,1108055677,27581382,1135637059,2.43
20181116,5530829351,131218270,5662047621,2.32,1160696890,27638010,1188334900,2.33
20181117,5158426461,127256643,5285683104,2.41,1126033550,26549177,1152582727,2.3
20181118,5131756689,128469529,5260226218,2.44,1115587977,28547697,1144135674,2.5
20181119,5532398971,139950702,5672349673,2.47,1148570413,30265459,1178835872,2.57
20181120,5972409963,139363657,6111773620,2.28,1247404829,28541718,1275946547,2.24
20181121,5744258464,135261992,5879520456,2.3,1186468542,25838709,1212307251,2.13
20181122,5737651450,127496138,5865147588,2.17,1145924240,27019445,1172943685,2.3
20181123,5640860235,141881486,5782741721,2.45,1153314498,30738415,1184052913,2.6
20181124,5320831440,133165777,5453997217,2.44,1127429739,29417739,1156847478,2.54
20181125,5245076880,128858217,5373935097,2.4,1136420120,33348941,1169769061,2.85
20181126,5747432318,137408459,5884840777,2.33,1166113834,34231978,1200345812,2.85
20181127,5454253078,130415785,5584668863,2.34,1177995505,30263078,1208258583,2.5
20181128,5950648892,121708439,6072357331,2.0,1218042885,31067242,1249110127,2.49
20181129,5695262836,113915849,5809178685,1.96,1199647060,34075050,1233722110,2.76
20181130,5646641965,126896442,5773538407,2.2,1127522414,32823130,1160345544,2.83
20181201,5328298098,126819467,5455117565,2.32,1085150502,30442804,1115593306,2.73
20181202,5164781009,125931166,5290712175,2.38,1083764361,31092676,1114857037,2.79
20181203,5734328945,130491312,5864820257,2.22,1097952310,33007665,1130959975,2.92
20181204,5882521243,123503010,6006024253,2.06,1117920790,33302238,1151223028,2.89
20181205,5835418746,130630082,5966048828,2.19,1179572047,29281035,1208853082,2.42
20181206,6001760980,134926652,6136687632,2.2,1134835631,27912710,1162748341,2.4
20181207,5813427192,127685184,5941112376,2.15,1083532041,26093540,1109625581,2.35
20181208,5356724176,118706959,5475431135,2.17,1008352576,26158025,1034510601,2.53
20181209,5224982590,119223836,5344206426,2.23,1007639862,26825437,1034465299,2.59
20181210,5771123156,129149582,5900272738,2.19,1087356102,27777981,1115134083,2.49
20181211,6062655452,133715946,6196371398,2.16,1134864513,28338623,1163203136,2.44
20181212,6062903528,133340195,6196243723,2.15,1061779366,27822062,1089601428,2.55
20181213,6021089632,131483369,6152573001,2.14,1063552501,29233646,1092786147,2.68
20181214,5886864934,125998409,6012863343,2.1,1110439549,28384202,1138823751,2.49
20181215,5560595297,118936210,5679531507,2.09,1071889157,29913340,1101802497,2.71
20181216,5390737989,120931032,5511669021,2.19,1061408165,31611131,1093019296,2.89
20181217,5774431159,129975786,5904406945,2.2,1098034355,32372348,1130406703,2.86
20181218,5913625381,132595798,6046221179,2.19,1079756391,31763312,1111519703,2.86
20181219,5936076914,130443954,6066520868,2.15,1104917282,30228154,1135145436,2.66
20181220,5904204410,133317428,6037521838,2.21,1106524731,30226362,1136751093,2.66
20181221,5778940761,128277643,5907218404,2.17,1124983465,30172012,1155155477,2.61
20181222,5576260312,123524569,5699784881,2.17,1088493663,28721239,1117214902,2.57
20181223,5465541919,119341009,5584882928,2.14,1076334504,27873412,1104207916,2.52
20181224,5657103491,120527375,5777630866,2.09,1097550300,31488027,1129038327,2.79
20181225,5530340627,115516424,5645857051,2.05,1082638163,29676862,1112315025,2.67
20181226,5809944726,122236005,5932180731,2.06,1124142591,29450332,1153592923,2.55
20181227,5903733960,125411078,6029145038,2.08,1127906055,31698401,1159604456,2.73
20181228,5802702312,121127061,5923829373,2.04,1090127103,29485466,1119612569,2.63
20181229,5359728418,116070820,5475799238,2.12,1064125215,27873656,1091998871,2.55
20181230,5302291814,112669979,5414961793,2.08,1022958987,27066494,1050025481,2.58
20181231,5413800521,113940202,5527740723,2.06,1055384546,26365411,1081749957,2.44
20190101,5101957748,105647548,5207605296,2.03,1051969243,25386116,1077355359,2.36
20190102,5733351552,129260058,5862611610,2.2,1141207262,33574550,1174781812,2.86
20190103,6029523756,134005330,6163529086,2.17,1127417844,33424379,1160842223,2.88
20190104,6027340401,138249615,6165590016,2.24,1135202052,37395868,1172597920,3.19
20190105,5598254598,135283581,5733538179,2.36,1086208376,35767509,1121975885,3.19
20190106,5585778359,134176836,5719955195,2.35,1084315724,37420590,1121736314,3.34
20190107,5996790048,138918948,6135708996,2.26,1149295205,37548548,1186843753,3.16
20190108,6451026943,143769762,6594796705,2.18,1153127760,38264745,1191392505,3.21
20190109,6297672831,143226812,6440899643,2.22,1171523483,37723982,1209247465,3.12
20190110,6061344525,142081726,6203426251,2.29,1137391774,37659453,1175051227,3.2
20190111,6428793169,152764197,6581557366,2.32,1170696049,38744546,1209440595,3.2
20190112,6021560027,144035161,6165595188,2.34,1167583886,36813019,1204396905,3.06
20190113,6028619625,142024131,6170643756,2.3,1193013618,36977840,1229991458,3.01
20190114,6627715700,145525552,6773241252,2.15,1273653080,39258510,1312911590,2.99
20190115,6518472817,146524828,6664997645,2.2,1226322387,36891771,1263214158,2.92
20190116,6548461581,145245531,6693707112,2.17,1212490441,34441566,1246932007,2.76
20190117,6610513154,147581056,6758094210,2.18,1200614766,36357952,1236972718,2.94
20190118,6476574209,144009241,6620583450,2.18,1196765689,37490226,1234255915,3.04
20190119,5938265613,145681995,6083947608,2.39,1169704664,37929998,1207634662,3.14
20190120,5918237435,148064850,6066302285,2.44,1173644490,36963356,1210607846,3.05
20190121,6322251273,153216433,6475467706,2.37,1223419441,40613886,1264033327,3.21
20190122,6561207668,153845153,6715052821,2.29,1243683592,39680126,1283363718,3.09
20190123,6530937108,149327761,6680264869,2.24,1247152751,37433549,1284586300,2.91
20190124,6608182853,142769089,6750951942,2.11,1319100423,35495082,1354595505,2.62
20190125,6534358263,140445825,6674804088,2.1,1319723205,34992887,1354716092,2.58
20190126,6067085312,134034444,6201119756,2.16,1271459555,32825119,1304284674,2.52
20190127,6032592686,136088393,6168681079,2.21,1295046188,33027080,1328073268,2.49
20190128,6486042056,142067993,6628110049,2.14,1355242826,34037709,1389280535,2.45
20190129,6724810457,148317059,6873127516,2.16,1317935714,35618962,1353554676,2.63
20190130,6694136016,157021964,6851157980,2.29,1312236030,42430242,1354666272,3.13
20190131,6807862997,156353312,6964216309,2.25,1351716510,39912531,1391629041,2.87
20190201,6762595388,146707076,6909302464,2.12,1371741375,33380383,1405121758,2.38
20190202,6257292771,148106612,6405399383,2.31,1275349798,32924819,1308274617,2.52
20190203,6105844422,142226560,6248070982,2.28,1275484410,30201377,1305685787,2.31
20190204,6670434542,146352985,6816787527,2.15,1346044459,32678795,1378723254,2.37
20190205,6700835458,150343615,6851179073,2.19,1401011046,34923488,1435934534,2.43
20190206,6796694643,155330362,6952025005,2.23,1424145113,34188765,1458333878,2.34
20190207,6480784570,154440045,6635224615,2.33,1412594385,34953365,1447547750,2.41
20190208,6847167577,154902615,7002070192,2.21,1362594188,35526409,1398120597,2.54
20190209,6335107601,146925558,6482033159,2.27,1331247641,33958479,1365206120,2.49
20190210,6224661036,142763513,6367424549,2.24,1341470364,35083958,1376554322,2.55
20190211,6795838917,148393424,6944232341,2.14,1365780066,34884403,1400664469,2.49
20190212,7091710881,153654346,7245365227,2.12,1427299836,35315627,1462615463,2.41
20190213,7059472907,155746072,7215218979,2.16,1448234501,34486419,1482720920,2.33
20190214,6981125449,153720689,7134846138,2.15,1430154311,33030692,1463185003,2.26
20190215,7025497716,149206553,7174704269,2.08,1400270462,33933372,1434203834,2.37
20190216,6385522842,137367690,6522890532,2.11,1349357414,32076151,1381433565,2.32
20190217,6280882546,137741205,6418623751,2.15,1358794002,32862310,1391656312,2.36
20190218,6917311471,145006427,7062317898,2.05,1401350513,33096507,1434447020,2.31
20190219,7156113897,144108566,7300222463,1.97,1398634401,33960767,1432595168,2.37
20190220,7178568196,147032968,7325601164,2.01,1375450944,33802895,1409253839,2.4
20190221,6976768640,148004567,7124773207,2.08,1319730016,34176760,1353906776,2.52
20190222,6872870201,146465207,7019335408,2.09,1317317108,33877825,1351194933,2.51
20190223,6402097378,149170836,6551268214,2.28,1298750438,31725012,1330475450,2.38
20190224,6449886920,149093085,6598980005,2.26,1324031049,32765973,1356797022,2.41
20190225,6991718256,156061118,7147779374,2.18,1321806338,34711636,1356517974,2.56
20190226,6943770469,154757097,7098527566,2.18,1282651428,34174285,1316825713,2.6
20190227,7111999526,148798705,7260798231,2.05,1360406420,33952945,1394359365,2.44
20190228,6822497900,136073568,6958571468,1.96,1305063493,31765976,1336829469,2.38
20190301,7071120913,134650001,7205770914,1.87,1269091202,31457289,1300548491,2.42
20190302,6828867693,127794341,6956662034,1.84,1266030536,29940647,1295971183,2.31
20190303,6757802357,124114366,6881916723,1.8,1266198651,29490141,1295688792,2.28
20190304,7081270314,132652620,7213922934,1.84,1314843161,31474397,1346317558,2.34
20190305,7290901602,139397563,7430299165,1.88,1318657826,33612305,1352270131,2.49
20190306,7383017689,137943973,7520961662,1.83,1320880095,31853244,1352733339,2.35
20190307,7427785268,138752745,7566538013,1.83,1313428675,33860745,1347289420,2.51
20190308,7181182762,130862913,7312045675,1.79,1305537537,32342855,1337880392,2.42
20190309,6888105139,130691409,7018796548,1.86,1295959839,31041340,1327001179,2.34
20190310,7067902808,128246519,7196149327,1.78,1302564054,33277306,1335841360,2.49
20190311,7489642200,140065722,7629707922,1.84,1351388515,34159448,1385547963,2.47
20190312,7633021247,145698977,7778720224,1.87,1355539260,35488948,1391028208,2.55
20190313,7894245954,148450331,8042696285,1.85,1349992481,36438655,1386431136,2.63
20190314,7738971187,147368156,7886339343,1.87,1373466239,37687837,1411154076,2.67
20190315,7564347055,145549383,7709896438,1.89,1395252024,36413268,1431665292,2.54
20190316,7056426297,138282172,7194708469,1.92,1333986203,33014579,1367000782,2.42
20190317,6979052658,140385800,7119438458,1.97,1326964262,32340820,1359305082,2.38
20190318,7384063194,150161301,7534224495,1.99,1372957221,35274862,1408232083,2.5
20190319,7432411321,149728219,7582139540,1.97,1347320989,34573417,1381894406,2.5
20190320,7390404738,149432051,7539836789,1.98,1343912368,34649108,1378561476,2.51
20190321,7266338334,148019055,7414357389,2.0,1345421906,34649442,1380071348,2.51
20190322,6992248593,145594302,7137842895,2.04,1349365562,34787284,1384152846,2.51
20190323,6270514581,136979305,6407493886,2.14,1283899880,33649577,1317549457,2.55
20190324,6076411431,134820960,6211232391,2.17,1314849469,35341859,1350191328,2.62
20190325,6731971485,150004503,6881975988,2.18,1351698843,37168052,1388866895,2.68
20190326,6786385987,146208509,6932594496,2.11,1391298632,37252142,1428550774,2.61
20190327,6903580130,144299663,7047879793,2.05,1400811436,35768951,1436580387,2.49
20190328,6888856174,146576466,7035432640,2.08,1249970769,35271854,1285242623,2.74
20190329,6792676720,134093334,6926770054,1.94,1209821085,30738745,1240559830,2.48
20190330,6346562271,132340510,6478902781,2.04,1191246271,36371741,1227618012,2.96
20190401,6860853399,146361369,7007214768,2.09,1179883288,33825008,1213708296,2.79
20190403,7082309188,140521198,7222830386,1.95,1221309825,35052880,1256362705,2.79
20190404,7171731598,140099204,7311830802,1.92,1222084490,35756934,1257841424,2.84
20190405,6914629792,135543358,7050173150,1.92,1224270306,36700824,1260971130,2.91
20190406,6653301205,124682390,6777983595,1.84,1188680721,35380111,1224060832,2.89
20190407,6530030398,126219129,6656249527,1.9,1182295508,35715792,1218011300,2.93
20190408,7122164114,137193363,7259357477,1.89,1182645687,32701849,1215347536,2.69
20190409,7090213360,130561811,7220775171,1.81,1232450917,29312228,1261763145,2.32
20190410,7544321098,131427514,7675748612,1.71,1330203034,29382255,1359585289,2.16
20190411,7308501858,139775175,7448277033,1.88,1276690269,30637765,1307328034,2.34
20190412,7431467081,134936149,7566403230,1.78,1236498838,30639001,1267137839,2.42
20190413,6864462681,129386963,6993849644,1.85,1261693704,30805835,1292499539,2.38
20190414,6702997524,130415973,6833413497,1.91,1285203786,32453316,1317657102,2.46
20190415,7183862585,125136947,7308999532,1.71,1286084244,31002592,1317086836,2.35
20190416,6952498011,126695059,7079193070,1.79,1300188509,29746949,1329935458,2.24
20190417,7067789829,125167932,7192957761,1.74,1301460541,31669877,1333130418,2.38
20190418,7009527987,121193890,7130721877,1.7,1300025579,31442058,1331467637,2.36
20190419,6592634191,116767128,6709401319,1.74,1267077114,29166044,1296243158,2.25
20190420,5670110535,116589309,5786699844,2.01,1264187331,28529937,1292717268,2.21
20190421,5611000594,116721876,5727722470,2.04,1271940273,29118028,1301058301,2.24
20190422,6445360611,120625841,6565986452,1.84,1279176127,29926725,1309102852,2.29
20190423,6631792702,129823036,6761615738,1.92,1273123236,28742085,1301865321,2.21
20190424,6655717304,129907709,6785625013,1.91,1286772228,29415882,1316188110,2.23
20190425,6768049064,125498336,6893547400,1.82,1279719561,25941433,1305660994,1.99
20190426,7063694858,126387190,7190082048,1.76,1293761669,27035100,1320796769,2.05
20190427,6531942581,119536334,6651478915,1.8,1270190553,26406549,1296597102,2.04
20190428,6404924408,120360299,6525284707,1.84,1261351566,27590521,1288942087,2.14
20190429,6997733236,124743482,7122476718,1.75,1321091224,27843333,1348934557,2.06
20190430,7110645509,116126112,7226771621,1.61,1360104146,26105837,1386209983,1.88
20190501,6638125544,124761162,6762886706,1.84,1363182853,25133747,1388316600,1.81
20190502,6714755594,130680831,6845436425,1.91,1325757407,25588154,1351345561,1.89
20190503,6683095401,126239890,6809335291,1.85,1355158806,25858897,1381017703,1.87
20190504,6317470484,119447903,6436918387,1.86,1330145009,26519037,1356664046,1.95
20190505,6145305764,117451376,6262757140,1.88,1327464180,25994530,1353458710,1.92
20190506,6687938077,128525419,6816463496,1.89,1327336888,27189391,1354526279,2.01
20190507,6937924111,130577780,7068501891,1.85,1314249389,24351754,1338601143,1.82
20190508,7000245438,123688635,7123934073,1.74,1297348193,26773183,1324121376,2.02
20190509,6999513256,123909682,7123422938,1.74,1307464664,26003366,1333468030,1.95
20190510,6859385777,118555211,6977940988,1.7,1328779695,28130805,1356910500,2.07
20190511,6431608697,113730398,6545339095,1.74,1287166404,24065529,1311231933,1.84
20190512,6481557276,113177328,6594734604,1.72,1336879563,24930216,1361809779,1.83
20190513,6713730528,120001067,6833731595,1.76,1261802458,24123392,1285925850,1.88
20190514,6498622779,108674591,6607297370,1.64,1191499920,21624580,1213124500,1.78
20190515,6461723148,109132002,6570855150,1.66,1147111863,19736022,1166847885,1.69
20190516,5791893380,108077147,5899970527,1.83,1124754448,19418311,1144172759,1.7
20190517,5679190922,102973088,5782164010,1.78,1137292260,18899395,1156191655,1.63
20190518,5290557986,100471734,5391029720,1.86,1131675763,18349214,1150024977,1.6
20190519,5267495501,102645529,5370141030,1.91,1134365337,19190308,1153555645,1.66
20190520,5727526853,103400356,5830927209,1.77,1132534199,18383698,1150917897,1.6
20190521,5424188145,98246021,5522434166,1.78,1134990307,17863346,1152853653,1.55
20190522,4974697251,86790809,5061488060,1.71,1118995269,17281106,1136276375,1.52
20190523,4000385855,76530119,4076915974,1.88,754025139,12190082,766215221,1.59
20190524,3208544309,59071475,3267615784,1.81,671293960,11331662,682625622,1.66
20190525,2885676227,56886265,2942562492,1.93,659141460,10685581,669827041,1.6
20190526,2806482173,49810051,2856292224,1.74,670082262,10699173,680781435,1.57
20190527,2920355226,42044971,2962400197,1.42,627056368,6722638,633779006,1.06
20190528,2028878407,20439881,2049318288,1.0,487200594,4214248,491414842,0.86
20190529,2016086109,20702680,2036788789,1.02,490079493,4386036,494465529,0.89
20190530,1927725654,20575556,1948301210,1.06,480960324,4709509,485669833,0.97
20190531,1919842723,20862809,1940705532,1.08,487199653,4433921,491633574,0.9
20190601,1764721057,19569281,1784290338,1.1,484279359,4488270,488767629,0.92
20190602,1683561141,19323512,1702884653,1.13,457816975,4592897,462409872,0.99
20190603,1067482730,13037243,1080519973,1.21,257015457,2144523,259159980,0.83
20190604,1116130046,13673893,1129803939,1.21,295908782,2113777,298022559,0.71
20190605,883787551,11362360,895149911,1.27,255919985,2106334,258026319,0.82
20190606,553585260,7157218,560742478,1.28,176506914,983832,177490746,0.55
20190607,570448845,7106347,577555192,1.23,183966790,941587,184908377,0.51
20190608,529936850,6216714,536153564,1.16,173214237,806805,174021042,0.46
20190609,516130390,6158560,522288950,1.18,174218845,806009,175024854,0.46
20190610,576229059,6531417,582760476,1.12,182439117,987064,183426181,0.54
20190611,582373028,6892046,589265074,1.17,181270084,1043586,182313670,0.57
20190612,558530557,6864025,565394582,1.21,174854858,1092734,175947592,0.62
20190613,578815710,7011984,585827694,1.2,183087282,1097744,184185026,0.6
20190614,571110732,6769261,577879993,1.17,181434559,1081714,182516273,0.59
20190615,523249844,5900771,529150615,1.12,169103168,963758,170066926,0.57
20190616,522429281,5965861,528395142,1.13,169707529,949140,170656669,0.56
20190617,565572760,7046296,572619056,1.23,182296328,1044864,183341192,0.57
20190618,571613561,7234956,578848517,1.25,173893701,1042906,174936607,0.6
20190619,83914824,1939834,85854658,2.26,14940817,40671,14981488,0.27
20190620,84618924,1956974,86575898,2.26,15168883,41523,15210406,0.27
20190621,84358581,1827140,86185721,2.12,15332628,44127,15376755,0.29
20190622,77402306,1720993,79123299,2.18,13896187,42292,13938479,0.3
20190623,76173310,1698335,77871645,2.18,13398712,42576,13441288,0.32
20190624,85087510,1845749,86933259,2.12,14985962,42335,15028297,0.28
20190625,84802553,1837364,86639917,2.12,15176709,42180,15218889,0.28
20190626,86249501,1895542,88145043,2.15,15285757,43366,15329123,0.28
20190627,89681005,1934068,91615073,2.11,16125143,43017,16168160,0.27
20190628,87293566,1823318,89116884,2.05,18019420,43945,18063365,0.24
20190629,82704024,1719018,84423042,2.04,19187514,43621,19231135,0.23
20190630,82275115,1841881,84116996,2.19,18609085,44222,18653307,0.24
20190701,96342545,2060216,98402761,2.09,21465203,45111,21510314,0.21
20190702,95198903,1990529,97189432,2.05,21215479,44568,21260047,0.21
20190703,95128128,2017423,97145551,2.08,21564258,42721,21606979,0.2
20190704,90104575,1502185,91606760,1.64,21245008,44430,21289438,0.21
20190705,90296312,1752948,92049260,1.9,21248699,44422,21293121,0.21
20190706,82703775,1629537,84333312,1.93,19679632,44309,19723941,0.22
20190707,82959945,1599640,84559585,1.89,19274366,44280,19318646,0.23
20190708,90294311,1738060,92032371,1.89,21226742,45027,21271769,0.21
20190709,90174266,1710286,91884552,1.86,21401667,44595,21446262,0.21
20190710,90744900,1642018,92386918,1.78,21617334,44365,21661699,0.2
20190711,90850530,1706049,92556579,1.84,21635118,44416,21679534,0.2
20190712,91614473,1680901,93295374,1.8,21457787,44197,21501984,0.21
20190713,84706207,1555939,86262146,1.8,19772383,44318,19816701,0.22
20190714,84576891,1548736,86125627,1.8,19213169,44560,19257729,0.23
20190715,93623132,1684936,95308068,1.77,21326966,44068,21371034,0.21
20191013,5810045546,609280169,6419325715,9.49,1185279561,169476009,1354755570,12.51
20191014,6012611853,609453865,6622065718,9.2,1191378368,172977391,1364355759,12.68
20191015,5979595495,577840986,6557436481,8.81,1184408571,162957278,1347365849,12.09
20191016,6336788913,584261025,6921049938,8.44,1137874629,161741909,1299616538,12.45
20191017,5964582716,621363879,6585946595,9.43,1197974160,174907771,1372881931,12.74
20191018,6782798365,785872260,7568670625,10.38,1430497824,218950965,1649448789,13.27
20191019,7158860661,588461928,7747322589,7.6,1107114338,162115279,1269229617,12.77
20191020,7154202702,566040574,7720243276,7.33,1093212694,160245078,1253457772,12.78
20191021,6533283083,465951961,6999235044,6.66,1080908685,153583212,1234491897,12.44
20191022,5298294258,475845744,5774140002,8.24,1133231634,148488042,1281719676,11.59
20191023,5385011803,499314476,5884326279,8.49,1142381396,153307503,1295688899,11.83
20191024,5670211507,507206607,6177418114,8.21,1182908600,165496787,1348405387,12.27
20191025,6095327690,577607602,6672935292,8.66,1216284465,173225982,1389510447,12.47
20191026,5479649228,566077921,6045727149,9.36,1218962370,170189045,1389151415,12.25
20191027,5413527234,572558338,5986085572,9.56,1170832950,161456770,1332289720,12.12
20191028,5745783104,616478549,6362261653,9.69,1071352608,166420185,1237772793,13.45
20191029,6132854919,727918099,6860773018,10.61,1066301293,151170550,1217471843,12.42
20191030,6029989324,662388799,6692378123,9.9,1270116606,180248776,1450365382,12.43
20191031,6227784603,546655206,6774439809,8.07,1613677500,191996201,1805673701,10.63
20191101,6478232978,605183106,7083416084,8.54,1495043046,137769536,1632812582,8.44
20191102,6151098135,584181269,6735279404,8.67,1470904117,140949041,1611853158,8.74
20191103,6001620773,583719213,6585339986,8.86,1406182290,119797649,1525979939,7.85
20191104,6378036499,604479543,6982516042,8.66,1412923894,110061959,1522985853,7.23
20191105,6739904888,613601003,7353505891,8.34,1460236919,118961925,1579198844,7.53
20191106,6537268661,584752954,7122021615,8.21,1385595922,116781504,1502377426,7.77
