#date,queriesUDP_IPV4,queriesTCP_IPv4,queriesTOTAL_IPv4,ratioTCP_IPv4,queriesUDP_IPV6,queriesTCP_IPv6,queriesTOTAL_IPv6,ratioTCP_IPv6
20131001,1932783813,16233260,1949017073,0.83,137495874,1977152,139473026,1.42
20131002,1898321257,16109503,1914430760,0.84,130967578,2009479,132977057,1.51
20131003,1902511580,16544976,1919056556,0.86,131823725,2120991,133944716,1.58
20131004,1889351738,17127284,1906479022,0.9,135551000,2128663,137679663,1.55
20131005,1692298563,15933380,1708231943,0.93,122020611,2059698,124080309,1.66
20131006,1708828289,15812809,1724641098,0.92,123511453,2077906,125589359,1.65
20131007,1936845719,16407749,1953253468,0.84,134362587,2161747,136524334,1.58
20131008,2013664420,15641718,2029306138,0.77,133520044,2039433,135559477,1.5
20131009,1994454074,14311523,2008765597,0.71,129221206,1870002,131091208,1.43
20131010,2056689071,15850978,2072540049,0.76,140731543,1816223,142547766,1.27
20131011,2000699107,15356559,2016055666,0.76,143384841,2546068,145930909,1.74
20131012,1728123177,16715177,1744838354,0.96,129420383,3095982,132516365,2.34
20131013,1647290631,14805558,1662096189,0.89,128371084,2977251,131348335,2.27
20131014,1861817922,16008087,1877826009,0.85,139078582,3367634,142446216,2.36
20131015,1951528020,18076925,1969604945,0.92,142817633,3563799,146381432,2.43
20131016,2019380210,17773106,2037153316,0.87,144610160,3395941,148006101,2.29
20131017,2186831828,19986165,2206817993,0.91,142006405,3677207,145683612,2.52
20131018,2349795543,21253545,2371049088,0.9,140719635,3670011,144389646,2.54
20131019,2100521868,19507325,2120029193,0.92,137751008,3649729,141400737,2.58
20131020,2071638872,19024228,2090663100,0.91,142052036,3614641,145666677,2.48
20131021,2395807302,21083724,2416891026,0.87,155240102,3689942,158930044,2.32
20131022,2403215274,21259721,2424474995,0.88,147951793,3690664,151642457,2.43
20131023,2334025019,23234065,2357259084,0.99,144324942,3668825,147993767,2.48
20131024,2364775807,21991700,2386767507,0.92,159684957,3695582,163380539,2.26
20131025,2492911757,20674772,2513586529,0.82,163955559,3694772,167650331,2.2
20131026,2403995974,19345502,2423341476,0.8,135800900,3639566,139440466,2.61
20131027,2302006079,18322204,2320328283,0.79,133409078,3617171,137026249,2.64
20131028,2803335643,20181629,2823517272,0.71,149778536,3683096,153461632,2.4
20131029,2685603142,20218079,2705821221,0.75,155612294,3662474,159274768,2.3
20131030,2417084234,23292054,2440376288,0.95,164479156,3380806,167859962,2.01
20131031,2372566750,22815292,2395382042,0.95,169244325,3430801,172675126,1.99
20131101,2204906571,21656376,2226562947,0.97,172253084,3640632,175893716,2.07
20131102,1867370013,19144579,1886514592,1.01,158482711,3507737,161990448,2.17
20131103,1919578799,19447481,1939026280,1.0,156341973,3327436,159669409,2.08
20131104,2282060788,23906213,2305967001,1.04,175512626,3540385,179053011,1.98
20131105,2397977224,22935320,2420912544,0.95,174198989,3670525,177869514,2.06
20131106,2498444573,21800583,2520245156,0.87,178138101,3668216,181806317,2.02
20131107,2541506053,22220652,2563726705,0.87,178822065,3679387,182501452,2.02
20131108,2567754987,22741414,2590496401,0.88,179166925,3567041,182733966,1.95
20131109,2262474191,21022169,2283496360,0.92,161525274,3608315,165133589,2.19
20131110,2157016477,20079565,2177096042,0.92,154744533,3569896,158314429,2.25
20131111,2483310187,21837291,2505147478,0.87,162444946,3799259,166244205,2.29
20131112,2605082119,21956174,2627038293,0.84,155950543,3524752,159475295,2.21
20131113,2748014854,21922973,2769937827,0.79,147300727,3522119,150822846,2.34
20131114,2530465826,22084136,2552549962,0.87,148759202,3528443,152287645,2.32
20131115,2487460956,22792003,2510252959,0.91,142704770,3505026,146209796,2.4
20131116,2258991094,22985681,2281976775,1.01,127275396,3424509,130699905,2.62
20131117,2119405035,20670338,2140075373,0.97,128414561,3395710,131810271,2.58
20131118,2407335755,24993059,2432328814,1.03,143958691,3504615,147463306,2.38
20131119,2434260684,24788521,2459049205,1.01,129086492,3755395,132841887,2.83
20131120,2447378640,23123996,2470502636,0.94,146900505,3992368,150892873,2.65
20131121,2361154482,22488914,2383643396,0.94,150581485,3987623,154569108,2.58
20131122,2415922908,23022140,2438945048,0.94,137429834,3897082,141326916,2.76
20131123,2162373832,21793710,2184167542,1.0,108509877,3660333,112170210,3.26
20131124,2139412997,21148462,2160561459,0.98,111042887,3647260,114690147,3.18
20131125,2511871174,22978698,2534849872,0.91,121797673,3733893,125531566,2.97
20131126,2583687680,24594181,2608281861,0.94,127693829,3805494,131499323,2.89
20131127,2444007561,25590126,2469597687,1.04,150251220,4060077,154311297,2.63
20131128,2349386696,24582396,2373969092,1.04,145717055,4037131,149754186,2.7
20131129,2269243689,26446931,2295690620,1.15,141502329,4026244,145528573,2.77
20131130,2125076949,22666286,2147743235,1.06,137869401,3945604,141815005,2.78
20131201,2048079292,21619759,2069699051,1.04,135899999,3943587,139843586,2.82
20131202,2484363503,25557967,2509921470,1.02,150124750,4100088,154224838,2.66
20131203,2332974850,25390098,2358364948,1.08,151823667,4115207,155938874,2.64
20131204,2464786150,25563717,2490349867,1.03,157110119,4079264,161189383,2.53
20131205,2542908655,27202150,2570110805,1.06,153358024,4054422,157412446,2.58
20131206,2463404781,24280898,2487685679,0.98,155270917,4001037,159271954,2.51
20131207,2180607640,22287953,2202895593,1.01,139051336,3971797,143023133,2.78
20131208,2179998477,21221452,2201219929,0.96,138697080,4038364,142735444,2.83
20131209,2531447278,25754323,2557201601,1.01,151246890,4134080,155380970,2.66
20131210,2568236166,24408915,2592645081,0.94,149750038,4085312,153835350,2.66
20131211,2553438822,23740926,2577179748,0.92,149636782,4085214,153721996,2.66
20131212,2596735356,24040108,2620775464,0.92,149658519,4086266,153744785,2.66
20131213,2526594030,23613760,2550207790,0.93,135240442,4289024,139529466,3.07
20131214,2286303799,22147102,2308450901,0.96,126435487,4100269,130535756,3.14
20131215,2239983774,21848808,2261832582,0.97,127475849,4107341,131583190,3.12
20131216,2589236306,23603787,2612840093,0.9,144600119,4223975,148824094,2.84
20131217,2610308457,23572647,2633881104,0.89,137888480,4225762,142114242,2.97
20131218,2619804767,23086366,2642891133,0.87,140797686,4246201,145043887,2.93
20131219,2688152730,24189142,2712341872,0.89,135006576,4266438,139273014,3.06
20131220,2918212683,25178038,2943390721,0.86,142419915,4217232,146637147,2.88
20131221,2459796135,22296636,2482092771,0.9,149741888,3284237,153026125,2.15
20131222,2371342586,21907817,2393250403,0.92,152050135,2471577,154521712,1.6
20131223,2581845553,22902783,2604748336,0.88,156224323,2526933,158751256,1.59
20131224,2498021012,21070529,2519091541,0.84,155191006,2272968,157463974,1.44
20131225,2501317542,22072642,2523390184,0.87,152127781,2511422,154639203,1.62
20131226,2645607417,22992296,2668599713,0.86,158360162,2565350,160925512,1.59
20131227,2544364921,23029231,2567394152,0.9,165875048,2643238,168518286,1.57
20131228,2332791915,21770812,2354562727,0.92,159404686,2624472,162029158,1.62
20131229,2234641317,21829645,2256470962,0.97,152800366,2595075,155395441,1.67
20131230,2524310849,23263697,2547574546,0.91,167429715,2613054,170042769,1.54
20131231,2478723339,23048517,2501771856,0.92,159737182,2574024,162311206,1.59
20140101,2376171906,21815245,2397987151,0.91,153491105,2527614,156018719,1.62
20140102,2832676094,23274142,2855950236,0.81,170114559,2656299,172770858,1.54
20140103,2809532841,23656542,2833189383,0.83,171958641,2627333,174585974,1.5
20140104,2559874258,22783390,2582657648,0.88,163062612,2543288,165605900,1.54
20140105,2567455844,22288478,2589744322,0.86,160603871,2563170,163167041,1.57
20140106,2906981765,23775350,2930757115,0.81,175180623,2684616,177865239,1.51
20140107,2859785391,24103580,2883888971,0.84,167370743,2636580,170007323,1.55
20140108,2956799350,23835935,2980635285,0.8,170542280,2637032,173179312,1.52
20140109,2990354882,22825961,3013180843,0.76,169768995,2549781,172318776,1.48
20140110,3010097473,23172513,3033269986,0.76,174432648,2539635,176972283,1.44
20140111,2723503815,22373596,2745877411,0.81,163091753,3209553,166301306,1.93
20140112,2615906431,22220957,2638127388,0.84,162137345,4039869,166177214,2.43
20140113,2857926854,24218818,2882145672,0.84,170737524,4113920,174851444,2.35
20140114,2993067571,24824043,3017891614,0.82,181522514,4199966,185722480,2.26
20140115,3020953655,24709758,3045663413,0.81,180115107,4255424,184370531,2.31
20140116,3065465527,27195974,3092661501,0.88,186457004,4572976,191029980,2.39
20140117,2944230447,25795859,2970026306,0.87,199946657,4549783,204496440,2.22
20140118,2628976849,23218850,2652195699,0.88,184076364,4255607,188331971,2.26
20140119,2589871830,23075671,2612947501,0.88,182295066,4152487,186447553,2.23
20140120,3026788274,25635856,3052424130,0.84,207151789,4260607,211412396,2.02
20140121,3002302605,25696913,3027999518,0.85,213319280,4055735,217375015,1.87
20140122,3026711417,25289778,3052001195,0.83,213078547,3931217,217009764,1.81
20140123,3008418836,25010448,3033429284,0.82,212019587,4045329,216064916,1.87
20140124,2955838842,25242993,2981081835,0.85,223513690,4221069,227734759,1.85
20140125,2543514966,26776411,2570291377,1.04,192259152,4090582,196349734,2.08
20140126,2505934251,24077718,2530011969,0.95,193297838,4056161,197353999,2.06
20140127,2775294711,24632533,2799927244,0.88,216698673,4173284,220871957,1.89
20140128,2821930138,25011414,2846941552,0.88,228065164,4297511,232362675,1.85
20140129,2790115933,24547229,2814663162,0.87,213063977,4006670,217070647,1.85
20140130,2823758647,25282154,2849040801,0.89,198304051,4135453,202439504,2.04
20140131,2636395164,23281147,2659676311,0.88,158645133,3972937,162618070,2.44
20140201,2344957546,22047636,2367005182,0.93,163793024,3829734,167622758,2.28
20140202,2301949337,22127321,2324076658,0.95,166458388,3827743,170286131,2.25
20140203,2661107544,23722998,2684830542,0.88,183928523,3954883,187883406,2.1
20140204,2825900223,24461699,2850361922,0.86,184866261,3966997,188833258,2.1
20140205,2814119809,24844205,2838964014,0.88,177270849,3921849,181192698,2.16
20140206,2879000328,24948685,2903949013,0.86,172013039,3958267,175971306,2.25
20140207,2898634636,25096853,2923731489,0.86,170832239,3955998,174788237,2.26
20140208,3420096823,31298985,3451395808,0.91,209092748,4816558,213909306,2.25
20140209,2824207992,27754866,2851962858,0.97,181845016,3991824,185836840,2.15
20140210,3037610832,29917290,3067528122,0.98,191281099,4006482,195287581,2.05
20140211,4817640851,42140003,4859780854,0.87,277399624,6086256,283485880,2.15
20140212,3330155469,26815841,3356971310,0.8,204619375,4170823,208790198,2.0
20140213,2809346570,24361866,2833708436,0.86,199350493,4261979,203612472,2.09
20140214,2771254631,21184931,2792439562,0.76,220944053,5394002,226338055,2.38
20140215,2611716489,20441694,2632158183,0.78,198362770,4138587,202501357,2.04
20140216,2560551993,20843116,2581395109,0.81,211419584,4427387,215846971,2.05
20140217,2863608185,22104022,2885712207,0.77,218389751,5940381,224330132,2.65
20140218,2910423807,25778502,2936202309,0.88,213951917,4979376,218931293,2.27
20140219,3251815510,28603073,3280418583,0.87,233425321,4330010,237755331,1.82
20140220,2987072693,24624958,3011697651,0.82,222726635,5161673,227888308,2.27
20140221,2710805280,21677583,2732482863,0.79,219307029,4371977,223679006,1.95
20140222,2427665579,20625286,2448290865,0.84,193869745,5240681,199110426,2.63
20140223,2551772490,21622556,2573395046,0.84,184586885,4197138,188784023,2.22
20140224,2740660056,21710093,2762370149,0.79,200560854,5689288,206250142,2.76
20140225,2425873925,20465836,2446339761,0.84,202451113,4206909,206658022,2.04
20140226,1565695641,14091532,1579787173,0.89,199148678,5841204,204989882,2.85
20140227,2098877651,16488796,2115366447,0.78,203320404,4634080,207954484,2.23
20140228,2882020160,20941731,2902961891,0.72,216087257,4525627,220612884,2.05
20140301,2792600978,21967965,2814568943,0.78,200411849,4357825,204769674,2.13
20140302,2542898001,20094645,2562992646,0.78,190499752,4337683,194837435,2.23
20140303,2865062928,20739522,2885802450,0.72,212281594,4582419,216864013,2.11
20140304,2927025279,21707185,2948732464,0.74,216889713,4728346,221618059,2.13
20140305,2941966115,21994180,2963960295,0.74,212801570,4727364,217528934,2.17
20140306,2931265129,24865336,2956130465,0.84,223235997,4673007,227909004,2.05
20140307,2931635183,23129610,2954764793,0.78,221586346,4698736,226285082,2.08
20140308,2794019690,22614499,2816634189,0.8,208869708,4796519,213666227,2.24
20140309,2684397085,22169672,2706566757,0.82,200028999,4729427,204758426,2.31
20140310,2883561615,23503877,2907065492,0.81,227404991,4963353,232368344,2.14
20140311,2938801323,23725755,2962527078,0.8,224369346,4785331,229154677,2.09
20140312,3067640748,24492352,3092133100,0.79,222168561,4530310,226698871,2.0
20140313,2931850697,26002092,2957852789,0.88,214254466,3983960,218238426,1.83
20140314,2893607035,24690850,2918297885,0.85,214435561,4081374,218516935,1.87
20140315,2562954042,21868225,2584822267,0.85,202406512,3773470,206179982,1.83
20140316,2564481282,22350868,2586832150,0.86,199812144,3976153,203788297,1.95
20140317,2820761697,23162220,2843923917,0.81,216944959,4380043,221325002,1.98
20140318,2881754185,22916114,2904670299,0.79,225928998,4328900,230257898,1.88
20140319,2973419841,24033133,2997452974,0.8,232492768,4362526,236855294,1.84
20140320,2947027166,23199044,2970226210,0.78,228000694,4106084,232106778,1.77
20140321,2846779044,22785555,2869564599,0.79,215615766,3478720,219094486,1.59
20140322,2616316928,22125678,2638442606,0.84,203306840,2836844,206143684,1.38
20140323,2637352622,23021269,2660373891,0.87,199178221,2804987,201983208,1.39
20140324,2766435879,23016782,2789452661,0.83,214182748,2966910,217149658,1.37
20140325,2853853272,21721410,2875574682,0.76,218024250,3029258,221053508,1.37
20140326,3584965766,28845607,3613811373,0.8,255952677,3362632,259315309,1.3
20140327,3305858277,26497528,3332355805,0.8,233011207,3116527,236127734,1.32
20140328,3028323482,24073296,3052396778,0.79,220759064,3051590,223810654,1.36
20140329,2794495779,22587308,2817083087,0.8,205728712,2980524,208709236,1.43
20140330,2438934400,18763431,2457697831,0.76,202865448,3020059,205885507,1.47
20140331,2803190106,19977003,2823167109,0.71,231487824,2932492,234420316,1.25
20140401,3119472333,23905363,3143377696,0.76,229937375,2903481,232840856,1.25
20140402,3020937242,22437964,3043375206,0.74,232707303,2914288,235621591,1.24
20140403,3090845534,20047444,3110892978,0.64,223374918,2860720,226235638,1.26
20140404,2689834727,20325642,2710160369,0.75,211773611,2842959,214616570,1.32
20140405,2752000054,22817709,2774817763,0.82,204814933,2721093,207536026,1.31
20140406,2701680776,22583618,2724264394,0.83,216387488,2753229,219140717,1.26
20140407,3260446934,22796148,3283243082,0.69,225430760,2848177,228278937,1.25
20140408,2619672240,20123303,2639795543,0.76,228041730,2925828,230967558,1.27
20140409,2567938747,20118333,2588057080,0.78,211660542,2948145,214608687,1.37
20140410,2814180167,22888253,2837068420,0.81,230014120,3110912,233125032,1.33
20140411,2680700141,21084224,2701784365,0.78,224151325,3896983,228048308,1.71
20140413,2578570350,21351853,2599922203,0.82,195940036,4654814,200594850,2.32
20140414,2733496559,21754227,2755250786,0.79,217630141,4748680,222378821,2.14
20140415,2887113313,23708892,2910822205,0.81,222366605,4820661,227187266,2.12
20140416,2931573306,24711377,2956284683,0.84,228960631,4802167,233762798,2.05
20140417,2849384736,23000113,2872384849,0.8,221538027,4786676,226324703,2.11
20140418,2546729436,21536188,2568265624,0.84,201707752,4685960,206393712,2.27
20140419,2393470734,20900285,2414371019,0.87,195420130,4637331,200057461,2.32
20140420,2327155642,20401703,2347557345,0.87,189841418,4598444,194439862,2.36
20140421,2569324852,21687065,2591011917,0.84,203487159,4653052,208140211,2.24
20140422,2692372050,21815278,2714187328,0.8,223129392,4669397,227798789,2.05
20140423,2677245307,24299858,2701545165,0.9,216388728,4639728,221028456,2.1
20140424,2675560145,24327529,2699887674,0.9,228878132,4897879,233776011,2.1
20140428,2695367835,23121212,2718489047,0.85,222851789,4897145,227748934,2.15
20140429,2733518758,23843267,2757362025,0.86,221044713,4856226,225900939,2.15
20140430,2653377103,23425287,2676802390,0.88,226727740,4890628,231618368,2.11
20140501,2502243285,23304827,2525548112,0.92,219751297,4723263,224474560,2.1
20140502,2906037354,28381653,2934419007,0.97,239308791,4629136,243937927,1.9
20140503,2559770485,25103509,2584873994,0.97,225800567,4040030,229840597,1.76
20140504,2490927495,24783929,2515711424,0.99,215750626,3948993,219699619,1.8
20140505,2734658164,25931705,2760589869,0.94,217383214,4561610,221944824,2.06
20140506,2683600472,25458830,2709059302,0.94,195174064,4018855,199192919,2.02
20140507,4631723551,50446028,4682169579,1.08,339554032,5349424,344903456,1.55
20140508,3569466686,32042819,3601509505,0.89,280866178,4026767,284892945,1.41
20140509,2777041050,25029120,2802070170,0.89,223335221,3908469,227243690,1.72
20140510,2758622951,25514231,2784137182,0.92,210267537,3905388,214172925,1.82
20140511,2889491281,23736251,2913227532,0.81,240982734,3978869,244961603,1.62
20140512,3163951308,24059283,3188010591,0.75,245210970,4023921,249234891,1.61
20140513,3130716586,23812936,3154529522,0.75,262123710,3653054,265776764,1.37
20140514,3152861836,23990175,3176852011,0.76,262110930,2549546,264660476,0.96
20140515,3085666114,23870758,3109536872,0.77,235333516,2975414,238308930,1.25
20140516,3147138422,24757007,3171895429,0.78,246651107,3304262,249955369,1.32
20140517,2747233126,22668802,2769901928,0.82,222059055,3016083,225075138,1.34
20140518,2752426163,22454996,2774881159,0.81,224134956,3116772,227251728,1.37
20140519,3004967475,23424182,3028391657,0.77,247456259,3087769,250544028,1.23
20140520,3112159193,24034106,3136193299,0.77,252475875,3386514,255862389,1.32
20140521,3187011267,25109972,3212121239,0.78,246782710,3910770,250693480,1.56
20140522,3078450020,25326604,3103776624,0.82,248472507,3879795,252352302,1.54
20140523,2987255026,25198585,3012453611,0.84,242123017,3944303,246067320,1.6
20140524,2727505039,24607370,2752112409,0.89,219681519,3844146,223525665,1.72
20140525,2653978132,24373535,2678351667,0.91,222271543,3610488,225882031,1.6
20140526,2951117224,24771908,2975889132,0.83,243770495,3972131,247742626,1.6
20140527,3058113577,25693004,3083806581,0.83,258993963,4048664,263042627,1.54
20140528,3370995998,27602274,3398598272,0.81,257866745,4353150,262219895,1.66
20140529,3916057185,30346246,3946403431,0.77,257067087,4452863,261519950,1.7
20140530,3990294031,30061440,4020355471,0.75,272221356,5116483,277337839,1.84
20140531,3638934091,28426732,3667360823,0.78,244744854,5063287,249808141,2.03
20140601,3846634393,31038701,3877673094,0.8,252557598,5454301,258011899,2.11
20140602,4181934640,30598493,4212533133,0.73,266535541,5502539,272038080,2.02
20140603,4283954576,31983564,4315938140,0.74,264893423,5766521,270659944,2.13
20140604,4254029216,31303019,4285332235,0.73,277475497,5826140,283301637,2.06
20140605,4097921640,34826063,4132747703,0.84,268684532,5826101,274510633,2.12
20140606,3971765726,35890000,4007655726,0.9,261740574,5789019,267529593,2.16
20140607,3535958722,31163764,3567122486,0.87,229603188,5692458,235295646,2.42
20140608,3639728398,29648740,3669377138,0.81,226884681,5688967,232573648,2.45
20140609,4108471075,32717930,4141189005,0.79,252767715,5751712,258519427,2.22
20140610,4198070295,35186686,4233256981,0.83,259485011,5780129,265265140,2.18
20140611,3573063229,30580969,3603644198,0.85,207653224,4759515,212412739,2.24
20140612,3433057681,28962553,3462020234,0.84,153458407,3547282,157005689,2.26
20140613,4018872502,34231937,4053104439,0.84,192197950,5165449,197363399,2.62
20140614,3635698069,33382719,3669080788,0.91,174923967,5113731,180037698,2.84
20140615,3746574888,33068407,3779643295,0.87,167619472,5002595,172622067,2.9
20140616,4198349961,34539347,4232889308,0.82,191995332,5012201,197007533,2.54
20140617,4513237270,35062611,4548299881,0.77,201698781,5043767,206742548,2.44
20140618,4544968140,40388757,4585356897,0.88,205553340,5183038,210736378,2.46
20140619,4205999101,42399112,4248398213,1.0,201913315,5042236,206955551,2.44
20140621,4046919396,36954771,4083874167,0.9,190962199,3102318,194064517,1.6
20140622,4217519189,34567877,4252087066,0.81,192255356,2979984,195235340,1.53
20140624,5460410157,43242223,5503652380,0.79,247321407,3320069,250641476,1.32
20140625,4466274158,36213035,4502487193,0.8,222673787,3161275,225835062,1.4
20140626,4374535801,45089274,4419625075,1.02,226671531,3140407,229811938,1.37
20140627,4055216624,54477836,4109694460,1.33,194223630,3529556,197753186,1.78
20140628,3729724050,54243692,3783967742,1.43,179010012,3307801,182317813,1.81
20140629,3634794192,58137979,3692932171,1.57,177438685,3228752,180667437,1.79
20140630,4112468969,60064142,4172533111,1.44,188822520,3344110,192166630,1.74
20140701,4055295934,55474736,4110770670,1.35,194647778,4268030,198915808,2.15
20140702,4089086774,60453975,4149540749,1.46,204534089,3296564,207830653,1.59
20140703,4061683616,54395895,4116079511,1.32,221815711,3439097,225254808,1.53
20140704,3940659140,55796038,3996455178,1.4,239953422,3633308,243586730,1.49
20140705,3778040983,60043938,3838084921,1.56,232014562,3577480,235592042,1.52
20140706,3738251301,58759645,3797010946,1.55,221675196,3525746,225200942,1.57
20140707,4211469622,55814720,4267284342,1.31,248148565,3678309,251826874,1.46
20140708,4457766198,57936969,4515703167,1.28,249035463,3418064,252453527,1.35
20140709,5533102299,72232680,5605334979,1.29,262736753,3768982,266505735,1.41
20140710,5775613810,82433055,5858046865,1.41,272947920,3719109,276667029,1.34
20140711,6438864019,90572174,6529436193,1.39,332227619,5050825,337278444,1.5
20140712,4689093280,64499793,4753593073,1.36,235800534,5121197,240921731,2.13
20140713,4645585172,61254121,4706839293,1.3,221510419,5039679,226550098,2.22
20140714,5185038526,61333500,5246372026,1.17,249613856,5232454,254846310,2.05
20140715,5656644421,74630429,5731274850,1.3,300520180,5821639,306341819,1.9
20140716,5352084425,72328391,5424412816,1.33,298065345,6324606,304389951,2.08
20140717,6983854563,116577420,7100431983,1.64,422494884,7548610,430043494,1.76
20140718,4793219793,59131038,4852350831,1.22,295122365,6564256,301686621,2.18
20140719,4378338001,55162332,4433500333,1.24,270006113,6465330,276471443,2.34
20140720,4507956814,55412841,4563369655,1.21,273811575,6445251,280256826,2.3
20140721,4858082478,65706754,4923789232,1.33,290023675,6402315,296425990,2.16
20140722,4682091775,52233409,4734325184,1.1,291310198,6214974,297525172,2.09
20140723,4365702841,57091416,4422794257,1.29,316235748,6186413,322422161,1.92
20140724,4094491099,49573201,4144064300,1.2,298045152,5994433,304039585,1.97
20140725,3723778526,37001159,3760779685,0.98,283965407,5927391,289892798,2.04
20140726,3354811167,38486105,3393297272,1.13,261088533,5451968,266540501,2.05
20140727,3246095112,37236457,3283331569,1.13,262852010,5699021,268551031,2.12
20140728,2990595334,30193079,3020788413,1.0,213455425,4529571,217984996,2.08
20140729,3658133333,37842532,3695975865,1.02,255621392,5696446,261317838,2.18
20140730,4056197541,52300989,4108498530,1.27,261889690,5365529,267255219,2.01
20140731,4059284886,53359830,4112644716,1.3,258633034,6488265,265121299,2.45
20140801,4093142365,54565709,4147708074,1.32,267084093,6646905,273730998,2.43
20140802,3679181485,53465599,3732647084,1.43,249759638,6514261,256273899,2.54
20140803,3798177055,55642534,3853819589,1.44,242146900,6639002,248785902,2.67
20140804,4291980759,54536098,4346516857,1.25,267841826,6607655,274449481,2.41
20140805,4531585482,57531574,4589117056,1.25,288970148,5983069,294953217,2.03
20140806,4507845767,52437816,4560283583,1.15,261271176,5804971,267076147,2.17
20140807,4385980630,53061047,4439041677,1.2,254432916,5670414,260103330,2.18
20140808,4390997997,54456114,4445454111,1.22,254965483,5470630,260436113,2.1
20140809,3909788599,51610945,3961399544,1.3,234990332,6539642,241529974,2.71
20140810,4429416559,59294088,4488710647,1.32,282918369,6220064,289138433,2.15
20140811,4226018873,55677343,4281696216,1.3,256169182,5819191,261988373,2.22
20140812,4534576658,54942061,4589518719,1.2,266173020,5863177,272036197,2.16
20140813,4689179562,48239638,4737419200,1.02,263242072,5714531,268956603,2.12
20140814,4735817432,44079282,4779896714,0.92,264863425,5770415,270633840,2.13
20140815,4288495097,40728257,4329223354,0.94,242651313,5017734,247669047,2.03
20140816,3756218530,37669924,3793888454,0.99,211738237,4233991,215972228,1.96
20140817,3727499129,38186049,3765685178,1.01,209072355,4314807,213387162,2.02
20140818,4069995203,42420504,4112415707,1.03,225541632,4393532,229935164,1.91
20140819,4007234548,38366200,4045600748,0.95,223110960,4372513,227483473,1.92
20140820,3806139967,33475360,3839615327,0.87,221316449,4372096,225688545,1.94
20140821,3550844043,29100974,3579945017,0.81,217641941,4370234,222012175,1.97
20140822,3444400842,30278756,3474679598,0.87,206359124,4303644,210662768,2.04
20140823,3155660038,28087860,3183747898,0.88,207334810,4266795,211601605,2.02
20140824,3342260817,27269536,3369530353,0.81,218011480,4327535,222339015,1.95
20140825,3790267747,30240061,3820507808,0.79,243874945,4424574,248299519,1.78
20140826,3841511964,30142912,3871654876,0.78,245945755,4489952,250435707,1.79
20140827,3813342489,30600339,3843942828,0.8,234444016,4668990,239113006,1.95
20140828,3823891408,30271978,3854163386,0.79,243513320,4498930,248012250,1.81
20140829,3608395508,31550558,3639946066,0.87,237007634,3136894,240144528,1.31
20140830,3262080238,29954255,3292034493,0.91,222298335,3134569,225432904,1.39
20140831,3097307319,27816401,3125123720,0.89,196122696,3010830,199133526,1.51
20140901,4078980503,41326944,4120307447,1.0,218889668,3176730,222066398,1.43
20140902,3829306110,35543996,3864850106,0.92,209774900,3148675,212923575,1.48
20140903,6171963451,77749904,6249713355,1.24,311043384,3839226,314882610,1.22
20140904,4008290515,32387296,4040677811,0.8,247485921,3837020,251322941,1.53
20140905,3859525615,30311611,3889837226,0.78,241862507,3372230,245234737,1.38
20140906,3453703811,26863662,3480567473,0.77,224425210,3009837,227435047,1.32
20140907,3350553987,25572090,3376126077,0.76,221570799,3663118,225233917,1.63
20140908,3904013382,28527298,3932540680,0.73,246591724,3397893,249989617,1.36
20140909,4010727133,30532290,4041259423,0.76,242348360,3220902,245569262,1.31
20140910,3785760259,29735753,3815496012,0.78,242532867,3164790,245697657,1.29
20140911,3895116663,28710781,3923827444,0.73,249608373,3275925,252884298,1.3
20140912,3966388123,31249260,3997637383,0.78,263154919,3252250,266407169,1.22
20140913,3503668113,29869114,3533537227,0.85,223639521,3373740,227013261,1.49
20140914,3317866682,27420664,3345287346,0.82,216824136,2975850,219799986,1.35
20140915,3823689135,30278926,3853968061,0.79,239674602,3030417,242705019,1.25
20140916,3324746787,24920875,3349667662,0.74,192707964,2037064,194745028,1.05
20140917,3263507269,26991377,3290498646,0.82,186299606,2023754,188323360,1.07
20140918,3776142377,31884094,3808026471,0.84,242659302,3292835,245952137,1.34
20140919,3051718112,26500111,3078218223,0.86,210327253,3147201,213474454,1.47
20140920,2693543412,25427407,2718970819,0.94,195496318,3013879,198510197,1.52
20140921,2663259290,24828629,2688087919,0.92,194937627,3036980,197974607,1.53
20140922,3037007155,27591098,3064598253,0.9,215509758,3137087,218646845,1.43
20140923,3129217631,26758800,3155976431,0.85,217038652,3186217,220224869,1.45
20140924,3078201705,26040212,3104241917,0.84,224525537,3216536,227742073,1.41
20140925,2947582285,25761122,2973343407,0.87,213313993,3217893,216531886,1.49
20140926,2883420823,25477791,2908898614,0.88,216238525,3198263,219436788,1.46
20140927,3264739987,49189334,3313929321,1.48,236510715,3352011,239862726,1.4
20140928,2553051171,23648861,2576700032,0.92,197293989,3091181,200385170,1.54
20140929,2836536616,25006364,2861542980,0.87,215966641,3189899,219156540,1.46
20140930,3209147983,35586161,3244734144,1.1,222460771,3191584,225652355,1.41
20141001,3399300685,54844940,3454145625,1.59,239682183,3293753,242975936,1.36
20141002,3023097299,29909332,3053006631,0.98,218804022,3211970,222015992,1.45
20141003,3195843822,33965795,3229809617,1.05,225092392,3262533,228354925,1.43
20141004,2712804492,24432740,2737237232,0.89,201677991,3065790,204743781,1.5
20141005,2655799561,24768876,2680568437,0.92,202291844,3099298,205391142,1.51
20141006,2959117150,25797178,2984914328,0.86,218264197,3151723,221415920,1.42
20141007,2945550699,26917972,2972468671,0.91,219566288,2878687,222444975,1.29
20141008,3046153543,26721057,3072874600,0.87,224434543,2635983,227070526,1.16
20141009,3040753860,25516468,3066270328,0.83,226973890,2612448,229586338,1.14
20141010,2998499561,25845782,3024345343,0.85,226348116,2751447,229099563,1.2
20141011,2699045585,23292347,2722337932,0.86,205014654,2625225,207639879,1.26
20141012,2647679317,22651407,2670330724,0.85,205412109,2629523,208041632,1.26
20141013,3003499128,23575343,3027074471,0.78,218682258,2726289,221408547,1.23
20141014,2856396612,24203124,2880599736,0.84,224915528,3029999,227945527,1.33
20141015,2850550323,27898215,2878448538,0.97,222613027,3013865,225626892,1.34
20141016,3000431744,27406150,3027837894,0.91,229153942,3557965,232711907,1.53
20141017,2912160138,27371176,2939531314,0.93,222253998,3395165,225649163,1.5
20141018,2675147786,24657010,2699804796,0.91,207906723,3249636,211156359,1.54
20141019,2601862408,24863390,2626725798,0.95,202053202,3219426,205272628,1.57
20141020,3118350410,26735127,3145085537,0.85,225593695,3335042,228928737,1.46
20141021,3215221059,28036820,3243257879,0.86,233409270,3321649,236730919,1.4
20141022,3111872466,27934797,3139807263,0.89,238725424,3262956,241988380,1.35
20141023,3202202464,30563966,3232766430,0.95,242483123,3307893,245791016,1.35
20141024,4074957206,75081267,4150038473,1.81,301978966,3883832,305862798,1.27
20141025,4184073267,86585249,4270658516,2.03,297870392,4026672,301897064,1.33
20141026,2671667073,25085779,2696752852,0.93,218409540,3034506,221444046,1.37
20141027,4081506363,75045382,4156551745,1.81,289680311,3902218,293582529,1.33
20141028,3225601823,36139957,3261741780,1.11,211225231,3656603,214881834,1.7
20141029,2969397568,27079987,2996477555,0.9,185123514,3686673,188810187,1.95
20141030,2953854108,26825217,2980679325,0.9,182043248,3700031,185743279,1.99
20141031,2801589491,26003472,2827592963,0.92,176878297,3667355,180545652,2.03
20141101,2541738406,23185575,2564923981,0.9,165089191,3570784,168659975,2.12
20141102,2668819512,22918695,2691738207,0.85,164803619,3573532,168377151,2.12
20141103,3005499910,26018993,3031518903,0.86,196608442,3679148,200287590,1.84
20141104,3001032187,26776759,3027808946,0.88,233020134,3590789,236610923,1.52
20141105,3033712807,25745109,3059457916,0.84,214662170,3490503,218152673,1.6
20141106,3135511450,25075764,3160587214,0.79,203466668,2923563,206390231,1.42
20141107,3030285907,25448069,3055733976,0.83,200055783,3787414,203843197,1.86
20141109,2902662233,24114936,2926777169,0.82,178866072,3338132,182204204,1.83
20141110,3300146407,27077963,3327224370,0.81,202307538,3649944,205957482,1.77
20141111,3293030160,28653343,3321683503,0.86,207033329,3801476,210834805,1.8
20141112,3266540598,29033222,3295573820,0.88,202066868,4335224,206402092,2.1
20141113,3201198060,29993504,3231191564,0.93,203130112,3861124,206991236,1.87
20141114,3056778859,29390960,3086169819,0.95,201870552,4282150,206152702,2.08
20141115,2740714400,27282037,2767996437,0.99,188669841,4405169,193075010,2.28
20141116,2734172781,27112292,2761285073,0.98,188317547,4472789,192790336,2.32
20141117,2976600501,28683371,3005283872,0.95,202849267,4531665,207380932,2.19
20141118,3025233575,27651343,3052884918,0.91,201307550,4818726,206126276,2.34
20141119,3226397692,27089776,3253487468,0.83,192272963,5233364,197506327,2.65
20141120,3062120079,29848926,3091969005,0.97,174897445,5275427,180172872,2.93
20141121,3048386126,31111745,3079497871,1.01,200960945,5242917,206203862,2.54
20141122,2624173127,28532375,2652705502,1.08,185327257,5141853,190469110,2.7
20141123,2708332234,27569942,2735902176,1.01,184267332,5110915,189378247,2.7
20141124,3079598388,30189048,3109787436,0.97,205072689,5263020,210335709,2.5
20141125,3051619291,31110075,3082729366,1.01,206317903,5273099,211591002,2.49
20141126,3009089845,29435573,3038525418,0.97,206086477,5315182,211401659,2.51
20141127,3040878677,27593202,3068471879,0.9,197904085,5353331,203257416,2.63
20141128,3066149439,28137457,3094286896,0.91,198582611,5307234,203889845,2.6
20141129,2709408384,30782508,2740190892,1.12,187387859,5207828,192595687,2.7
20141130,2685171156,27745148,2712916304,1.02,188405139,5189644,193594783,2.68
20141201,3123259671,26898854,3150158525,0.85,203269834,5269757,208539591,2.53
20141202,3235929889,28605072,3264534961,0.88,206924490,5285382,212209872,2.49
20141203,3054870705,28492516,3083363221,0.92,274866127,6466740,281332867,2.3
20141204,2986230640,28263697,3014494337,0.94,216815751,5721812,222537563,2.57
20141205,3109906541,25995040,3135901581,0.83,224246122,4934720,229180842,2.15
20141206,2912117686,28212221,2940329907,0.96,213276028,4582070,217858098,2.1
20141207,2578329128,25664202,2603993330,0.99,218243499,4225204,222468703,1.9
20141208,2980672026,26849607,3007521633,0.89,232188238,4411021,236599259,1.86
20141209,3353562885,25751818,3379314703,0.76,239489988,3751463,243241451,1.54
20141210,3369498460,24011223,3393509683,0.71,257663728,4954059,262617787,1.89
20141211,3097058327,26769278,3123827605,0.86,256846696,4226665,261073361,1.62
20141212,2869360315,26577424,2895937739,0.92,229408957,4601777,234010734,1.97
20141213,2824169505,27902734,2852072239,0.98,214702444,5420035,220122479,2.46
20141214,2734728703,27430142,2762158845,0.99,216016551,5409150,221425701,2.44
20141215,2975853976,28743295,3004597271,0.96,228352447,5563820,233916267,2.38
20141216,3099600746,30128498,3129729244,0.96,231257974,5580022,236837996,2.36
20141217,3284064992,28804506,3312869498,0.87,229445415,5595287,235040702,2.38
20141218,3284146097,29310641,3313456738,0.88,229468888,5534051,235002939,2.35
20141219,3285761296,30560509,3316321805,0.92,236112940,5490309,241603249,2.27
20141220,2967754147,28993626,2996747773,0.97,227116967,5447984,232564951,2.34
20141221,3006176487,28068365,3034244852,0.93,215339986,5539075,220879061,2.51
20141222,3384517467,30459396,3414976863,0.89,239820217,5561545,245381762,2.27
20141223,3179503020,29884645,3209387665,0.93,205216413,5673394,210889807,2.69
20141224,2981496045,28832993,3010329038,0.96,164846043,5518615,170364658,3.24
20141225,3015737998,27844548,3043582546,0.91,155303372,5526838,160830210,3.44
20141226,3187256596,29441195,3216697791,0.92,172134832,5513210,177648042,3.1
20141227,3118127690,28626559,3146754249,0.91,219691578,5460359,225151937,2.43
20141228,2965889261,27543415,2993432676,0.92,220785768,5530342,226316110,2.44
20141229,3373998932,28488432,3402487364,0.84,236522845,5611846,242134691,2.32
20141230,3290043759,29966454,3320010213,0.9,231323521,5626172,236949693,2.37
20141231,2991024240,29468717,3020492957,0.98,227914399,5538063,233452462,2.37
20150101,3447099187,46317263,3493416450,1.33,234403786,5947828,240351614,2.47
20150102,3467278248,30144079,3497422327,0.86,234375265,5360564,239735829,2.24
20150103,3583096505,29732706,3612829211,0.82,229088284,5490128,234578412,2.34
20150104,3494626273,32921173,3527547446,0.93,230946373,5583611,236529984,2.36
20150105,3483719514,28885649,3512605163,0.82,243281531,5480692,248762223,2.2
20150106,3468371381,27905010,3496276391,0.8,247140565,5679704,252820269,2.25
20150107,3600890017,30471781,3631361798,0.84,254588296,5785032,260373328,2.22
20150108,3358416364,31436559,3389852923,0.93,258456176,5760744,264216920,2.18
20150109,3265333043,31068904,3296401947,0.94,255175881,5689716,260865597,2.18
20150110,3079881901,27579399,3107461300,0.89,234326983,5401181,239728164,2.25
20150111,2952732343,28603045,2981335388,0.96,230896582,5408141,236304723,2.29
20150112,4477873042,54388498,4532261540,1.2,299837539,6352859,306190398,2.07
20150113,3282514972,29349461,3311864433,0.89,254388237,5567408,259955645,2.14
20150114,8717335681,117217901,8834553582,1.33,496781442,9507367,506288809,1.88
20150115,3457130692,29909042,3487039734,0.86,253243606,5803401,259047007,2.24
20150116,3299972142,29761962,3329734104,0.89,254768176,5619789,260387965,2.16
20150117,2969227856,28673248,2997901104,0.96,239842819,5489947,245332766,2.24
20150118,3060868561,28231886,3089100447,0.91,238886810,5459764,244346574,2.23
20150119,3487905307,28761976,3516667283,0.82,255462125,5623419,261085544,2.15
20150120,3328988498,30824671,3359813169,0.92,254656684,5486219,260142903,2.11
20150121,3368147938,31060634,3399208572,0.91,253097871,5228429,258326300,2.02
20150122,3606088895,30715356,3636804251,0.84,279327417,5529195,284856612,1.94
20150123,3323805136,30622154,3354427290,0.91,275033599,5569574,280603173,1.98
20150124,2893359175,28529709,2921888884,0.98,254342753,5484710,259827463,2.11
20150125,2929133383,27950468,2957083851,0.95,250496857,6024403,256521260,2.35
20150126,3239242081,26590330,3265832411,0.81,265821049,5292880,271113929,1.95
20150127,3163044612,26723291,3189767903,0.84,278753133,4427626,283180759,1.56
20150128,3084992411,27639746,3112632157,0.89,282749946,4358606,287108552,1.52
20150129,3104255930,26426286,3130682216,0.84,282520951,4468154,286989105,1.56
20150130,3122150239,26507725,3148657964,0.84,271658430,4273482,275931912,1.55
20150131,2802710359,25363078,2828073437,0.9,286169672,4062479,290232151,1.4
20150201,2599476714,24996334,2624473048,0.95,297007328,4607666,301614994,1.53
20150202,2900368027,26026808,2926394835,0.89,299011027,4607872,303618899,1.52
20150203,3850628317,27014280,3877642597,0.7,293234881,4425872,297660753,1.49
20150204,3187961106,28293157,3216254263,0.88,294157782,4938684,299096466,1.65
20150205,3230517126,31052959,3261570085,0.95,298611156,5365762,303976918,1.77
20150206,3171845436,26061513,3197906949,0.81,293537687,4359038,297896725,1.46
20150207,3024474094,22849873,3047323967,0.75,274501654,2767525,277269179,1.0
20150208,2955581105,25637384,2981218489,0.86,269059345,4641928,273701273,1.7
20150209,3143512364,28129145,3171641509,0.89,280651637,4697254,285348891,1.65
20150210,3058087088,30768485,3088855573,1.0,281874289,4824039,286698328,1.68
20150211,3181307521,30094049,3211401570,0.94,288388307,5599278,293987585,1.9
20150212,3286067062,27873378,3313940440,0.84,293242059,4778326,298020385,1.6
20150213,3197628342,34022402,3231650744,1.05,292536068,4150021,296686089,1.4
20150214,2866346444,24294296,2890640740,0.84,273482382,4017734,277500116,1.45
20150215,2923955037,24876592,2948831629,0.84,276050235,4062980,280113215,1.45
20150216,2993580949,26598828,3020179777,0.88,291518919,4137819,295656738,1.4
20150217,3009997593,26215448,3036213041,0.86,290810455,4105266,294915721,1.39
20150218,3136563969,25784486,3162348455,0.82,294770755,4094812,298865567,1.37
20150219,4107570063,24847380,4132417443,0.6,325188720,3738883,328927603,1.14
20150220,2944207582,26081962,2970289544,0.88,332939573,4157082,337096655,1.23
20150221,2819062035,25546411,2844608446,0.9,323346054,4059284,327405338,1.24
20150222,3005075585,24886277,3029961862,0.82,303552882,4087423,307640305,1.33
20150223,3216229604,26541827,3242771431,0.82,314791466,4642544,319434010,1.45
20150224,2870678361,26734590,2897412951,0.92,309548698,4586311,314135009,1.46
20150225,2924500654,29151931,2953652585,0.99,317253361,4388628,321641989,1.36
20150226,4221419260,27834969,4249254229,0.66,319430539,3473838,322904377,1.08
20150227,3308233954,28831889,3337065843,0.86,323862393,3696521,327558914,1.13
20150228,2923633987,28028867,2951662854,0.95,305194890,3614053,308808943,1.17
20150302,2943000782,23658737,2966659519,0.8,314853545,3784023,318637568,1.19
20150303,3110803887,27148499,3137952386,0.87,320641104,4255530,324896634,1.31
20150304,3257441229,31495854,3288937083,0.96,334263299,4251376,338514675,1.26
20150305,3187704364,29207025,3216911389,0.91,336502430,4429376,340931806,1.3
20150306,3232990863,26582741,3259573604,0.82,336073186,4889432,340962618,1.43
20150307,3124774897,28782977,3153557874,0.91,312790484,4790690,317581174,1.51
20150308,2808189209,26673095,2834862304,0.94,310570906,4725505,315296411,1.5
20150309,3279780105,29086447,3308866552,0.88,338818877,5708716,344527593,1.66
20150310,3357143792,27079531,3384223323,0.8,333123995,4848050,337972045,1.43
20150311,3182402577,24796077,3207198654,0.77,342146020,5068106,347214126,1.46
20150312,3161017582,26503947,3187521529,0.83,333179373,5466630,338646003,1.61
20150313,3531047321,29642963,3560690284,0.83,343169709,5479732,348649441,1.57
20150314,3096543047,26401497,3122944544,0.85,314359263,5270621,319629884,1.65
20150315,3053510628,26204299,3079714927,0.85,316287717,5305993,321593710,1.65
20150316,3215931471,27418799,3243350270,0.85,333050156,5423398,338473554,1.6
20150317,3325988864,29816637,3355805501,0.89,334328346,5200465,339528811,1.53
20150318,3905651168,35662290,3941313458,0.9,357841398,5187458,363028856,1.43
20150319,3480232705,27205094,3507437799,0.78,344512121,5799745,350311866,1.66
20150320,3218863712,27716545,3246580257,0.85,337844975,5522737,343367712,1.61
20150321,3076099044,27564026,3103663070,0.89,312780942,4630470,317411412,1.46
20150322,3090179077,25651041,3115830118,0.82,312284946,4593107,316878053,1.45
20150323,3347930752,25661385,3373592137,0.76,330744867,4741495,335486362,1.41
20150324,3274472036,25942363,3300414399,0.79,332124650,4676996,336801646,1.39
20150325,3671099669,37486244,3708585913,1.01,373169289,5103945,378273234,1.35
20150326,3368601607,26096343,3394697950,0.77,332558387,4508500,337066887,1.34
20150327,3324652949,27027009,3351679958,0.81,332873066,4485807,337358873,1.33
20150328,3362879116,31828275,3394707391,0.94,315154890,4474777,319629667,1.4
20150329,3078940029,27400155,3106340184,0.88,312943305,4422690,317365995,1.39
20150330,3368350006,25905806,3394255812,0.76,326291700,4617283,330908983,1.4
20150401,3280188886,26230276,3306419162,0.79,317852826,5447309,323300135,1.68
20150402,3225721903,24716210,3250438113,0.76,315136780,6623649,321760429,2.06
20150403,3183784263,25206933,3208991196,0.79,315726254,6559863,322286117,2.04
20150404,2992014767,24909395,3016924162,0.83,298069601,6535600,304605201,2.15
20150405,2982353994,26282345,3008636339,0.87,290288109,6514035,296802144,2.19
20150406,3276825766,26788142,3303613908,0.81,311832634,6589367,318422001,2.07
20150407,3614388242,27150105,3641538347,0.75,332449179,6900411,339349590,2.03
20150409,3460764448,30642742,3491407190,0.88,327187980,7056002,334243982,2.11
20150410,3127779937,23137965,3150917902,0.73,328377481,7122342,335499823,2.12
20150411,2827014154,21134570,2848148724,0.74,309504502,6206211,315710713,1.97
20150412,2826012341,20688915,2846701256,0.73,303880486,4891056,308771542,1.58
20150413,3079230190,22758647,3101988837,0.73,328306049,4955358,333261407,1.49
20150414,3068118132,23144888,3091263020,0.75,336584379,5036924,341621303,1.47
20150415,3289143032,24703847,3313846879,0.75,288210820,5258241,293469061,1.79
20150416,3381548710,24989620,3406538330,0.73,196514058,5081270,201595328,2.52
20150417,3155435978,24269098,3179705076,0.76,210151717,5052523,215204240,2.35
20150418,2982889568,23322989,3006212557,0.78,210196482,4905013,215101495,2.28
20150419,3043999722,23238560,3067238282,0.76,201143082,4950151,206093233,2.4
20150420,3303194657,24372578,3327567235,0.73,213533051,5099721,218632772,2.33
20150421,3282812853,24865359,3307678212,0.75,212242094,5159913,217402007,2.37
20150422,3290243565,24210354,3314453919,0.73,214173847,5174005,219347852,2.36
20150423,3254235902,23853393,3278089295,0.73,215786756,5893955,221680711,2.66
20150424,3189169385,23792700,3212962085,0.74,212617841,5840969,218458810,2.67
20150425,2832847611,22796590,2855644201,0.8,198943062,5007470,203950532,2.46
20150426,2859178993,23292704,2882471697,0.81,195093837,4951068,200044905,2.47
20150427,3415071899,24134024,3439205923,0.7,211469555,5044921,216514476,2.33
20150428,3423193530,23970533,3447164063,0.7,211017702,4986746,216004448,2.31
20150429,3224575848,23906422,3248482270,0.74,207112339,5018419,212130758,2.37
20150507,3261910800,24688052,3286598852,0.75,262554438,4943546,267497984,1.85
20150508,3181603889,20528314,3202132203,0.64,252705376,3456078,256161454,1.35
20150509,2919028069,22162071,2941190140,0.75,236708546,4679127,241387673,1.94
20150510,2911157794,26485112,2937642906,0.9,238115208,4302362,242417570,1.77
20150511,3123755946,22447747,3146203693,0.71,256837006,4566794,261403800,1.75
20150512,3378572797,24544197,3403116994,0.72,271285869,4900361,276186230,1.77
20150513,3825897390,24820155,3850717545,0.64,271677019,4876033,276553052,1.76
20150514,5817285941,72840972,5890126913,1.24,361078841,6181576,367260417,1.68
20150515,3706686924,34154528,3740841452,0.91,298548561,5503047,304051608,1.81
20150516,2984000321,23519144,3007519465,0.78,265312125,5338101,270650226,1.97
20150517,3061644189,23178592,3084822781,0.75,260045006,5353148,265398154,2.02
20150518,3550563016,24848170,3575411186,0.69,273473147,5387118,278860265,1.93
20150519,3856469107,25175806,3881644913,0.65,276138097,4875984,281014081,1.74
20150520,4474881759,26123847,4501005606,0.58,264966732,5146733,270113465,1.91
20150521,3775603406,26742570,3802345976,0.7,276469545,5804086,282273631,2.06
20150522,3540622038,27955379,3568577417,0.78,276767786,5895385,282663171,2.09
20150523,2946766775,31783948,2978550723,1.07,247210750,5767278,252978028,2.28
20150524,2810231385,27827890,2838059275,0.98,248584456,5834074,254418530,2.29
20150525,3225619085,29963749,3255582834,0.92,254832383,6531623,261364006,2.5
20150526,3503139942,33186787,3536326729,0.94,282384485,7057667,289442152,2.44
20150527,3475346954,33035211,3508382165,0.94,315654799,6648110,322302909,2.06
20150528,3453753385,33360221,3487113606,0.96,312018303,6404574,318422877,2.01
20150529,3367264422,29640716,3396905138,0.87,310167328,6745139,316912467,2.13
20150530,3016381894,28285257,3044667151,0.93,279290033,6704279,285994312,2.34
20150601,3320016861,27272470,3347289331,0.81,252465550,6724659,259190209,2.59
20150602,3239383363,27579356,3266962719,0.84,214269735,6457390,220727125,2.93
20150603,3105367052,27459604,3132826656,0.88,210924824,6519606,217444430,3.0
20150604,2969791552,26762587,2996554139,0.89,208790467,7018564,215809031,3.25
20150605,2998390748,28185461,3026576209,0.93,200759705,10140928,210900633,4.81
20150606,2806922782,26308479,2833231261,0.93,185983079,10504973,196488052,5.35
20150607,2718171554,25077833,2743249387,0.91,184967440,10522023,195489463,5.38
20150608,2938043491,25806237,2963849728,0.87,200889068,12376526,213265594,5.8
20150609,3184248952,26906420,3211155372,0.84,209626134,12737715,222363849,5.73
20150610,3121092547,25773093,3146865640,0.82,225934957,24142310,250077267,9.65
20150611,3156553496,27460527,3184014023,0.86,220551119,25837216,246388335,10.49
20150612,3117343959,29306852,3146650811,0.93,225994341,21111363,247105704,8.54
20150613,2839245226,27416145,2866661371,0.96,211309983,21062475,232372458,9.06
20150614,2883770327,24625030,2908395357,0.85,209183810,21035228,230219038,9.14
20150615,3333942554,26203360,3360145914,0.78,238067303,19831616,257898919,7.69
20150616,3265987054,27176628,3293163682,0.83,247528508,17222188,264750696,6.51
20150617,3200367162,27869948,3228237110,0.86,254661552,15159154,269820706,5.62
20150618,3197390277,28551169,3225941446,0.89,252925886,17531266,270457152,6.48
20150619,3239032744,28309817,3267342561,0.87,247123662,17738450,264862112,6.7
20150620,2610686790,25667871,2636354661,0.97,232841007,16730097,249571104,6.7
20150621,2689101242,25494421,2714595663,0.94,232388464,17031853,249420317,6.83
20150622,3094979366,28160159,3123139525,0.9,250039328,16762166,266801494,6.28
20150629,3011414145,29645662,3041059807,0.97,253259728,18218162,271477890,6.71
20150630,3157136804,31725939,3188862743,0.99,256430456,18440718,274871174,6.71
20150701,3192432330,29692339,3222124669,0.92,258703453,18203236,276906689,6.57
20150702,3172805880,31631424,3204437304,0.99,264797839,21821160,286618999,7.61
20150703,3812795453,47658834,3860454287,1.23,280059864,22226784,302286648,7.35
20150704,4513649561,63787504,4577437065,1.39,292802123,22304282,315106405,7.08
20150705,3009447531,34226191,3043673722,1.12,244164997,21666063,265831060,8.15
20150706,3074461971,33827305,3108289276,1.09,256469917,20446889,276916806,7.38
20150707,3267959050,35625860,3303584910,1.08,270447677,20960223,291407900,7.19
20150708,3380487907,33324368,3413812275,0.98,271830019,20336096,292166115,6.96
20150709,3183007394,35403208,3218410602,1.1,275751787,23192983,298944770,7.76
20150710,3437589969,35762444,3473352413,1.03,291792542,24058583,315851125,7.62
20150711,3946778331,31488820,3978267151,0.79,270083778,23881332,293965110,8.12
20150712,3810749668,32339322,3843088990,0.84,274599869,23838419,298438288,7.99
20150713,4066879194,36534812,4103414006,0.89,288576296,24160035,312736331,7.73
20150714,4142958824,36366128,4179324952,0.87,297138208,24527267,321665475,7.63
20150715,3941963291,39838115,3981801406,1.0,300713119,24631812,325344931,7.57
20150716,3234384601,33571291,3267955892,1.03,291847959,23434117,315282076,7.43
20150717,3083674054,35459667,3119133721,1.14,293704371,23997994,317702365,7.55
20150718,2698215354,31084315,2729299669,1.14,281913701,23769938,305683639,7.78
20150719,2498323918,27232307,2525556225,1.08,254587636,21554744,276142380,7.81
20150720,3132834512,33514014,3166348526,1.06,323020356,26604756,349625112,7.61
20150721,3129243633,36662895,3165906528,1.16,302994467,26354025,329348492,8.0
20150722,3429532896,36542561,3466075457,1.05,300135595,24527511,324663106,7.55
20150723,4371339470,38671128,4410010598,0.88,306162897,26667241,332830138,8.01
20150724,4373400336,33638245,4407038581,0.76,295527433,26245936,321773369,8.16
20150725,3977443651,32299876,4009743527,0.81,272801945,25754395,298556340,8.63
20150726,4088623912,33329831,4121953743,0.81,275312039,25674177,300986216,8.53
20150727,4580639622,37633926,4618273548,0.81,301808228,25417108,327225336,7.77
20150728,4454004570,36459008,4490463578,0.81,304582234,24787557,329369791,7.53
20150729,4380416426,39885758,4420302184,0.9,297807420,22865524,320672944,7.13
20150730,4386844914,40230622,4427075536,0.91,295266761,19973588,315240349,6.34
20150731,4472860757,36104258,4508965015,0.8,301057470,24392263,325449733,7.49
20150801,4178219732,36550696,4214770428,0.87,281381961,19825425,301207386,6.58
20150802,4121870263,34302379,4156172642,0.83,281578020,19800371,301378391,6.57
20150803,4589714563,37990437,4627705000,0.82,305947585,19975718,325923303,6.13
20150804,4794492349,43670898,4838163247,0.9,317930947,20140241,338071188,5.96
20150805,4839891024,41958103,4881849127,0.86,314913548,20289497,335203045,6.05
20150806,4798783301,40721830,4839505131,0.84,320949079,23559543,344508622,6.84
20150807,4683843799,50634342,4734478141,1.07,309176852,23568164,332745016,7.08
20150808,4600533623,50896780,4651430403,1.09,286065257,22726967,308792224,7.36
20150809,4573619228,52096526,4625715754,1.13,281960541,22623171,304583712,7.43
20150810,4748910794,58073819,4806984613,1.21,315149376,22258037,337407413,6.6
20150811,4871909840,61812203,4933722043,1.25,334784493,20554212,355338705,5.78
20150812,5226484350,72307153,5298791503,1.36,305720967,21248429,326969396,6.5
20150813,4692979062,62934979,4755914041,1.32,286922462,22712827,309635289,7.34
20150814,4944417566,66207915,5010625481,1.32,318559281,24822749,343382030,7.23
20150815,4570571477,60710185,4631281662,1.31,289915074,24326552,314241626,7.74
20150816,5002007798,57028883,5059036681,1.13,290159633,23597583,313757216,7.52
20150817,5475154472,61777115,5536931587,1.12,304545290,23876040,328421330,7.27
20150818,4964978730,69875605,5034854335,1.39,306813803,23775465,330589268,7.19
20150819,4983117022,70211415,5053328437,1.39,309359420,24241284,333600704,7.27
20150820,4861416337,60822296,4922238633,1.24,284858014,23328225,308186239,7.57
20150821,4866485122,55871058,4922356180,1.14,298465975,24612584,323078559,7.62
20150822,4391385232,53643116,4445028348,1.21,272130410,24889058,297019468,8.38
20150823,4271191313,53286065,4324477378,1.23,271941967,24582156,296524123,8.29
20150824,4733349800,56256921,4789606721,1.17,286321965,23269858,309591823,7.52
20150825,4988251208,53414998,5041666206,1.06,273929169,10418010,284347179,3.66
20150826,4880613890,54947266,4935561156,1.11,292745076,19133669,311878745,6.13
20150827,4902490250,67694131,4970184381,1.36,292806225,24156447,316962672,7.62
20150829,4714224873,67764239,4781989112,1.42,265526282,22973022,288499304,7.96
20150830,4415758689,61558219,4477316908,1.37,259384780,22095150,281479930,7.85
20150831,4758023310,70678758,4828702068,1.46,278569024,22333989,300903013,7.42
20150902,5160320471,72355387,5232675858,1.38,281776814,18061099,299837913,6.02
20150903,4931010385,70195257,5001205642,1.4,290243055,23796947,314040002,7.58
20150904,4664169245,62612816,4726782061,1.32,281398611,20470481,301869092,6.78
20150905,4405468816,62296481,4467765297,1.39,257802248,20080662,277882910,7.23
20150906,4431527114,63044246,4494571360,1.4,254909170,20038869,274948039,7.29
20150907,4671612496,62298631,4733911127,1.32,271227941,20249497,291477438,6.95
20150908,4822539870,65723867,4888263737,1.34,282573979,20303665,302877644,6.7
20150909,5489734698,75331417,5565066115,1.35,297248858,20589910,317838768,6.48
20150911,4861124727,71964742,4933089469,1.46,293319879,21556385,314876264,6.85
20150912,4731383061,67528895,4798911956,1.41,267118763,19151247,286270010,6.69
20150913,4652038232,63926841,4715965073,1.36,270312472,19331259,289643731,6.67
20150914,4844014202,71272196,4915286398,1.45,291899520,20561429,312460949,6.58
20150915,4900302997,70708260,4971011257,1.42,300181674,24166277,324347951,7.45
20150916,5101774583,73606412,5175380995,1.42,295489628,24557805,320047433,7.67
20150917,5041330916,71632346,5112963262,1.4,352705525,24066727,376772252,6.39
20150918,4796336668,69966015,4866302683,1.44,490321367,21730402,512051769,4.24
20150919,4525996900,67422668,4593419568,1.47,478329682,21646306,499975988,4.33
20150920,4659847827,62481841,4722329668,1.32,484533039,21622467,506155506,4.27
20150921,4768519931,63209835,4831729766,1.31,505941715,23164637,529106352,4.38
20150922,3788105859,69424000,3857529859,1.8,520802446,25201196,546003642,4.62
20150923,3747227787,65204745,3812432532,1.71,540796101,25132105,565928206,4.44
20150924,3999308004,66278537,4065586541,1.63,551103772,24997834,576101606,4.34
20150925,3945516821,63516870,4009033691,1.58,546089407,24861772,570951179,4.35
20150926,3433262901,61781072,3495043973,1.77,520701756,24555992,545257748,4.5
20150927,3421542168,59645828,3481187996,1.71,526396793,24577102,550973895,4.46
20150928,3931922633,64008870,3995931503,1.6,549344260,23892470,573236730,4.17
20150929,3992222468,64595463,4056817931,1.59,532162473,20360974,552523447,3.69
20150930,4061329612,65365948,4126695560,1.58,528950120,19243098,548193218,3.51
20151001,4096543809,68330026,4164873835,1.64,527973038,20741406,548714444,3.78
20151002,4014776948,65503892,4080280840,1.61,498565338,19200548,517765886,3.71
20151003,3727815143,65132201,3792947344,1.72,477545790,17216734,494762524,3.48
20151004,3590738961,63694763,3654433724,1.74,486557090,17259693,503816783,3.43
20151005,3960509551,65552111,4026061662,1.63,513004331,17403543,530407874,3.28
20151006,4083956817,67503394,4151460211,1.63,515088986,17951357,533040343,3.37
20151007,4205698751,66218395,4271917146,1.55,505994663,17043859,523038522,3.26
20151008,4097045116,61797576,4158842692,1.49,417304333,15934090,433238423,3.68
20151009,4040339673,63806120,4104145793,1.55,412629629,15996350,428625979,3.73
20151010,3897686818,63456034,3961142852,1.6,393324158,14241281,407565439,3.49
20151011,3852859369,60261346,3913120715,1.54,379701567,14131255,393832822,3.59
20151012,3947016834,63078344,4010095178,1.57,195695858,10631093,206326951,5.15
20151013,4057886370,72294448,4130180818,1.75,10589401,7903413,18492814,42.74
20151014,4147776179,70612568,4218388747,1.67,9954611,7370140,17324751,42.54
20151015,4141951780,69177754,4211129534,1.64,9330716,6730587,16061303,41.91
20151016,4000764700,69169173,4069933873,1.7,9480107,6871980,16352087,42.03
20151017,3523702206,64865210,3588567416,1.81,10799295,8440086,19239381,43.87
20151018,3569479788,64946515,3634426303,1.79,10791457,8435073,19226530,43.87
20151019,4033712217,68135860,4101848077,1.66,10092178,7612644,17704822,43.0
20151020,4133143727,73645924,4206789651,1.75,7171906,5245941,12417847,42.25
20151021,4357723950,77560409,4435284359,1.75,8517811,6476548,14994359,43.19
20151022,4460239898,69670795,4529910693,1.54,8500547,6487370,14987917,43.28
20151023,4294158932,67781697,4361940629,1.55,5781952,3902430,9684382,40.3
20151024,3771630900,44476979,3816107879,1.17,6787825,5025257,11813082,42.54
20151025,3724103369,66212937,3790316306,1.75,6724003,5053006,11777009,42.91
20151026,4104609196,74508489,4179117685,1.78,6027200,4435763,10462963,42.39
20151027,4196916829,73115569,4270032398,1.71,3008723,1705126,4713849,36.17
20151028,4128802459,72336973,4201139432,1.72,1388772,61204,1449976,4.22
20151029,4013870067,74285355,4088155422,1.82,1327234,2965,1330199,0.22
20151030,3924425814,70191448,3994617262,1.76,1212438,1521,1213959,0.13
20151101,3591168308,42523216,3633691524,1.17,1209152,0,1209152,0.0
20151102,4101559803,62783730,4164343533,1.51,1230587,11,1230598,0.0
20151103,4289657116,71212855,4360869971,1.63,1189836,0,1189836,0.0
20151104,4013195045,71455443,4084650488,1.75,1175496,0,1175496,0.0
20151105,4007975378,72186350,4080161728,1.77,91236035,506842,91742877,0.55
20151106,3737255842,73120051,3810375893,1.92,410962489,2535584,413498073,0.61
20151107,3734543566,69515749,3804059315,1.83,380643705,2412672,383056377,0.63
20151108,3681678921,69525956,3751204877,1.85,370543145,2476072,373019217,0.66
20151109,3862446193,70576342,3933022535,1.79,389790152,2752971,392543123,0.7
20151110,3624068607,68410414,3692479021,1.85,402419864,2570900,404990764,0.63
20151111,3994108644,66865089,4060973733,1.65,405529041,2455806,407984847,0.6
20151112,3849736842,42332735,3892069577,1.09,412990958,2454413,415445371,0.59
20151113,3554586603,36960093,3591546696,1.03,421247509,2312695,423560204,0.55
20151114,3375713204,32378204,3408091408,0.95,419633967,2162699,421796666,0.51
20151115,3669938897,34492628,3704431525,0.93,419578973,2242251,421821224,0.53
20151116,3922656727,39019503,3961676230,0.98,443536595,2216677,445753272,0.5
20151117,3852529496,74381841,3926911337,1.89,435587306,1719468,437306774,0.39
20151118,3745389233,72279892,3817669125,1.89,407542649,1638561,409181210,0.4
20151119,4079982261,72651048,4152633309,1.75,437902622,1633750,439536372,0.37
20151120,4183520332,67415004,4250935336,1.59,532806676,2001861,534808537,0.37
20151121,3849066109,66497683,3915563792,1.7,538334951,1505962,539840913,0.28
20151122,3588304156,70359999,3658664155,1.92,533238253,1525654,534763907,0.29
20151123,4055105665,71577213,4126682878,1.73,555411183,1562470,556973653,0.28
20151124,4264404970,73233122,4337638092,1.69,564617404,1650871,566268275,0.29
20151125,4179376982,72383004,4251759986,1.7,558311060,1717733,560028793,0.31
20151126,4100515110,87491417,4188006527,2.09,549280608,1921762,551202370,0.35
20151127,4074383490,83667847,4158051337,2.01,547314076,1838256,549152332,0.33
20151128,4040625926,76003178,4116629104,1.85,537607404,1765779,539373183,0.33
20151129,4054596096,77853021,4132449117,1.88,540714675,1836385,542551060,0.34
20151130,22378364657,97556984,22475921641,0.43,594796666,3238889,598035555,0.54
20151201,12346518604,110911317,12457429921,0.89,576873501,2813466,579686967,0.49
20151202,4255562416,102132850,4357695266,2.34,584559074,2114919,586673993,0.36
20151203,4611536597,114645853,4726182450,2.43,539939256,2064767,542004023,0.38
20151204,4478656674,115687299,4594343973,2.52,545851669,2120064,547971733,0.39
20151205,4077718051,106350413,4184068464,2.54,530854257,1888425,532742682,0.35
20151206,4340231274,106087551,4446318825,2.39,535216523,1837743,537054266,0.34
20151207,4749056728,121444439,4870501167,2.49,554859800,2058664,556918464,0.37
20151208,4597283871,119585350,4716869221,2.54,557016339,2318098,559334437,0.41
20151209,4189134535,87400210,4276534745,2.04,577754421,2494966,580249387,0.43
20151210,4781394257,117408603,4898802860,2.4,576345601,2402116,578747717,0.42
20151211,4598035129,117318021,4715353150,2.49,576385323,2233258,578618581,0.39
20151212,4244786842,119119809,4363906651,2.73,536551521,2190185,538741706,0.41
20151213,4155624587,114320688,4269945275,2.68,541992292,2907341,544899633,0.53
20151214,4676013488,115520268,4791533756,2.41,568505965,2757295,571263260,0.48
20151215,4676005177,131631413,4807636590,2.74,569098386,2661093,571759479,0.47
20151216,4343618537,93136266,4436754803,2.1,561105919,2510791,563616710,0.45
20151217,4225853615,73588752,4299442367,1.71,484758042,1792775,486550817,0.37
20151218,6004834427,60036560,6064870987,0.99,426176459,1464322,427640781,0.34
20151219,2959626241,56531570,3016157811,1.87,413947865,1284280,415232145,0.31
20151220,2918437296,55139886,2973577182,1.85,408137812,1296918,409434730,0.32
20151221,3148775783,86568612,3235344395,2.68,423766561,1537147,425303708,0.36
20151222,3569627197,73742427,3643369624,2.02,454496446,1631097,456127543,0.36
20151223,4313556726,95068415,4408625141,2.16,534872164,2051546,536923710,0.38
20151224,3388525589,75583511,3464109100,2.18,527207570,1795694,529003264,0.34
20151225,3135435680,70657738,3206093418,2.2,500438643,1608290,502046933,0.32
20151226,3168446697,66886672,3235333369,2.07,508694859,1527606,510222465,0.3
20151227,3199820387,61005888,3260826275,1.87,527370499,1625734,528996233,0.31
20151228,3629148086,68471106,3697619192,1.85,563760702,1951035,565711737,0.34
20151229,3524101613,58779656,3582881269,1.64,562466404,1950988,564417392,0.35
20151230,3463330764,51095982,3514426746,1.45,549613288,1745204,551358492,0.32
20151231,3473228285,44440063,3517668348,1.26,547028214,1751662,548779876,0.32
20160101,3068070240,43949836,3112020076,1.41,510785066,1891988,512677054,0.37
20160102,3066686388,46786924,3113473312,1.5,511361386,1707565,513068951,0.33
20160103,3004056317,49499458,3053555775,1.62,518630530,1734961,520365491,0.33
20160104,3576411393,66347289,3642758682,1.82,541624940,1885549,543510489,0.35
20160105,3700269661,74815655,3775085316,1.98,526108170,2021079,528129249,0.38
20160106,3854780807,73566247,3928347054,1.87,539981312,2108448,542089760,0.39
20160107,3930788505,69142327,3999930832,1.73,563805855,1992841,565798696,0.35
20160108,4015740058,72017474,4087757532,1.76,564608872,1973986,566582858,0.35
20160109,4483470641,99760954,4583231595,2.18,549983248,1824968,551808216,0.33
20160110,4247653806,95493870,4343147676,2.2,558901669,1922973,560824642,0.34
20160111,4669720230,112852718,4782572948,2.36,556800392,2181186,558981578,0.39
20160112,4800370011,114450285,4914820296,2.33,556977299,2087212,559064511,0.37
20160113,4671241075,116343237,4787584312,2.43,548257274,2000626,550257900,0.36
20160114,4620879445,122681769,4743561214,2.59,539395209,1926884,541322093,0.36
20160115,4583980664,115689050,4699669714,2.46,530357078,1904142,532261220,0.36
20160116,4226067225,81462464,4307529689,1.89,512240657,1769866,514010523,0.34
20160117,3964294148,80047379,4044341527,1.98,523881079,1886656,525767735,0.36
20160118,4126257766,74427400,4200685166,1.77,553643453,2258240,555901693,0.41
20160119,4642187969,93028128,4735216097,1.96,548502862,2278216,550781078,0.41
20160120,5104017346,119721993,5223739339,2.29,570287496,2333946,572621442,0.41
20160121,5005908234,92490829,5098399063,1.81,569564703,2030874,571595577,0.36
20160122,4960194591,100036537,5060231128,1.98,551821506,2022772,553844278,0.37
20160123,4503026737,86158008,4589184745,1.88,542486096,1816663,544302759,0.33
20160124,4448340225,75931135,4524271360,1.68,541077948,2016202,543094150,0.37
20160125,5003096541,89382807,5092479348,1.76,525020015,2026950,527046965,0.38
20160126,4799532331,89657556,4889189887,1.83,449749989,1930693,451680682,0.43
20160127,4331684933,71605302,4403290235,1.63,505684244,1936448,507620692,0.38
20160128,4485893368,73991651,4559885019,1.62,580558523,1901513,582460036,0.33
20160129,5227271936,113060657,5340332593,2.12,583124670,1931999,585056669,0.33
20160130,4921099448,119270143,5040369591,2.37,579442355,1691627,581133982,0.29
20160131,4666557339,106815824,4773373163,2.24,584975480,1694475,586669955,0.29
20160201,5496626684,119722790,5616349474,2.13,588778951,2118305,590897256,0.36
20160202,5691976686,113676394,5805653080,1.96,594752887,2081176,596834063,0.35
20160203,5813412923,115958590,5929371513,1.96,593583098,2174827,595757925,0.37
20160204,5768886508,131196371,5900082879,2.22,589068401,2052993,591121394,0.35
20160205,5693952656,120622627,5814575283,2.07,602596957,2000584,604597541,0.33
20160206,5232502508,102088324,5334590832,1.91,576564672,1685756,578250428,0.29
20160207,5081279824,88103369,5169383193,1.7,572542480,1558738,574101218,0.27
20160208,5241097482,94249661,5335347143,1.77,569216687,1721504,570938191,0.3
20160209,5443346932,118402127,5561749059,2.13,573518748,1869246,575387994,0.32
20160210,5541820199,110446470,5652266669,1.95,577812803,1948141,579760944,0.34
20160211,5682877490,111954450,5794831940,1.93,561467392,1839305,563306697,0.33
20160212,5444351024,109142536,5553493560,1.97,571882978,1734800,573617778,0.3
20160213,5133218866,105064245,5238283111,2.01,541134632,1699227,542833859,0.31
20160214,5200640392,104914184,5305554576,1.98,552334251,1586031,553920282,0.29
20160215,5631112624,133559595,5764672219,2.32,583140263,1922584,585062847,0.33
20160216,5715556837,133497753,5849054590,2.28,578305317,1981278,580286595,0.34
20160217,5637083540,127929152,5765012692,2.22,578588374,2853000,581441374,0.49
20160218,5801488456,148382225,5949870681,2.49,583467286,3104270,586571556,0.53
20160219,5756721147,130786847,5887507994,2.22,596124733,3202953,599327686,0.53
20160220,5354967202,133355229,5488322431,2.43,580874246,2831965,583706211,0.49
20160221,5210427213,113578460,5324005673,2.13,577036428,2617662,579654090,0.45
20160222,5600822472,126503886,5727326358,2.21,559855593,3099518,562955111,0.55
20160223,5504655639,132305729,5636961368,2.35,488145137,3239437,491384574,0.66
20160224,5461216424,123150878,5584367302,2.21,505372977,3286512,508659489,0.65
20160225,5290036321,117781839,5407818160,2.18,481064324,3206217,484270541,0.66
20160226,4642945100,93190301,4736135401,1.97,479172579,3286931,482459510,0.68
20160227,4238806076,99020347,4337826423,2.28,451037579,3111058,454148637,0.69
20160228,4256477387,93500642,4349978029,2.15,433886055,2766572,436652627,0.63
20160229,4885228518,112444037,4997672555,2.25,447260585,3299153,450559738,0.73
20160301,5593714114,151160543,5744874657,2.63,465548718,3680914,469229632,0.78
20160302,5739699419,154477624,5894177043,2.62,478511127,3105356,481616483,0.64
20160303,5445563955,159612001,5605175956,2.85,424580301,3004166,427584467,0.7
20160304,5501421054,141164420,5642585474,2.5,476842155,3157641,479999796,0.66
20160305,4755571077,123954455,4879525532,2.54,525170736,2877262,528047998,0.54
20160306,2759481043,77843683,2837324726,2.74,306667316,1616052,308283368,0.52
20160307,5549340923,161248952,5710589875,2.82,571703147,3481860,575185007,0.61
20160308,5860264879,179668347,6039933226,2.97,577329660,3659063,580988723,0.63
20160309,13082098462,123953580,13206052042,0.94,651152770,3794714,654947484,0.58
20160310,12380613050,165983251,12546596301,1.32,686432439,3645392,690077831,0.53
20160311,5826275372,183544186,6009819558,3.05,699365351,3904686,703270037,0.56
20160312,5476360689,184162974,5660523663,3.25,673487502,3246789,676734291,0.48
20160313,5455176684,172167843,5627344527,3.06,678504453,3049016,681553469,0.45
20160314,5504279863,159615886,5663895749,2.82,655472020,3208444,658680464,0.49
20160315,5550189627,193596591,5743786218,3.37,657059501,3838589,660898090,0.58
20160316,4669651472,128814482,4798465954,2.68,625558480,3399017,628957497,0.54
20160317,5482116100,164306530,5646422630,2.91,690619416,4068431,694687847,0.59
20160318,5980985208,168518985,6149504193,2.74,697193709,4072118,701265827,0.58
20160319,5679958973,168226540,5848185513,2.88,665988557,3649872,669638429,0.55
20160320,5867506235,177338957,6044845192,2.93,674096226,3460919,677557145,0.51
20160321,6037355648,163464779,6200820427,2.64,700513007,4138174,704651181,0.59
20160322,6295594719,179958388,6475553107,2.78,709347207,4542993,713890200,0.64
20160323,6388096855,182620463,6570717318,2.78,748133088,2962859,751095947,0.39
20160324,6172406081,184654944,6357061025,2.9,742750784,2978386,745729170,0.4
20160325,5918376342,173351028,6091727370,2.85,738110501,2759499,740870000,0.37
20160326,5677594341,192994019,5870588360,3.29,719563760,2372909,721936669,0.33
20160327,5855174527,161919859,6017094386,2.69,713027163,2440377,715467540,0.34
20160328,6083069571,183052984,6266122555,2.92,739817493,2759870,742577363,0.37
20160329,5873096504,175585661,6048682165,2.9,765056386,3002018,768058404,0.39
20160330,5995575348,178837575,6174412923,2.9,794920995,2992985,797913980,0.38
20160331,5778133668,164797881,5942931549,2.77,740543269,2888666,743431935,0.39
20160401,5714592529,168850188,5883442717,2.87,696582881,2739782,699322663,0.39
20160402,5251923698,156280164,5408203862,2.89,658550466,2314121,660864587,0.35
20160403,5109419662,141987933,5251407595,2.7,718143899,2210154,720354053,0.31
20160404,5414283910,161387315,5575671225,2.89,735549728,2613581,738163309,0.35
20160405,5530969371,166484102,5697453473,2.92,710880808,2657986,713538794,0.37
20160406,5575860224,175474585,5751334809,3.05,706776090,2859638,709635728,0.4
20160407,5636687103,175893606,5812580709,3.03,708776652,2740315,711516967,0.39
20160408,5593331977,171266629,5764598606,2.97,725902707,2513585,728416292,0.35
20160409,5402980053,163344865,5566324918,2.93,708109112,2332744,710441856,0.33
20160410,5232494645,157062988,5389557633,2.91,714609820,2319309,716929129,0.32
20160411,5505613155,163227372,5668840527,2.88,729787725,2482023,732269748,0.34
20160412,5751833958,173648352,5925482310,2.93,746856955,2624702,749481657,0.35
20160413,5534851841,161149682,5696001523,2.83,721361661,2714923,724076584,0.37
20160414,5685947771,174738472,5860686243,2.98,729088747,2839574,731928321,0.39
20160415,5443041506,165450048,5608491554,2.95,716355477,2658711,719014188,0.37
20160416,5261335957,160883804,5422219761,2.97,691376382,2606004,693982386,0.38
20160417,5149627150,153876169,5303503319,2.9,666129193,2456851,668586044,0.37
20160418,5482184888,168282645,5650467533,2.98,684016302,3276030,687292332,0.48
20160419,5704159146,169894871,5874054017,2.89,703677977,3126897,706804874,0.44
20160420,6105469100,175462035,6280931135,2.79,635040858,2968629,638009487,0.47
20160421,6080741265,211907310,6292648575,3.37,598459755,3398993,601858748,0.56
20160422,5981283953,193718737,6175002690,3.14,683540766,2982366,686523132,0.43
20160423,5683068741,174381044,5857449785,2.98,647750097,2818554,650568651,0.43
20160424,5548443414,170977575,5719420989,2.99,667401029,2791008,670192037,0.42
20160425,6105540807,191444482,6296985289,3.04,725263957,3019191,728283148,0.41
20160426,5835791111,190860518,6026651629,3.17,690821865,3034154,693856019,0.44
20160427,6030643413,192940198,6223583611,3.1,705487104,3694696,709181800,0.52
20160428,5997863761,165011471,6162875232,2.68,674138042,4457519,678595561,0.66
20160429,5847830263,152261378,6000091641,2.54,672547509,3793735,676341244,0.56
20160430,5228176236,130041042,5358217278,2.43,650545809,3328946,653874755,0.51
20160501,5186721614,129994461,5316716075,2.45,654646838,3322839,657969677,0.51
20160502,5690605952,143589248,5834195200,2.46,670981605,3059219,674040824,0.45
20160503,5595662757,142680881,5738343638,2.49,675472729,3193482,678666211,0.47
20160504,5764547679,154682265,5919229944,2.61,696131110,4504466,700635576,0.64
20160505,5866000447,153969117,6019969564,2.56,679264581,3746115,683010696,0.55
20160506,5789995361,163566016,5953561377,2.75,647300694,3677233,650977927,0.56
20160507,5245745356,149218449,5394963805,2.77,669502715,2916973,672419688,0.43
20160508,5268555585,166578770,5435134355,3.06,668410660,2920087,671330747,0.43
20160509,5896169985,183051341,6079221326,3.01,704622260,3273248,707895508,0.46
20160510,6129160330,182516008,6311676338,2.89,714485837,3923205,718409042,0.55
20160511,6070016692,164871111,6234887803,2.64,714182296,4211684,718393980,0.59
20160512,5811267768,152309552,5963577320,2.55,713386776,4658170,718044946,0.65
20160513,6758780627,232061243,6990841870,3.32,739059439,4124133,743183572,0.55
20160514,8121337986,271437223,8392775209,3.23,871947932,5036746,876984678,0.57
20160515,7954637801,261422067,8216059868,3.18,885856072,5223866,891079938,0.59
20160516,8316236758,272887567,8589124325,3.18,807606454,5032688,812639142,0.62
20160517,7680254557,233877351,7914131908,2.96,807118433,4377641,811496074,0.54
20160518,7995671284,253943083,8249614367,3.08,753882017,3310055,757192072,0.44
20160519,7617033652,255688790,7872722442,3.25,761407750,3563758,764971508,0.47
20160520,7547098590,244666999,7791765589,3.14,732232539,3512666,735745205,0.48
20160521,6910460153,212065181,7122525334,2.98,708119599,3130046,711249645,0.44
20160522,6552661893,197897037,6750558930,2.93,701448053,3224210,704672263,0.46
20160523,6901652602,213822794,7115475396,3.01,729259239,3697153,732956392,0.5
20160524,7271426468,218549231,7489975699,2.92,754824421,4199170,759023591,0.55
20160525,6701745532,199587444,6901332976,2.89,753174165,3519366,756693531,0.47
20160526,6616497610,190665488,6807163098,2.8,737121816,3538025,740659841,0.48
20160527,6526880456,180190141,6707070597,2.69,726153296,3377287,729530583,0.46
20160528,4204532659,125657929,4330190588,2.9,437408296,2001930,439410226,0.46
20160529,6181896219,168612175,6350508394,2.66,644471596,3039762,647511358,0.47
20160530,6616331309,200385209,6816716518,2.94,676920513,3332645,680253158,0.49
20160531,4871345078,155500142,5026845220,3.09,476595238,2528892,479124130,0.53
20160601,6409959780,200943206,6610902986,3.04,701088926,3840597,704929523,0.54
20160602,6385940611,205758155,6591698766,3.12,720161096,5325138,725486234,0.73
20160603,6066780791,200489235,6267270026,3.2,728481076,4224688,732705764,0.58
20160604,5682302643,179173608,5861476251,3.06,686205714,4182899,690388613,0.61
20160605,5551029424,170550252,5721579676,2.98,695741806,4059451,699801257,0.58
20160606,5882897623,209019387,6091917010,3.43,728505784,3652409,732158193,0.5
20160607,6124378732,210305078,6334683810,3.32,727600455,3665444,731265899,0.5
20160608,6335626341,204318174,6539944515,3.12,730991294,3894132,734885426,0.53
20160609,6135362985,191902516,6327265501,3.03,740117317,3551784,743669101,0.48
20160610,5879818390,190388713,6070207103,3.14,724188108,3358341,727546449,0.46
20160611,5690407763,174101647,5864509410,2.97,677900402,3162800,681063202,0.46
20160612,5874844016,177586570,6052430586,2.93,671326023,3390190,674716213,0.5
20160613,6087004872,193972387,6280977259,3.09,686904556,3733724,690638280,0.54
20160614,6303379189,192366522,6495745711,2.96,679118313,3461074,682579387,0.51
20160615,6589594465,189060257,6778654722,2.79,678792900,3550424,682343324,0.52
20160616,6200772351,180699929,6381472280,2.83,533375195,4915142,538290337,0.91
20160617,5852110356,138152147,5990262503,2.31,491187149,4984285,496171434,1.0
20160618,5440779881,122736669,5563516550,2.21,399046749,4663895,403710644,1.16
20160619,5392184516,122319227,5514503743,2.22,397674021,4722817,402396838,1.17
20160620,5844888664,131320691,5976209355,2.2,493459823,4495523,497955346,0.9
20160621,5875144839,134799371,6009944210,2.24,727337351,4033148,731370499,0.55
20160622,6015209138,143932692,6159141830,2.34,780593630,5528410,786122040,0.7
20160623,5932204800,162288918,6094493718,2.66,764169022,5380838,769549860,0.7
20160624,5730407273,151305145,5881712418,2.57,730644086,5527654,736171740,0.75
20160625,5664556411,1593727741,7258284152,21.96,711854669,8178760,720033429,1.14
20160626,7543497859,949413866,8492911725,11.18,688145349,5063960,693209309,0.73
20160628,6056678184,163409899,6220088083,2.63,721603169,5445099,727048268,0.75
20160629,5969976099,158493746,6128469845,2.59,725531797,6610911,732142708,0.9
20160630,5896733800,156201527,6052935327,2.58,724285889,6434296,730720185,0.88
20160701,5790975197,152573069,5943548266,2.57,726808760,5143258,731952018,0.7
20160702,5399600296,138476191,5538076487,2.5,680772527,4825931,685598458,0.7
20160703,5257365927,132643243,5390009170,2.46,666861773,4849969,671711742,0.72
20160704,5658171865,145231004,5803402869,2.5,703364258,4986351,708350609,0.7
20160705,5752686765,144960203,5897646968,2.46,726231636,5810319,732041955,0.79
20160706,5735224808,143056317,5878281125,2.43,725443541,6516300,731959841,0.89
20160707,5849119767,139308062,5988427829,2.33,741892280,5802219,747694499,0.78
20160708,5972849260,119755936,6092605196,1.97,732557424,4115809,736673233,0.56
20160709,5805595344,124312517,5929907861,2.1,684715623,3923167,688638790,0.57
20160710,5379697147,117316248,5497013395,2.13,687773652,4000260,691773912,0.58
20160711,5945602035,152439487,6098041522,2.5,718996006,4095001,723091007,0.57
20160712,6037042815,173644361,6210687176,2.8,749578056,4990352,754568408,0.66
20160713,6407262948,178157139,6585420087,2.71,761747047,4953906,766700953,0.65
20160714,6244361280,171460139,6415821419,2.67,726827920,5782520,732610440,0.79
20160715,6009455194,163097823,6172553017,2.64,720310483,5091251,725401734,0.7
20160716,5455150055,144389040,5599539095,2.58,687571932,3827677,691399609,0.55
20160717,5413780548,121599314,5535379862,2.2,691497388,3816762,695314150,0.55
20160718,5954299901,145491117,6099791018,2.39,742597298,3844708,746442006,0.52
20160719,5839733176,171055841,6010789017,2.85,752356146,3898271,756254417,0.52
20160720,5775369830,214130794,5989500624,3.58,713430843,5451010,718881853,0.76
20160721,5689956848,188177492,5878134340,3.2,646825893,7143263,653969156,1.09
20160722,5634520163,191188189,5825708352,3.28,693680401,6269758,699950159,0.9
20160723,5298829336,187456007,5486285343,3.42,728820623,4751748,733572371,0.65
20160724,5261626116,156205884,5417832000,2.88,766188439,4733383,770921822,0.61
20160725,5516732934,153568792,5670301726,2.71,754912269,5335556,760247825,0.7
20160726,5736783626,169435598,5906219224,2.87,768867260,5155997,774023257,0.67
20160727,5808960052,158913345,5967873397,2.66,752452583,5154156,757606739,0.68
20160728,5850298907,145207490,5995506397,2.42,764758964,5155369,769914333,0.67
20160729,5662325943,150547102,5812873045,2.59,744642836,5088312,749731148,0.68
20160730,5107025636,145230226,5252255862,2.77,709371179,4687573,714058752,0.66
20160731,5068735986,139949819,5208685805,2.69,708858939,4567472,713426411,0.64
20160801,5496590031,152362246,5648952277,2.7,748510226,6026281,754536507,0.8
20160802,5993056185,183427577,6176483762,2.97,737062333,5487178,742549511,0.74
20160803,5934584178,190891758,6125475936,3.12,732561594,5875347,738436941,0.8
20160804,5951562779,164896536,6116459315,2.7,770564135,5915590,776479725,0.76
20160805,5866758242,154459756,6021217998,2.57,782115528,5560142,787675670,0.71
20160806,5337397775,130018047,5467415822,2.38,744545668,4878013,749423681,0.65
20160807,5460826334,120099352,5580925686,2.15,750610158,4799496,755409654,0.64
20160808,6089778392,135553983,6225332375,2.18,791344294,5138129,796482423,0.65
20160809,6179758704,174715337,6354474041,2.75,806758076,8156080,814914156,1.0
20160810,6028309351,194053058,6222362409,3.12,783938216,5800155,789738371,0.73
20160811,6132101647,209359766,6341461413,3.3,786080987,6327779,792408766,0.8
20160812,6029663429,199975725,6229639154,3.21,793641676,5692897,799334573,0.71
20160813,5615833114,194400742,5810233856,3.35,734872314,4749540,739621854,0.64
20160814,5547505756,183944388,5731450144,3.21,734657572,4461042,739118614,0.6
20160815,5974036453,184016093,6158052546,2.99,754365734,4697330,759063064,0.62
20160816,6065962290,224811126,6290773416,3.57,767314656,4705376,772020032,0.61
20160817,6131371611,216676385,6348047996,3.41,764476017,4589706,769065723,0.6
20160818,6238469969,197218304,6435688273,3.06,771606286,4915150,776521436,0.63
20160819,6161615639,183526977,6345142616,2.89,766218027,4829667,771047694,0.63
20160820,5827319619,221896703,6049216322,3.67,734457671,4468117,738925788,0.6
20160821,5697443916,184202864,5881646780,3.13,738479550,4479580,742959130,0.6
20160822,6301527019,216185186,6517712205,3.32,741643163,4948821,746591984,0.66
20160823,6514110729,201172601,6715283330,3.0,755642108,4873090,760515198,0.64
20160824,6791046408,206701845,6997748253,2.95,783061129,5000290,788061419,0.63
20160825,6736261247,227390869,6963652116,3.27,779275272,4982901,784258173,0.64
20160826,6624832023,189003493,6813835516,2.77,763897639,4977987,768875626,0.65
20160827,6020414213,163469204,6183883417,2.64,745828487,4754300,750582787,0.63
20160828,6079722584,161123707,6240846291,2.58,729880590,4669800,734550390,0.64
20160829,6657703642,169917911,6827621553,2.49,765639297,5887334,771526631,0.76
20160830,6828447312,208663578,7037110890,2.97,763662790,6920182,770582972,0.9
20160831,6987878655,267400906,7255279561,3.69,757981570,5383932,763365502,0.71
20160901,6557325237,177779762,6735104999,2.64,766522710,5208547,771731257,0.67
20160902,6571552952,163679964,6735232916,2.43,759846195,4996801,764842996,0.65
20160903,6215211838,163838408,6379050246,2.57,721097402,4678377,725775779,0.64
20160904,6693086554,238094369,6931180923,3.44,705706019,5122788,710828807,0.72
20160905,7097204355,221260504,7318464859,3.02,745200103,5069871,750269974,0.68
20160906,7357450907,230713336,7588164243,3.04,739632239,5126147,744758386,0.69
20160907,7270207100,238832775,7509039875,3.18,727565377,4838377,732403754,0.66
20160908,7123374138,233119074,7356493212,3.17,730932207,5112696,736044903,0.69
20160909,6955456388,216730007,7172186395,3.02,733530977,5653470,739184447,0.76
20160910,6564892772,230569731,6795462503,3.39,708959282,5301130,714260412,0.74
20160911,6280637244,199077076,6479714320,3.07,724894512,5208698,730103210,0.71
20160912,6783342297,207874671,6991216968,2.97,724397348,5339346,729736694,0.73
20160913,6937426282,210925016,7148351298,2.95,733513744,4726396,738240140,0.64
20160914,7069074546,210541479,7279616025,2.89,735431851,4953786,740385637,0.67
20160915,7152090618,202960784,7355051402,2.76,717925020,5306986,723232006,0.73
20160916,6754343379,185965382,6940308761,2.68,693517857,4871904,698389761,0.7
20160917,6011296962,154796186,6166093148,2.51,666759719,4127242,670886961,0.62
20160918,5793395131,146865135,5940260266,2.47,688399981,4183387,692583368,0.6
20160919,6510821994,165375831,6676197825,2.48,687165962,5112664,692278626,0.74
20160920,6664554921,179224611,6843779532,2.62,659803205,6035366,665838571,0.91
20160921,6340411788,146953463,6487365251,2.27,651525283,5966227,657491510,0.91
20160922,6402700504,148434055,6551134559,2.27,695807005,4810108,700617113,0.69
20160923,6153046416,134583661,6287630077,2.14,676849426,4945302,681794728,0.73
20160924,5795685055,129123884,5924808939,2.18,663070007,5373429,668443436,0.8
20160925,6150969234,131873600,6282842834,2.1,688132806,5414726,693547532,0.78
20160926,6437132664,138348585,6575481249,2.1,716825384,5792608,722617992,0.8
20160927,6432921229,141711001,6574632230,2.16,720472178,5576266,726048444,0.77
20160928,6434786025,138877716,6573663741,2.11,717704102,5902001,723606103,0.82
20160929,8112994820,179697811,8292692631,2.17,805858356,7073591,812931947,0.87
20160930,7549914303,190003979,7739918282,2.45,780001117,6965677,786966794,0.89
20161001,7044458900,222212759,7266671659,3.06,726123010,9230127,735353137,1.26
20161002,6219107597,183739596,6402847193,2.87,721915607,11106283,733021890,1.52
20161003,6504193217,186100320,6690293537,2.78,706421086,11515341,717936427,1.6
20161004,6110401882,168365436,6278767318,2.68,624323244,10101868,634425112,1.59
20161005,5946511022,171631730,6118142752,2.81,618480973,9524777,628005750,1.52
20161006,6087200863,170842559,6258043422,2.73,626919035,9521087,636440122,1.5
20161007,6274736815,181056904,6455793719,2.8,657488621,9449734,666938355,1.42
20161008,5525804718,174071091,5699875809,3.05,560014857,9091260,569106117,1.6
20161009,5458747178,150158317,5608905495,2.68,551381068,9003550,560384618,1.61
20161010,5796311001,172747530,5969058531,2.89,594687110,9684380,604371490,1.6
20161011,6237291609,192522477,6429814086,2.99,591085715,9751271,600836986,1.62
20161012,6111751440,185450608,6297202048,2.94,582504328,8407937,590912265,1.42
20161013,6095554446,178416065,6273970511,2.84,599822102,8792884,608614986,1.44
20161014,5951805967,180791937,6132597904,2.95,636867816,8597127,645464943,1.33
20161015,5514833396,170141576,5684974972,2.99,600043330,8078138,608121468,1.33
20161016,5515304706,169357748,5684662454,2.98,602398866,8391837,610790703,1.37
20161017,5729931507,177427990,5907359497,3.0,636642947,9368054,646011001,1.45
20161018,5638701216,175263174,5813964390,3.01,652402307,9049134,661451441,1.37
20161019,5985022093,193340571,6178362664,3.13,656490381,8805786,665296167,1.32
20161020,5949797351,183584516,6133381867,2.99,670623075,8649631,679272706,1.27
20161021,6071084572,197107316,6268191888,3.14,676735950,9704195,686440145,1.41
20161022,5891171340,219476428,6110647768,3.59,660535864,9708689,670244553,1.45
20161023,5896055635,215408023,6111463658,3.52,670823235,9421016,680244251,1.38
20161024,6541800294,277911528,6819711822,4.08,699946221,9871753,709817974,1.39
20161025,6600231587,284898821,6885130408,4.14,710525821,10170618,720696439,1.41
20161026,6471114664,225503483,6696618147,3.37,733421801,11196676,744618477,1.5
20161027,6457763541,229533419,6687296960,3.43,716017182,11226914,727244096,1.54
20161028,6347548116,209291324,6556839440,3.19,643867212,10048042,653915254,1.54
20161029,5799560783,186032574,5985593357,3.11,465131672,8409987,473541659,1.78
20161030,5709131820,178706269,5887838089,3.04,480582870,8378480,488961350,1.71
20161031,6148959929,197680615,6346640544,3.11,498838653,9646292,508484945,1.9
20161101,6277627905,184464197,6462092102,2.85,500416054,9260282,509676336,1.82
20161102,6666311851,197512214,6863824065,2.88,503252791,9243574,512496365,1.8
20161103,6509193734,188930174,6698123908,2.82,509789240,8778269,518567509,1.69
20161104,6583619567,210039664,6793659231,3.09,508524608,8896856,517421464,1.72
20161105,5920233630,181278133,6101511763,2.97,484231851,8174634,492406485,1.66
20161106,5854953704,181361659,6036315363,3.0,502820243,8690084,511510327,1.7
20161107,6267886920,199784928,6467671848,3.09,502920090,9120551,512040641,1.78
20161108,6422090209,189815507,6611905716,2.87,499806523,9518141,509324664,1.87
20161109,6583369561,204378990,6787748551,3.01,504723906,9938017,514661923,1.93
20161110,6580246642,199530740,6779777382,2.94,494084732,9936214,504020946,1.97
20161111,6385823856,191460799,6577284655,2.91,499152952,9663939,508816891,1.9
20161112,5891890972,172229818,6064120790,2.84,468404013,9053165,477457178,1.9
20161113,6095299443,191020720,6286320163,3.04,484471236,8776749,493247985,1.78
20161114,6339364708,181943927,6521308635,2.79,477838653,9474375,487313028,1.94
20161115,5972390767,176200390,6148591157,2.87,464630511,8749773,473380284,1.85
20161116,6044605753,183780493,6228386246,2.95,450594678,9346855,459941533,2.03
20161117,6008475149,180374140,6188849289,2.91,467114934,9470508,476585442,1.99
20161118,5918999043,183570045,6102569088,3.01,515529015,9438883,524967898,1.8
20161119,5574915152,168532343,5743447495,2.93,523069467,9039531,532108998,1.7
20161120,5573212678,167956663,5741169341,2.93,531873950,9524224,541398174,1.76
20161121,5969473399,186154916,6155628315,3.02,545121320,10078994,555200314,1.82
20161122,6114304123,189224611,6303528734,3.0,563474389,11101758,574576147,1.93
20161123,6147597137,199766242,6347363379,3.15,562616131,11348086,573964217,1.98
20161124,6044423399,194172664,6238596063,3.11,526990249,10598284,537588533,1.97
20161125,6190000986,209862020,6399863006,3.28,508996405,10687314,519683719,2.06
20161126,5626775410,186991966,5813767376,3.22,514999950,9886137,524886087,1.88
20161127,5595154571,173912670,5769067241,3.01,507669294,9824119,517493413,1.9
20161128,6247175003,212420539,6459595542,3.29,521136300,10751942,531888242,2.02
20161129,6340230483,219257450,6559487933,3.34,533934982,8313160,542248142,1.53
20161130,6077345421,208423545,6285768966,3.32,553384922,7217852,560602774,1.29
20161201,6136920036,194698679,6331618715,3.08,561523303,7791715,569315018,1.37
20161202,6158503317,207848860,6366352177,3.26,546272207,8019298,554291505,1.45
20161203,5830529478,186616937,6017146415,3.1,498518188,6287418,504805606,1.25
20161204,5786473937,180036831,5966510768,3.02,502959950,6609340,509569290,1.3
20161205,6325838419,222455825,6548294244,3.4,534288101,8706413,542994514,1.6
20161206,6381156682,213714805,6594871487,3.24,533236484,9897311,543133795,1.82
20161207,6276924387,210131452,6487055839,3.24,541915431,11216804,553132235,2.03
20161208,6333164076,204244473,6537408549,3.12,604050055,14390933,618440988,2.33
20161209,6553375228,233923114,6787298342,3.45,607811635,12262596,620074231,1.98
20161210,6152041575,204668726,6356710301,3.22,593673427,12186027,605859454,2.01
20161211,6021872126,196284978,6218157104,3.16,587491756,12960047,600451803,2.16
20161212,6556912348,225079803,6781992151,3.32,635104812,13111056,648215868,2.02
20161213,6697311101,247538780,6944849881,3.56,639601492,13785401,653386893,2.11
20161214,6595364720,244032754,6839397474,3.57,624177918,12825605,637003523,2.01
20161215,6979174656,253900642,7233075298,3.51,639664406,13325078,652989484,2.04
20161216,6737450138,238634187,6976084325,3.42,647798965,12944211,660743176,1.96
20161217,6042202724,198573355,6240776079,3.18,632493806,11200557,643694363,1.74
20161218,5860652531,188331950,6048984481,3.11,612726747,10561024,623287771,1.69
20161219,6423334826,214499322,6637834148,3.23,615711498,11055249,626766747,1.76
20161220,6786295651,229827075,7016122726,3.28,625935617,11562542,637498159,1.81
20161221,6652518541,231909190,6884427731,3.37,625273881,11957693,637231574,1.88
20161222,6184161833,202819372,6386981205,3.18,628669011,11181727,639850738,1.75
20161223,5997175361,171877476,6169052837,2.79,620192510,12853780,633046290,2.03
20161224,5575784313,152920610,5728704923,2.67,592706495,10369649,603076144,1.72
20161225,5518030718,162626746,5680657464,2.86,589743575,10440791,600184366,1.74
20161226,5711310721,164339146,5875649867,2.8,603547236,10982913,614530149,1.79
20161227,5906391775,184861248,6091253023,3.03,614911170,10928136,625839306,1.75
20161228,5950936588,186082395,6137018983,3.03,609792483,10633246,620425729,1.71
20161229,6152788864,195027546,6347816410,3.07,601084516,10675632,611760148,1.75
20161230,6146080123,199960723,6346040846,3.15,602339063,10792953,613132016,1.76
20161231,5954939837,194384404,6149324241,3.16,587242111,10604256,597846367,1.77
20170101,5720340270,178322959,5898663229,3.02,583250378,10542363,593792741,1.78
20170102,6062282871,177991515,6240274386,2.85,592835383,11104319,603939702,1.84
20170103,6330970140,203440337,6534410477,3.11,576304249,12543799,588848048,2.13
20170104,6401656606,199429113,6601085719,3.02,610596829,11523676,622120505,1.85
20170105,6458325685,201744239,6660069924,3.03,615371384,11783191,627154575,1.88
20170106,7669260868,318787593,7988048461,3.99,669968680,13483276,683451956,1.97
20170107,6036217499,163635664,6199853163,2.64,600385108,10701695,611086803,1.75
20170108,5939620583,180255780,6119876363,2.95,590093944,10662547,600756491,1.77
20170109,9595398364,426300765,10021699129,4.25,810191126,16170425,826361551,1.96
20170110,10016861967,505665414,10522527381,4.81,822516704,16631764,839148468,1.98
20170111,6576314189,194558219,6770872408,2.87,626717981,15577164,642295145,2.43
20170112,6586377815,203874566,6790252381,3.0,631673988,15547603,647221591,2.4
20170113,6509859514,183700868,6693560382,2.74,634293441,14609124,648902565,2.25
20170114,5975205622,159049948,6134255570,2.59,602854759,14103673,616958432,2.29
20170115,5929919705,160098898,6090018603,2.63,602303050,13796462,616099512,2.24
20170116,6405105363,177900098,6583005461,2.7,636259141,14011112,650270253,2.15
20170117,6440717996,173281314,6613999310,2.62,641345409,15105970,656451379,2.3
20170118,6486902808,176042004,6662944812,2.64,631387346,14296561,645683907,2.21
20170119,6624288090,177751714,6802039804,2.61,657796741,13873999,671670740,2.07
20170120,6377314781,179498772,6556813553,2.74,647274369,16729664,664004033,2.52
20170121,5995045677,171626263,6166671940,2.78,609349740,12456777,621806517,2.0
20170122,6094019982,178303199,6272323181,2.84,607648991,12757503,620406494,2.06
20170123,6328558011,192007037,6520565048,2.94,624961558,12388746,637350304,1.94
20170124,6270762003,184938596,6455700599,2.86,634690729,12049918,646740647,1.86
20170125,6477350216,182599381,6659949597,2.74,620601738,11966742,632568480,1.89
20170126,6386402508,172155139,6558557647,2.62,636869052,12538201,649407253,1.93
20170127,6092886690,153757537,6246644227,2.46,637587761,11741088,649328849,1.81
20170128,5676850782,140851566,5817702348,2.42,619620872,10857164,630478036,1.72
20170129,5954924560,151015674,6105940234,2.47,610115341,9958727,620074068,1.61
20170130,6293132735,166075799,6459208534,2.57,634273801,11652400,645926201,1.8
20170131,6424009374,166175306,6590184680,2.52,635220040,12850601,648070641,1.98
20170201,6367145912,169932497,6537078409,2.6,628802291,12293509,641095800,1.92
20170202,6277116341,169512603,6446628944,2.63,632653452,12930484,645583936,2.0
20170203,6303968585,163868134,6467836719,2.53,650222884,14735662,664958546,2.22
20170204,6363367475,164749724,6528117199,2.52,664985489,11994927,676980416,1.77
20170205,6400900966,174524435,6575425401,2.65,654231366,13082871,667314237,1.96
20170206,6565454916,172917005,6738371921,2.57,641391008,14065709,655456717,2.15
20170207,6622190229,161355427,6783545656,2.38,697380295,13233753,710614048,1.86
20170208,6675853041,183912409,6859765450,2.68,670084849,13401448,683486297,1.96
20170209,6554933652,189756305,6744689957,2.81,658937096,14054034,672991130,2.09
20170210,6453915609,184952756,6638868365,2.79,661031211,14156688,675187899,2.1
20170211,5991787381,173916465,6165703846,2.82,630529368,12569126,643098494,1.95
20170212,5925286054,171167731,6096453785,2.81,637142905,12767946,649910851,1.96
20170213,6534673834,201176518,6735850352,2.99,639462588,14382570,653845158,2.2
20170214,6565723694,196100928,6761824622,2.9,665499631,13231530,678731161,1.95
20170215,6600135507,195668804,6795804311,2.88,658920113,12838971,671759084,1.91
20170216,6703100688,197417246,6900517934,2.86,672519127,12744495,685263622,1.86
20170217,6651076001,191097764,6842173765,2.79,692421093,11924747,704345840,1.69
20170218,6197488297,179901229,6377389526,2.82,656428313,11228437,667656750,1.68
20170219,6100897801,180738523,6281636324,2.88,644677497,10791834,655469331,1.65
20170220,6773628993,220204711,6993833704,3.15,648488311,13476353,661964664,2.04
20170221,9577206669,531502932,10108709601,5.26,818139851,17070002,835209853,2.04
20170222,6886278047,191900061,7078178108,2.71,644889319,12764342,657653661,1.94
20170223,6768307231,196331887,6964639118,2.82,680256732,12388998,692645730,1.79
20170224,6555909005,192757573,6748666578,2.86,672730127,13773212,686503339,2.01
20170225,6024888663,181217565,6206106228,2.92,660248262,11556080,671804342,1.72
20170226,6039605169,176824361,6216429530,2.84,659808645,11859173,671667818,1.77
20170227,6491546831,179761089,6671307920,2.69,665657534,13546469,679204003,1.99
20170228,6542213135,187309466,6729522601,2.78,713629616,12855771,726485387,1.77
20170301,6692404257,183936258,6876340515,2.67,726811147,12970903,739782050,1.75
20170302,6682341697,197071728,6879413425,2.86,718496734,13424389,731921123,1.83
20170303,6228422402,186108575,6414530977,2.9,696354590,12094084,708448674,1.71
20170304,6050708763,190280600,6240989363,3.05,690901362,10397444,701298806,1.48
20170305,6073041024,179982619,6253023643,2.88,677706777,10901244,688608021,1.58
20170306,12139845192,899734156,13039579348,6.9,1027487908,18304432,1045792340,1.75
20170307,6488357152,198953076,6687310228,2.98,675533297,11743128,687276425,1.71
20170308,6432198620,192157365,6624355985,2.9,723358925,11937746,735296671,1.62
20170309,6303961105,186044471,6490005576,2.87,711671274,13688986,725360260,1.89
20170310,6313568533,191584248,6505152781,2.95,715523604,13702469,729226073,1.88
20170311,5729119785,178871633,5907991418,3.03,703041696,10702462,713744158,1.5
20170312,5720226127,179213169,5899439296,3.04,673006304,10600529,683606833,1.55
20170313,6268955468,306033620,6574989088,4.65,689925693,13246653,703172346,1.88
20170314,6497685312,314828299,6812513611,4.62,708862616,13087217,721949833,1.81
20170315,5941202197,198374382,6139576579,3.23,714798085,12888055,727686140,1.77
20170316,5983974027,190934688,6174908715,3.09,693360301,13110909,706471210,1.86
20170317,6332967809,238212932,6571180741,3.63,770061931,15230955,785292886,1.94
20170318,5551271399,184466474,5735737873,3.22,705493657,10994462,716488119,1.53
20170319,5436483916,174059662,5610543578,3.1,692997262,11451767,704449029,1.63
20170320,6178949930,198938953,6377888883,3.12,726835057,13250663,740085720,1.79
20170321,6021682468,212050807,6233733275,3.4,687852142,11966775,699818917,1.71
20170322,6063361157,245154993,6308516150,3.89,646078348,13019310,659097658,1.98
20170323,5896476708,196188752,6092665460,3.22,642952502,13025104,655977606,1.99
20170324,5643643976,191489774,5835133750,3.28,686838067,12488741,699326808,1.79
20170325,5354646079,186470778,5541116857,3.37,666694056,11601136,678295192,1.71
20170326,5207816056,185960859,5393776915,3.45,659030664,11161704,670192368,1.67
20170327,5689437634,199223570,5888661204,3.38,704065497,13477813,717543310,1.88
20170328,5709862993,200467030,5910330023,3.39,769688846,13276383,782965229,1.7
20170329,5730635815,197704612,5928340427,3.33,706188160,13706603,719894763,1.9
20170330,5879725180,210485910,6090211090,3.46,682723304,12050408,694773712,1.73
20170331,5545236287,236337947,5781574234,4.09,582918987,11675682,594594669,1.96
20170401,5224950238,235525399,5460475637,4.31,531687732,10598545,542286277,1.95
20170402,5122973251,226855847,5349829098,4.24,529890723,10590880,540481603,1.96
20170403,5082173652,175447439,5257621091,3.34,556941789,10720229,567662018,1.89
20170404,5848867100,197587442,6046454542,3.27,609125279,11286863,620412142,1.82
20170405,5115308560,166486348,5281794908,3.15,678642612,11486088,690128700,1.66
20170406,5415543376,173717632,5589261008,3.11,731307242,11781724,743088966,1.59
20170407,5479918448,180345956,5660264404,3.19,748372867,12225524,760598391,1.61
20170408,5187850510,168058736,5355909246,3.14,681356275,10257888,691614163,1.48
20170409,5152994053,163741673,5316735726,3.08,679375508,10270911,689646419,1.49
20170410,5668203726,179717438,5847921164,3.07,713922597,11604362,725526959,1.6
20170411,5763838246,189539432,5953377678,3.18,670932316,11391444,682323760,1.67
20170412,5879473491,185695433,6065168924,3.06,676122443,11250380,687372823,1.64
20170413,5722505144,181038753,5903543897,3.07,702193471,11688016,713881487,1.64
20170414,5196060203,178176752,5374236955,3.32,686664809,12614397,699279206,1.8
20170415,4538008600,154942880,4692951480,3.3,644795682,12783889,657579571,1.94
20170416,4473485302,149709477,4623194779,3.24,640909512,12367388,653276900,1.89
20170417,4873236137,163963637,5037199774,3.26,656749477,11563705,668313182,1.73
20170418,5057486373,156166986,5213653359,3.0,550928853,8710561,559639414,1.56
20170419,5301958925,153897725,5455856650,2.82,609986147,9822275,619808422,1.58
20170420,5261104926,158613569,5419718495,2.93,599162796,9516018,608678814,1.56
20170421,5212403309,144278406,5356681715,2.69,597618293,8014724,605633017,1.32
20170422,4929122561,142565715,5071688276,2.81,523502010,7397642,530899652,1.39
20170423,4849585576,135612650,4985198226,2.72,501541921,7757334,509299255,1.52
20170424,5308266263,145656061,5453922324,2.67,617798203,9973316,627771519,1.59
20170425,6169094563,215728100,6384822663,3.38,673553113,11994587,685547700,1.75
20170426,5251811555,130929578,5382741133,2.43,605744027,10615582,616359609,1.72
20170427,5042791448,134283104,5177074552,2.59,593102073,10350215,603452288,1.72
20170428,5081061304,136065129,5217126433,2.61,588063339,9950596,598013935,1.66
20170429,4759438731,123827894,4883266625,2.54,504654473,8075601,512730074,1.58
20170430,4789652411,116899406,4906551817,2.38,541597766,8413050,550010816,1.53
20170501,4854448181,125313006,4979761187,2.52,592616986,9364716,601981702,1.56
20170502,5047578957,135685111,5183264068,2.62,631437242,10585008,642022250,1.65
20170503,5542222393,147200921,5689423314,2.59,641936893,9964039,651900932,1.53
20170504,5313802844,142000727,5455803571,2.6,637468239,10042755,647510994,1.55
20170505,4897706588,137320394,5035026982,2.73,582474459,9700731,592175190,1.64
20170506,4536439376,130451841,4666891217,2.8,557600620,8798074,566398694,1.55
20170507,3995398407,112253723,4107652130,2.73,568220670,8654329,576874999,1.5
20170508,4087367238,107865496,4195232734,2.57,583490586,9995628,593486214,1.68
20170509,4911083197,135383362,5046466559,2.68,592512384,11906267,604418651,1.97
20170510,4678578455,131306942,4809885397,2.73,588963478,12150548,601114026,2.02
20170511,4968504660,142709896,5111214556,2.79,601881671,11521942,613403613,1.88
20170512,5004564911,140478145,5145043056,2.73,579642506,10776014,590418520,1.83
20170513,4314752048,130224794,4444976842,2.93,574540233,9732151,584272384,1.67
20170514,4397614480,127358284,4524972764,2.81,579201019,9436846,588637865,1.6
20170515,4968351276,140043722,5108394998,2.74,604347565,10703573,615051138,1.74
20170516,4891556287,128174562,5019730849,2.55,587143938,10639112,597783050,1.78
20170517,4928222705,128224465,5056447170,2.54,562099568,10839348,572938916,1.89
20170518,4438411261,119253684,4557664945,2.62,553162539,11307171,564469710,2.0
20170519,3446116208,85810259,3531926467,2.43,547898230,9436371,557334601,1.69
20170520,4305459625,118253583,4423713208,2.67,563162254,9983094,573145348,1.74
20170521,4342706943,118186681,4460893624,2.65,557134439,9613151,566747590,1.7
20170522,4713386047,128671411,4842057458,2.66,578632140,10750028,589382168,1.82
20170523,4815916231,133148715,4949064946,2.69,578596148,9953857,588550005,1.69
20170524,4402615200,123474119,4526089319,2.73,560896896,10230859,571127755,1.79
20170525,4300483261,122484553,4422967814,2.77,579422586,9927207,589349793,1.68
20170526,4323066056,125697994,4448764050,2.83,569545200,9420256,578965456,1.63
20170527,4424559415,120897270,4545456685,2.66,544439305,8723420,553162725,1.58
20170528,4348671861,115187179,4463859040,2.58,536017731,8769848,544787579,1.61
20170529,4549303087,126065017,4675368104,2.7,566803079,10080259,576883338,1.75
20170530,4606107850,126630476,4732738326,2.68,567168379,9786021,576954400,1.7
20170531,4680374752,150143374,4830518126,3.11,563843011,9900874,573743885,1.73
20170601,5046425212,156066846,5202492058,3.0,559681879,10431071,570112950,1.83
20170602,4867057233,136107774,5003165007,2.72,537266820,9779521,547046341,1.79
20170603,4641473476,136316739,4777790215,2.85,566629061,9383435,576012496,1.63
20170604,4599568949,129806102,4729375051,2.74,545011022,9562772,554573794,1.72
20170605,4993215734,135688943,5128904677,2.65,497468289,10465099,507933388,2.06
20170606,5215639618,137696963,5353336581,2.57,540438152,10685672,551123824,1.94
20170607,5383816982,142559634,5526376616,2.58,541572298,10240699,551812997,1.86
20170608,5182733283,143441440,5326174723,2.69,558178013,10697612,568875625,1.88
20170609,5096443766,143841913,5240285679,2.74,586468445,11026395,597494840,1.85
20170610,4630830616,139129041,4769959657,2.92,508826873,9891214,518718087,1.91
20170611,4490550023,133911613,4624461636,2.9,514820047,10455626,525275673,1.99
20170612,4895770223,150291869,5046062092,2.98,529593861,11705308,541299169,2.16
20170613,5122307215,152019279,5274326494,2.88,521586166,12018212,533604378,2.25
20170614,4943289160,142719778,5086008938,2.81,532288510,12239836,544528346,2.25
20170615,5068182177,153278548,5221460725,2.94,558963864,13036464,572000328,2.28
20170616,5176581493,158058686,5334640179,2.96,580345753,13571627,593917380,2.29
20170617,4672030495,143524489,4815554984,2.98,566877258,10604945,577482203,1.84
20170618,4669118907,147712741,4816831648,3.07,581709724,10433564,592143288,1.76
20170619,5088535127,158415283,5246950410,3.02,622537210,11829657,634366867,1.86
20170620,5101051116,152817249,5253868365,2.91,601960407,11449900,613410307,1.87
20170621,5208543719,154731144,5363274863,2.89,605803132,11796840,617599972,1.91
20170622,5128690082,150554213,5279244295,2.85,611863897,12776320,624640217,2.05
20170623,5093786608,148476076,5242262684,2.83,589264081,12306894,601570975,2.05
20170624,4774073500,143745438,4917818938,2.92,557649058,10195273,567844331,1.8
20170625,4792946675,143528131,4936474806,2.91,567690123,9817302,577507425,1.7
20170626,5055668548,149090399,5204758947,2.86,557134034,11133508,568267542,1.96
20170627,4933850433,156479195,5090329628,3.07,567199359,11898817,579098176,2.05
20170628,4766159547,155220684,4921380231,3.15,551852860,12758654,564611514,2.26
20170629,4805765228,155515652,4961280880,3.13,573781109,11687033,585468142,2.0
20170630,4572666571,156620893,4729287464,3.31,560620290,11486812,572107102,2.01
20170701,4243414402,153901944,4397316346,3.5,543897097,10730545,554627642,1.93
20170702,4249170524,144996935,4394167459,3.3,533572013,10900118,544472131,2.0
20170703,4679863161,165348897,4845212058,3.41,556383722,11582278,567966000,2.04
20170704,4818764172,165256998,4984021170,3.32,554865603,12065689,566931292,2.13
20170705,4991725016,168046136,5159771152,3.26,560189808,11852081,572041889,2.07
20170706,4978427845,163894695,5142322540,3.19,515822768,11513911,527336679,2.18
20170707,4901570019,157868443,5059438462,3.12,505743083,11253472,516996555,2.18
20170708,4677077710,147030624,4824108334,3.05,498112397,10577792,508690189,2.08
20170709,4588624954,143235685,4731860639,3.03,490966251,10308529,501274780,2.06
20170710,4887687162,154127614,5041814776,3.06,514212849,11247305,525460154,2.14
20170711,5045622972,162025213,5207648185,3.11,504183575,11383317,515566892,2.21
20170712,5104771981,185366270,5290138251,3.5,551835537,11540018,563375555,2.05
20170713,5014947212,184080752,5199027964,3.54,535627018,11669815,547296833,2.13
20170714,4726016388,185726528,4911742916,3.78,540876933,11436468,552313401,2.07
20170715,4463166530,166168668,4629335198,3.59,514297990,10997252,525295242,2.09
20170716,4340568830,159394189,4499963019,3.54,497582587,10619249,508201836,2.09
20170717,4706086684,178904526,4884991210,3.66,529216002,11697336,540913338,2.16
20170718,4880647631,191092759,5071740390,3.77,510986452,11660377,522646829,2.23
20170719,4875464248,184815979,5060280227,3.65,533231726,11351108,544582834,2.08
20170720,4968712233,183974236,5152686469,3.57,506082111,11436104,517518215,2.21
20170721,4926783864,171981734,5098765598,3.37,520848944,11128691,531977635,2.09
20170722,4657893771,157476486,4815370257,3.27,495587105,10260948,505848053,2.03
20170723,4580596394,150133012,4730729406,3.17,496775465,10475206,507250671,2.07
20170724,4815201783,159859159,4975060942,3.21,508536953,10908316,519445269,2.1
20170725,5027953223,156200967,5184154190,3.01,503615663,11761540,515377203,2.28
20170726,5330199519,172940034,5503139553,3.14,437879475,11908841,449788316,2.65
20170727,5106703841,168727267,5275431108,3.2,438466921,12236652,450703573,2.72
20170728,5027923116,164996110,5192919226,3.18,437065899,11422732,448488631,2.55
20170729,4703929024,157591774,4861520798,3.24,403544040,10493547,414037587,2.53
20170730,4595219925,147337911,4742557836,3.11,403667740,10517492,414185232,2.54
20170731,4960280454,166102651,5126383105,3.24,439752384,12275516,452027900,2.72
20170801,4955739252,175439953,5131179205,3.42,444335033,12832741,457167774,2.81
20170802,4964371927,174642417,5139014344,3.4,416656474,11996708,428653182,2.8
20170803,5011508833,173026084,5184534917,3.34,363610511,11597863,375208374,3.09
20170804,4933945652,173555898,5107501550,3.4,482717370,11591257,494308627,2.34
20170805,4677488648,160261852,4837750500,3.31,437250379,10347880,447598259,2.31
20170806,4731990507,156052172,4888042679,3.19,430698271,10284210,440982481,2.33
20170807,6247278696,312464586,6559743282,4.76,491150141,11895245,503045386,2.36
20170808,5180963028,179207297,5360170325,3.34,498907583,11562622,510470205,2.27
20170809,5087994929,185814822,5273809751,3.52,507519607,11631279,519150886,2.24
20170810,5042553389,183868414,5226421803,3.52,526698932,11229990,537928922,2.09
20170811,5086310114,180820334,5267130448,3.43,545066453,11295362,556361815,2.03
20170812,4601952190,166768953,4768721143,3.5,511538439,10000368,521538807,1.92
20170813,4506502779,156970223,4663473002,3.37,495788572,10032928,505821500,1.98
20170814,5041820414,169832257,5211652671,3.26,457233131,11792724,469025855,2.51
20170815,5191137425,174037111,5365174536,3.24,379695631,11894244,391589875,3.04
20170816,5256287487,179667076,5435954563,3.31,378737797,12256911,390994708,3.13
20170817,5082101277,185933996,5268035273,3.53,412261345,10838480,423099825,2.56
20170818,4927281166,168315781,5095596947,3.3,511429821,10988950,522418771,2.1
20170819,4920534759,160610912,5081145671,3.16,483974311,10179462,494153773,2.06
20170820,4822530226,170309059,4992839285,3.41,472629186,9563275,482192461,1.98
20170821,5309219408,172304525,5481523933,3.14,507217653,10558659,517776312,2.04
20170822,5335916987,179948099,5515865086,3.26,514715704,10440380,525156084,1.99
20170823,5075319609,171479985,5246799594,3.27,565991473,10355342,576346815,1.8
20170824,5317185410,194921603,5512107013,3.54,579063129,11311158,590374287,1.92
20170825,5302211287,197655292,5499866579,3.59,627078803,12076245,639155048,1.89
20170826,5805229271,250573931,6055803202,4.14,641440878,12380134,653821012,1.89
20170827,5293770247,210875933,5504646180,3.83,635412559,12465517,647878076,1.92
20170828,5400999410,193858781,5594858191,3.46,663561102,12790415,676351517,1.89
20170829,5565331897,196000980,5761332877,3.4,664400468,14295875,678696343,2.11
20170830,5449630018,198233061,5647863079,3.51,498299437,14984608,513284045,2.92
20170831,5386198005,204344950,5590542955,3.66,498176940,16757969,514934909,3.25
20170901,5048137569,190115379,5238252948,3.63,468087839,15837068,483924907,3.27
20170902,4853581023,173724640,5027305663,3.46,407321800,12640039,419961839,3.01
20170903,4757271246,175228562,4932499808,3.55,416413566,12857089,429270655,3.0
20170904,5190862412,192762824,5383625236,3.58,472256986,14491903,486748889,2.98
20170905,5443319997,198591023,5641911020,3.52,474726216,14733760,489459976,3.01
20170906,5604239646,199758272,5803997918,3.44,464518477,15216312,479734789,3.17
20170907,5435705995,200210181,5635916176,3.55,375459943,13698836,389158779,3.52
20170908,5544205230,193730898,5737936128,3.38,364153916,13923005,378076921,3.68
20170909,4955536622,173672331,5129208953,3.39,352546030,12424045,364970075,3.4
20170910,4620310673,163398725,4783709398,3.42,370922858,12520333,383443191,3.27
20170911,4966748041,185070568,5151818609,3.59,353789794,13913642,367703436,3.78
20170912,5178719705,192422693,5371142398,3.58,360775125,13500759,374275884,3.61
20170913,5389549868,201743566,5591293434,3.61,363176088,14344901,377520989,3.8
20170914,5357443576,209787487,5567231063,3.77,372546468,14133621,386680089,3.66
20170915,5055977794,200333091,5256310885,3.81,383920972,13626271,397547243,3.43
20170916,4888166149,190905412,5079071561,3.76,362303110,12589471,374892581,3.36
20170917,4780295883,185978922,4966274805,3.74,367596357,13035742,380632099,3.42
20170918,5216202311,200143078,5416345389,3.7,381105502,12022636,393128138,3.06
20170919,5122404338,202113284,5324517622,3.8,388447962,12448623,400896585,3.11
20170920,5063913712,201566160,5265479872,3.83,372373508,11903479,384276987,3.1
20170921,5233384842,211766389,5445151231,3.89,381370271,11626753,392997024,2.96
20170922,5131943098,205724097,5337667195,3.85,394286404,11974737,406261141,2.95
20170923,4864653051,191186908,5055839959,3.78,368984834,11081543,380066377,2.92
20170924,4718381335,186565765,4904947100,3.8,365281563,11183948,376465511,2.97
20170925,5230767896,199523922,5430291818,3.67,372305894,11775431,384081325,3.07
20170926,5437527252,216849620,5654376872,3.84,404179345,11760287,415939632,2.83
20170927,5308226177,216970602,5525196779,3.93,389310877,11476808,400787685,2.86
20170928,5366369441,208766577,5575136018,3.74,384130412,12145757,396276169,3.06
20170929,5188335936,204635470,5392971406,3.79,379782076,11853031,391635107,3.03
20170930,4691163083,185247308,4876410391,3.8,366535313,11115036,377650349,2.94
20171001,4502807033,177642409,4680449442,3.8,366404318,11051487,377455805,2.93
20171002,4829990001,182234117,5012224118,3.64,380590941,11268769,391859710,2.88
20171003,4873544712,187148049,5060692761,3.7,403005436,11801208,414806644,2.84
20171004,4906143659,193428726,5099572385,3.79,394320982,12255753,406576735,3.01
20171005,4856130511,190491268,5046621779,3.77,391629376,11700010,403329386,2.9
20171006,5004736893,182348232,5187085125,3.52,380786443,12160948,392947391,3.09
20171007,4753945007,179893493,4933838500,3.65,363034996,11649479,374684475,3.11
20171008,4711214380,185545541,4896759921,3.79,364641546,11304391,375945937,3.01
20171009,5044914048,194995752,5239909800,3.72,384827227,11872737,396699964,2.99
20171010,4732151075,184642904,4916793979,3.76,370528955,11792582,382321537,3.08
20171011,5364040363,166908247,5530948610,3.02,414679645,11827022,426506667,2.77
20171012,5659261640,175448173,5834709813,3.01,458685488,13439730,472125218,2.85
20171013,4961657611,157347867,5119005478,3.07,359907365,11397657,371305022,3.07
20171014,4708241269,147617280,4855858549,3.04,343684231,10396388,354080619,2.94
20171015,4704560849,148856348,4853417197,3.07,344974025,10630229,355604254,2.99
20171016,4939863978,157427779,5097291757,3.09,373556426,12191739,385748165,3.16
20171017,5021014163,162375888,5183390051,3.13,377737977,11932789,389670766,3.06
20171018,4987334604,158732297,5146066901,3.08,369887230,12290519,382177749,3.22
20171019,5159411042,157955224,5317366266,2.97,351324733,12489279,363814012,3.43
20171020,5071811658,165164873,5236976531,3.15,330314081,12095994,342410075,3.53
20171021,4992203028,164123657,5156326685,3.18,309971219,11158844,321130063,3.47
20171022,4908273871,155747759,5064021630,3.08,319374688,10777479,330152167,3.26
20171023,5504742442,170844869,5675587311,3.01,340869527,12143563,353013090,3.44
20171024,5443846624,168546925,5612393549,3.0,350418511,12502458,362920969,3.44
20171025,5376769344,166080101,5542849445,3.0,341453422,12025111,353478533,3.4
20171026,5415299575,163796002,5579095577,2.94,344148842,12235979,356384821,3.43
20171027,5197867347,163758783,5361626130,3.05,333945010,11717385,345662395,3.39
20171028,5059912629,166332725,5226245354,3.18,317441281,11152038,328593319,3.39
20171029,5150683881,163509512,5314193393,3.08,322686267,10955021,333641288,3.28
20171030,5521508048,167998139,5689506187,2.95,339951994,11982764,351934758,3.4
20171031,5750018873,173547995,5923566868,2.93,358784914,12177942,370962856,3.28
20171101,5694238827,182167818,5876406645,3.1,383290518,12121499,395412017,3.07
20171102,5826875803,178352450,6005228253,2.97,397747614,11940211,409687825,2.91
20171103,5762880530,176114226,5938994756,2.97,380988012,11801148,392789160,3.0
20171104,5234496130,163822458,5398318588,3.03,360465848,10973695,371439543,2.95
20171105,5128539254,151899429,5280438683,2.88,361689108,11152048,372841156,2.99
20171106,5417341782,164551485,5581893267,2.95,369031889,11938580,380970469,3.13
20171107,5575081551,168399313,5743480864,2.93,391700441,12522047,404222488,3.1
20171108,5720839028,177060310,5897899338,3.0,399276323,13128342,412404665,3.18
20171109,5834880889,179630269,6014511158,2.99,413632740,13602677,427235417,3.18
20171110,5682620822,175920388,5858541210,3.0,415126716,12987892,428114608,3.03
20171111,5240358405,152861869,5393220274,2.83,375267387,12371743,387639130,3.19
20171112,5131802609,151574924,5283377533,2.87,357649970,11983457,369633427,3.24
20171113,5309225445,170635524,5479860969,3.11,384168235,12529637,396697872,3.16
20171114,5222390024,167956761,5390346785,3.12,384132374,13212078,397344452,3.33
20171115,5275042124,172358365,5447400489,3.16,393757323,13338617,407095940,3.28
20171116,5283426963,169864664,5453291627,3.11,397140597,13249701,410390298,3.23
20171117,5220145761,177354605,5397500366,3.29,389333496,12923921,402257417,3.21
20171118,4761917849,162446317,4924364166,3.3,370213427,12057030,382270457,3.15
20171119,4717687204,158260438,4875947642,3.25,381588927,11807693,393396620,3.0
20171120,5108320840,173080013,5281400853,3.28,399549238,13578636,413127874,3.29
20171121,5164853867,163972846,5328826713,3.08,388644779,14049902,402694681,3.49
20171122,4947438875,157741640,5105180515,3.09,383636092,13237422,396873514,3.34
20171123,5056642731,164075000,5220717731,3.14,386141800,13419057,399560857,3.36
20171124,5064193433,160815196,5225008629,3.08,380462389,13163494,393625883,3.34
20171125,4736617162,149751877,4886369039,3.06,358662003,12136722,370798725,3.27
20171126,4581840387,146692920,4728533307,3.1,362011337,12475025,374486362,3.33
20171127,4929963327,158170945,5088134272,3.11,380240425,12949577,393190002,3.29
20171128,5002364518,157995558,5160360076,3.06,391961393,12670566,404631959,3.13
20171129,5139579784,162172293,5301752077,3.06,411218817,13448997,424667814,3.17
20171130,5063996831,164262002,5228258833,3.14,421857710,13706802,435564512,3.15
20171201,4934821225,162884142,5097705367,3.2,420877747,13986278,434864025,3.22
20171202,5126071529,158838600,5284910129,3.01,397960703,12819436,410780139,3.12
20171203,5254384858,155752980,5410137838,2.88,396485477,12577122,409062599,3.07
20171204,5067607674,170910112,5238517786,3.26,415403056,14574096,429977152,3.39
20171205,4967079297,158930387,5126009684,3.1,411872494,12892968,424765462,3.04
20171206,5010696868,161285225,5171982093,3.12,417427883,12595221,430023104,2.93
20171207,4651102129,154375875,4805478004,3.21,416082653,12731126,428813779,2.97
20171208,4480188853,148870953,4629059806,3.22,413807150,12727436,426534586,2.98
20171209,4324633853,143775638,4468409491,3.22,401000207,12258755,413258962,2.97
20171210,4189073679,139539244,4328612923,3.22,399194457,12180372,411374829,2.96
20171211,4401080455,149485589,4550566044,3.28,410512762,12783188,423295950,3.02
20171212,4562782611,152948594,4715731205,3.24,426166125,13069783,439235908,2.98
20171213,4595743190,160194023,4755937213,3.37,421530365,12883392,434413757,2.97
20171214,4631366177,159248274,4790614451,3.32,426349756,13059462,439409218,2.97
20171215,4608210228,159648408,4767858636,3.35,444648640,12835056,457483696,2.81
20171216,4319168756,152108593,4471277349,3.4,389997013,12386775,402383788,3.08
20171217,4266061083,144161122,4410222205,3.27,381105206,12225528,393330734,3.11
20171218,4603347028,157001707,4760348735,3.3,412968281,12834863,425803144,3.01
20171219,4689479408,162425376,4851904784,3.35,447739097,13020762,460759859,2.83
20171220,4741142396,161757693,4902900089,3.3,456928249,13169548,470097797,2.8
20171221,4767554239,154251426,4921805665,3.13,450074784,15422017,465496801,3.31
20171222,4555530588,150364773,4705895361,3.2,441061873,14708253,455770126,3.23
20171223,5193921999,141382330,5335304329,2.65,408922571,12369571,421292142,2.94
20171224,4213531768,155108727,4368640495,3.55,393729098,12220432,405949530,3.01
20171225,4295959694,151489417,4447449111,3.41,390468763,12138056,402606819,3.01
20171226,4395076433,163589156,4558665589,3.59,428468870,12690774,441159644,2.88
20171227,4552687727,162447648,4715135375,3.45,450652228,13063329,463715557,2.82
20171228,4532012274,172033228,4704045502,3.66,457135286,12834060,469969346,2.73
20171229,4500294101,176803041,4677097142,3.78,450023620,12908947,462932567,2.79
20171230,4456406981,171437300,4627844281,3.7,437298942,12309861,449608803,2.74
20171231,4142670822,159765860,4302436682,3.71,415615285,12014282,427629567,2.81
20180101,4139798618,153187573,4292986191,3.57,415989546,12342660,428332206,2.88
20180102,4554581838,161158180,4715740018,3.42,430672921,13275088,443948009,2.99
20180103,4530272613,169374537,4699647150,3.6,404995450,12882537,417877987,3.08
20180104,4486451583,165046345,4651497928,3.55,390872842,13320848,404193690,3.3
20180105,4583720388,162923273,4746643661,3.43,404332973,13827602,418160575,3.31
20180106,4313276103,148685934,4461962037,3.33,376890010,13105894,389995904,3.36
20180107,4216012999,139414120,4355427119,3.2,376858237,13044516,389902753,3.35
20180108,4462033520,152505888,4614539408,3.3,388386456,13391856,401778312,3.33
20180109,4549001190,153010547,4702011737,3.25,393766449,13311476,407077925,3.27
20180110,4503999827,153175741,4657175568,3.29,391423419,13844269,405267688,3.42
20180111,4432234705,146789355,4579024060,3.21,379160780,13382742,392543522,3.41
20180112,4354290281,147180090,4501470371,3.27,389359551,13070071,402429622,3.25
20180113,4163671270,157791126,4321462396,3.65,394105314,12734552,406839866,3.13
20180114,4116073332,142641432,4258714764,3.35,387844479,12805776,400650255,3.2
20180115,4336004595,151635418,4487640013,3.38,396103378,13384113,409487491,3.27
20180116,4438547142,146248394,4584795536,3.19,418723852,13572709,432296561,3.14
20180117,4467013084,142423815,4609436899,3.09,410028182,13713991,423742173,3.24
20180118,4679062474,160129241,4839191715,3.31,397294155,14476409,411770564,3.52
20180119,4652952232,154067970,4807020202,3.21,381598324,13981969,395580293,3.53
20180120,4478861325,142653974,4621515299,3.09,370313184,13295316,383608500,3.47
20180121,4482082838,144245649,4626328487,3.12,384994075,13077875,398071950,3.29
20180122,4647430963,153100024,4800530987,3.19,394777467,13700796,408478263,3.35
20180123,4753435245,164593157,4918028402,3.35,401358483,13976445,415334928,3.37
20180124,4699998568,162376867,4862375435,3.34,403209798,14216741,417426539,3.41
20180125,4670137437,157103494,4827240931,3.25,387653909,14402246,402056155,3.58
20180126,4500216028,146844883,4647060911,3.16,403970701,13785980,417756681,3.3
20180127,4268552867,139023455,4407576322,3.15,428947444,14196846,443144290,3.2
20180128,4247856162,143251847,4391108009,3.26,395874623,14054949,409929572,3.43
20180129,4640079992,160300829,4800380821,3.34,412780445,14619049,427399494,3.42
20180130,4629598715,167677830,4797276545,3.5,408697237,13890388,422587625,3.29
20180131,4566844775,171551107,4738395882,3.62,430713935,14710030,445423965,3.3
20180201,4734319392,184294072,4918613464,3.75,445427861,16507523,461935384,3.57
20180202,4632609719,178038480,4810648199,3.7,406923040,16212398,423135438,3.83
20180203,4233543607,166843717,4400387324,3.79,401041015,14434660,415475675,3.47
20180204,4109107440,162175266,4271282706,3.8,393466407,14377435,407843842,3.53
20180205,4512244159,169174688,4681418847,3.61,424925118,16759250,441684368,3.79
20180206,4684801613,171572583,4856374196,3.53,411060453,17659238,428719691,4.12
20180207,4645261460,175625273,4820886733,3.64,379658877,14407048,394065925,3.66
20180208,4368043484,170068733,4538112217,3.75,352551818,13854153,366405971,3.78
20180209,3513955797,136444260,3650400057,3.74,357175090,12748349,369923439,3.45
20180210,3327100991,133293125,3460394116,3.85,317057536,11611250,328668786,3.53
20180211,3307350040,130095452,3437445492,3.78,316015642,11601301,327616943,3.54
20180212,3654489862,138464636,3792954498,3.65,349708294,12326668,362034962,3.4
20180213,4604591251,180686511,4785277762,3.78,379873051,14259107,394132158,3.62
20180214,4624067321,176930358,4800997679,3.69,363518774,14304466,377823240,3.79
20180215,4520726853,173328193,4694055046,3.69,354198233,14154799,368353032,3.84
20180216,4420855045,170167280,4591022325,3.71,355588091,13767749,369355840,3.73
20180217,4144346166,158899203,4303245369,3.69,336024544,12884922,348909466,3.69
20180218,4481721250,163411394,4645132644,3.52,332768751,13174441,345943192,3.81
20180219,4603906793,168270558,4772177351,3.53,345512801,13770438,359283239,3.83
20180220,4542724845,172701518,4715426363,3.66,351094191,13550964,364645155,3.72
20180221,4673555879,176499101,4850054980,3.64,358236425,13621217,371857642,3.66
20180222,4795434195,175808896,4971243091,3.54,358717675,13478857,372196532,3.62
20180223,4701452882,164775789,4866228671,3.39,351709616,13588233,365297849,3.72
20180224,4479201502,157168374,4636369876,3.39,342487133,13806026,356293159,3.87
20180225,4487377019,153572121,4640949140,3.31,357312974,13825058,371138032,3.73
20180226,4967319792,161108700,5128428492,3.14,369660951,14263926,383924877,3.72
20180227,5158813945,168229558,5327043503,3.16,367325331,14222307,381547638,3.73
20180228,5116276974,189637359,5305914333,3.57,338879730,14288357,353168087,4.05
20180301,4894606751,174409954,5069016705,3.44,348176593,14687215,362863808,4.05
20180302,4684303675,168973440,4853277115,3.48,359963953,14256454,374220407,3.81
20180303,4422184387,158514472,4580698859,3.46,365569218,13686265,379255483,3.61
20180304,4489450987,158133351,4647584338,3.4,373149612,14108137,387257749,3.64
20180305,4794728098,155739238,4950467336,3.15,402373169,14542423,416915592,3.49
20180306,4794343512,162824447,4957167959,3.28,392831171,14142949,406974120,3.48
20180307,4777539390,177418877,4954958267,3.58,424937450,15279858,440217308,3.47
20180308,4721819615,185087943,4906907558,3.77,425776412,16591449,442367861,3.75
20180309,4615019121,164162235,4779181356,3.43,397982612,15361392,413344004,3.72
20180310,4415492201,162096760,4577588961,3.54,394154899,14820345,408975244,3.62
20180311,4359641887,169080242,4528722129,3.73,394706005,15103280,409809285,3.69
20180312,4637236742,174230453,4811467195,3.62,405951452,15698107,421649559,3.72
20180313,4793849359,180818615,4974667974,3.63,423181513,16119366,439300879,3.67
20180314,4793157596,183968262,4977125858,3.7,430067276,15923389,445990665,3.57
20180315,4792092004,183910174,4976002178,3.7,412951923,16020666,428972589,3.73
20180316,4747785592,184466880,4932252472,3.74,397520752,15622075,413142827,3.78
20180317,4415735457,178244792,4593980249,3.88,379972949,15873081,395846030,4.01
20180318,4422135725,198750517,4620886242,4.3,376127620,15481910,391609530,3.95
20180319,4661745452,186326164,4848071616,3.84,389379036,16062174,405441210,3.96
20180320,4912619675,187367908,5099987583,3.67,383228399,16279127,399507526,4.07
20180321,5245924862,207426451,5453351313,3.8,384520117,16647596,401167713,4.15
20180322,5269081425,188294924,5457376349,3.45,391055016,17099092,408154108,4.19
20180323,4730556015,189626560,4920182575,3.85,392035868,16792642,408828510,4.11
20180324,4375915070,172089262,4548004332,3.78,371919788,15245082,387164870,3.94
20180325,4354316294,180703625,4535019919,3.98,372282999,15300135,387583134,3.95
20180326,4674232794,167912154,4842144948,3.47,384194308,15778334,399972642,3.94
20180327,4713485789,170698344,4884184133,3.49,386108560,15679122,401787682,3.9
20180328,4670938208,176139906,4847078114,3.63,396949241,15796718,412745959,3.83
20180329,4724156352,183282426,4907438778,3.73,394024193,16105323,410129516,3.93
20180330,4550788370,185756680,4736545050,3.92,375649354,15426180,391075534,3.94
20180331,4441034814,177446002,4618480816,3.84,353965158,15405493,369370651,4.17
20180401,4420162752,197505061,4617667813,4.28,356397468,15040139,371437607,4.05
20180402,4612140403,197732681,4809873084,4.11,379798733,15329330,395128063,3.88
20180403,5000389809,207360297,5207750106,3.98,422126550,17038649,439165199,3.88
20180404,5320016166,218277746,5538293912,3.94,482227510,18334143,500561653,3.66
20180405,5362276528,224767062,5587043590,4.02,520070008,20231015,540301023,3.74
20180406,4950195663,212430401,5162626064,4.11,500298816,24405454,524704270,4.65
20180407,4359660768,214745712,4574406480,4.69,422510367,17733389,440243756,4.03
20180408,4355911358,237182886,4593094244,5.16,418683830,18505789,437189619,4.23
20180409,4688397947,218073339,4906471286,4.44,422808840,18795591,441604431,4.26
20180410,4918392125,212908655,5131300780,4.15,411331692,17676298,429007990,4.12
20180411,5399368196,212578388,5611946584,3.79,443074767,19324489,462399256,4.18
20180412,5171194496,212699851,5383894347,3.95,437801312,18654759,456456071,4.09
20180413,4793065958,216156275,5009222233,4.32,430962689,18614688,449577377,4.14
20180414,4406731684,220835026,4627566710,4.77,406585434,17734342,424319776,4.18
20180415,4231992064,218844921,4450836985,4.92,438444628,17905455,456350083,3.92
20180416,4547059525,200276032,4747335557,4.22,506129090,18654622,524783712,3.55
20180417,4577693385,198902588,4776595973,4.16,518191725,19021986,537213711,3.54
20180418,4562109231,193028295,4755137526,4.06,404427293,17641944,422069237,4.18
20180419,4885426852,208413202,5093840054,4.09,406573284,18365176,424938460,4.32
20180420,5195229122,206238266,5401467388,3.82,406079800,18058809,424138609,4.26
20180421,4939426231,198930319,5138356550,3.87,387479990,16903127,404383117,4.18
20180422,4912138056,209883201,5122021257,4.1,405679498,15997604,421677102,3.79
20180423,4867151626,201411292,5068562918,3.97,441657216,16699317,458356533,3.64
20180424,4789227220,203847298,4993074518,4.08,540511508,17660012,558171520,3.16
20180425,4742708845,202847495,4945556340,4.1,535244263,18026951,553271214,3.26
20180426,4774762858,195475351,4970238209,3.93,532728015,17576095,550304110,3.19
20180427,4817767052,197774249,5015541301,3.94,540637998,17178262,557816260,3.08
20180428,4497756212,200075418,4697831630,4.26,417833404,15837550,433670954,3.65
20180429,4371205969,209696616,4580902585,4.58,437624485,15431962,453056447,3.41
20180430,4536381555,195370911,4731752466,4.13,452370191,16239154,468609345,3.47
20180501,4799838627,195738234,4995576861,3.92,591081962,17101048,608183010,2.81
20180502,5167192039,215294114,5382486153,4.0,565018546,17414025,582432571,2.99
20180503,4986718136,212121342,5198839478,4.08,612815689,18815353,631631042,2.98
20180504,5041044754,221007099,5262051853,4.2,604070040,18684605,622754645,3.0
20180505,4197711994,210372438,4408084432,4.77,533067642,17971128,551038770,3.26
20180506,4216235741,210557179,4426792920,4.76,523209565,17946464,541156029,3.32
20180507,5002791255,208664805,5211456060,4.0,537110400,18666847,555777247,3.36
20180508,4593554930,221172518,4814727448,4.59,559407924,19165910,578573834,3.31
20180509,4601997140,228540947,4830538087,4.73,538044926,18578356,556623282,3.34
20180510,4523541346,242219873,4765761219,5.08,398353270,17557728,415910998,4.22
20180511,4469674440,237716098,4707390538,5.05,421869103,17688235,439557338,4.02
20180512,4410958798,264124617,4675083415,5.65,364685090,16532805,381217895,4.34
20180513,4657679998,259610588,4917290586,5.28,358286981,16705600,374992581,4.45
20180514,5177773339,281400897,5459174236,5.15,384435122,17472557,401907679,4.35
20180515,5248750901,291042456,5539793357,5.25,405687577,17834622,423522199,4.21
20180516,4986050125,301063651,5287113776,5.69,434840488,17310028,452150516,3.83
20180517,4972140990,299949348,5272090338,5.69,435721468,17107491,452828959,3.78
20180518,4764716808,199033936,4963750744,4.01,524730247,19724819,544455066,3.62
20180519,4541296221,205074352,4746370573,4.32,493711495,19572211,513283706,3.81
20180520,4422091840,192747386,4614839226,4.18,476654303,18208357,494862660,3.68
20180521,4702266702,213043864,4915310566,4.33,510293194,21202917,531496111,3.99
20180522,5021803762,271746066,5293549828,5.13,569892922,20120702,590013624,3.41
20180523,4839224496,260568256,5099792752,5.11,541120833,19176189,560297022,3.42
20180524,4055300980,197152591,4252453571,4.64,503139240,17686370,520825610,3.4
20180525,4280119057,136174918,4416293975,3.08,491046552,16457597,507504149,3.24
20180526,4943045122,258137404,5201182526,4.96,519262595,18602850,537865445,3.46
20180527,4746825148,239486880,4986312028,4.8,512385038,18116365,530501403,3.41
20180528,5152337351,253353132,5405690483,4.69,542522104,19180880,561702984,3.41
20180529,5350420032,261303249,5611723281,4.66,581676227,20886267,602562494,3.47
20180530,5289405569,249184438,5538590007,4.5,557439246,20294396,577733642,3.51
20180531,5520676000,266185123,5786861123,4.6,572571230,19403977,591975207,3.28
20180601,5499687559,258657005,5758344564,4.49,567544984,18348051,585893035,3.13
20180602,5251950276,248034495,5499984771,4.51,531509252,17512481,549021733,3.19
20180603,5330476010,247269658,5577745668,4.43,538808169,17371706,556179875,3.12
20180604,5777518859,254990199,6032509058,4.23,605548098,19274424,624822522,3.08
20180605,5806952009,267472453,6074424462,4.4,581292376,19637375,600929751,3.27
20180606,5671324223,268492750,5939816973,4.52,576100060,18883297,594983357,3.17
20180607,5533122568,243759904,5776882472,4.22,571162937,18254673,589417610,3.1
20180608,5676692782,261856122,5938548904,4.41,579157454,18857211,598014665,3.15
20180609,5275906145,261552708,5537458853,4.72,548843307,19130596,567973903,3.37
20180610,5109633263,263248036,5372881299,4.9,521434912,17765674,539200586,3.29
20180611,5395622068,263791376,5659413444,4.66,504385034,17974194,522359228,3.44
20180612,5475800938,243017012,5718817950,4.25,562979444,17914997,580894441,3.08
20180613,5018371572,224341525,5242713097,4.28,520551905,17930267,538482172,3.33
20180614,5151757532,253232300,5404989832,4.69,514882793,18035574,532918367,3.38
20180615,5099153775,244795283,5343949058,4.58,529275893,18159650,547435543,3.32
20180616,4867356842,234433950,5101790792,4.6,521404733,18288875,539693608,3.39
20180617,4983909058,256864735,5240773793,4.9,512939910,18565238,531505148,3.49
20180618,5277480301,268953722,5546434023,4.85,526770551,18418568,545189119,3.38
20180619,5305603354,256327067,5561930421,4.61,520611551,18647174,539258725,3.46
20180620,5332684575,248851423,5581535998,4.46,550279146,21229125,571508271,3.71
20180621,5186761903,224414568,5411176471,4.15,542670025,19312483,561982508,3.44
20180622,5261064170,253843049,5514907219,4.6,568695787,20261350,588957137,3.44
20180623,4655199460,237256847,4892456307,4.85,525200217,18591076,543791293,3.42
20180624,4490358892,250060330,4740419222,5.28,524469236,18831355,543300591,3.47
20180625,4762854952,225291092,4988146044,4.52,541771805,19285570,561057375,3.44
20180626,4990356277,271481005,5261837282,5.16,554891656,21500646,576392302,3.73
20180627,4964657900,269156580,5233814480,5.14,541673363,18470976,560144339,3.3
20180628,5047827169,246379738,5294206907,4.65,524896721,18276048,543172769,3.36
20180629,5581895892,285398150,5867294042,4.86,559093181,17953827,577047008,3.11
20180630,5278224989,300979831,5579204820,5.39,534986696,17690036,552676732,3.2
20180701,5076824284,285534741,5362359025,5.32,531868908,18031008,549899916,3.28
20180702,5648503663,302341010,5950844673,5.08,563802891,18312973,582115864,3.15
20180703,5797410742,322969779,6120380521,5.28,560262236,18317354,578579590,3.17
20180704,5523788572,271752067,5795540639,4.69,540391844,17861534,558253378,3.2
20180705,5742706087,268430852,6011136939,4.47,570984112,17841689,588825801,3.03
20180706,5625653375,285258480,5910911855,4.83,559793166,17783248,577576414,3.08
20180707,5165494311,269959411,5435453722,4.97,548574805,17943647,566518452,3.17
20180708,5041580673,261522274,5303102947,4.93,558100347,18367643,576467990,3.19
20180709,5578178913,282761359,5860940272,4.82,566827691,18441885,585269576,3.15
20180710,5690806514,290780895,5981587409,4.86,591103640,19510959,610614599,3.2
20180711,5719838097,283134174,6002972271,4.72,575862182,19996701,595858883,3.36
20180712,5715048366,289703251,6004751617,4.82,540382611,18914354,559296965,3.38
20180713,5570117268,282814632,5852931900,4.83,523691822,18670080,542361902,3.44
20180714,5227596354,271708586,5499304940,4.94,497839525,18189428,516028953,3.52
20180715,5090984964,261586211,5352571175,4.89,492345046,18618089,510963135,3.64
20180716,5597609322,285113514,5882722836,4.85,570941786,19555198,590496984,3.31
20180717,5684551555,279589277,5964140832,4.69,641843627,19642105,661485732,2.97
20180718,5668993827,279869945,5948863772,4.7,627852169,19434876,647287045,3.0
20180719,5701416362,292495042,5993911404,4.88,639153548,19565098,658718646,2.97
20180720,5573060868,291027165,5864088033,4.96,637516987,19438332,656955319,2.96
20180721,4885988567,262261573,5148250140,5.09,586299457,18312320,604611777,3.03
20180722,5048138627,269063366,5317201993,5.06,596415091,18561835,614976926,3.02
20180723,5741125919,296238456,6037364375,4.91,668722764,20054563,688777327,2.91
20180724,5732031949,293814182,6025846131,4.88,622045984,19976644,642022628,3.11
20180725,5789869020,295175330,6085044350,4.85,623655699,20199010,643854709,3.14
20180726,5704967463,305635637,6010603100,5.08,657284638,21055368,678340006,3.1
20180727,5609428233,310558368,5919986601,5.25,662093073,20956758,683049831,3.07
20180728,5551667940,316540634,5868208574,5.39,674255695,20359557,694615252,2.93
20180729,6242493405,363029246,6605522651,5.5,797179821,21063691,818243512,2.57
20180730,6906681309,396501538,7303182847,5.43,882847857,25355439,908203296,2.79
20180731,6886741187,397971519,7284712706,5.46,876831881,23070148,899902029,2.56
20180801,6898152755,385969074,7284121829,5.3,879370830,21982739,901353569,2.44
20180802,5824489418,335822944,6160312362,5.45,663497655,20807516,684305171,3.04
20180803,5329343077,265963594,5595306671,4.75,617056023,20458297,637514320,3.21
20180804,5090482836,251363104,5341845940,4.71,611855560,19990130,631845690,3.16
20180805,5126813270,266536893,5393350163,4.94,627135861,20207448,647343309,3.12
20180806,5358636085,269588650,5628224735,4.79,640319137,20618115,660937252,3.12
20180807,5378550123,276150602,5654700725,4.88,644363945,20599116,664963061,3.1
20180808,5898855613,293157113,6192012726,4.73,735873270,21524193,757397463,2.84
20180809,5388764378,279503076,5668267454,4.93,685673407,21148490,706821897,2.99
20180810,5389980661,277444279,5667424940,4.9,667727622,20955929,688683551,3.04
20180811,5108084832,275708793,5383793625,5.12,613654331,19870348,633524679,3.14
20180812,5079539527,270561684,5350101211,5.06,587361239,20125704,607486943,3.31
20180813,5477082976,289799771,5766882747,5.03,600472515,20017459,620489974,3.23
20180814,5521702802,295641044,5817343846,5.08,621615513,22048523,643664036,3.43
20180815,5509315116,280326516,5789641632,4.84,617586185,21002879,638589064,3.29
20180816,5629583390,285105988,5914689378,4.82,616574683,22018467,638593150,3.45
20180817,5539445394,269055497,5808500891,4.63,624352608,22458508,646811116,3.47
20180818,5226634168,254463962,5481098130,4.64,564459832,22674563,587134395,3.86
20180819,5195071956,265350818,5460422774,4.86,551558527,22529254,574087781,3.92
20180820,5631123923,274239057,5905362980,4.64,600239616,22965872,623205488,3.69
20180821,5617018454,279575005,5896593459,4.74,592366251,25140631,617506882,4.07
20180822,5514660465,272381998,5787042463,4.71,607398932,23508355,630907287,3.73
20180823,5771448024,307235394,6078683418,5.05,640161504,24109421,664270925,3.63
20180824,5618416995,284464540,5902881535,4.82,627003544,23405872,650409416,3.6
20180825,5430200499,279634115,5709834614,4.9,574824866,22624116,597448982,3.79
20180826,5352746190,282179602,5634925792,5.01,572003805,22031432,594035237,3.71
20180827,5805998932,297939577,6103938509,4.88,624053924,23175740,647229664,3.58
20180828,5864568815,300757727,6165326542,4.88,671285014,24660131,695945145,3.54
20180829,5848133637,295070756,6143204393,4.8,662516163,23866855,686383018,3.48
20180830,5821714144,297379911,6119094055,4.86,670249959,24185201,694435160,3.48
20180831,5669517897,278866926,5948384823,4.69,642388199,24118376,666506575,3.62
20180901,5335786130,268414612,5604200742,4.79,599992655,23705403,623698058,3.8
20180902,5332116946,265352809,5597469755,4.74,604183420,23334404,627517824,3.72
20180903,5823771571,274368133,6098139704,4.5,675341084,24530312,699871396,3.5
20180904,5623351790,273363217,5896715007,4.64,669112260,23453325,692565585,3.39
20180905,5562906200,275184401,5838090601,4.71,665551947,22262236,687814183,3.24
20180906,5598197680,275218414,5873416094,4.69,680450478,22595238,703045716,3.21
20180907,5666077157,290074121,5956151278,4.87,687943658,22691770,710635428,3.19
20180908,5296981771,280333545,5577315316,5.03,641237601,21630287,662867888,3.26
20180909,5220046310,281582505,5501628815,5.12,648654282,21922920,670577202,3.27
20180910,5670306689,299324073,5969630762,5.01,684101466,23243293,707344759,3.29
20180911,5823759985,308320435,6132080420,5.03,699151958,24285363,723437321,3.36
20180912,6128396504,318837570,6447234074,4.95,685218818,24133662,709352480,3.4
20180913,6142520301,320967560,6463487861,4.97,638804231,24556548,663360779,3.7
20180914,5954476574,325305767,6279782341,5.18,645977408,24152413,670129821,3.6
20180915,5544291384,313215060,5857506444,5.35,612948963,23686377,636635340,3.72
20180916,5689883119,312849376,6002732495,5.21,608572254,23155959,631728213,3.67
20180917,6008358096,323672603,6332030699,5.11,645123875,24250747,669374622,3.62
20180918,6150925616,327444185,6478369801,5.05,671608121,25410354,697018475,3.65
20180919,6132949911,333229310,6466179221,5.15,666755061,26341465,693096526,3.8
20180920,6377130702,325616158,6702746860,4.86,660835767,26298160,687133927,3.83
20180921,6687184242,325920577,7013104819,4.65,801898833,28697464,830596297,3.46
20180922,6428368381,297146628,6725515009,4.42,801054787,26107578,827162365,3.16
20180923,6169841400,305287595,6475128995,4.71,796908193,29754181,826662374,3.6
20180924,5858519309,278044330,6136563639,4.53,685579102,25457540,711036642,3.58
20180925,6479329088,293518322,6772847410,4.33,730670390,27234883,757905273,3.59
20180926,6404470224,289541015,6694011239,4.33,733633421,27447348,761080769,3.61
20180927,6459135152,293298078,6752433230,4.34,722970504,27480078,750450582,3.66
20180928,6229879555,292538201,6522417756,4.49,745839703,28316103,774155806,3.66
20180929,5980931265,292577178,6273508443,4.66,707563108,26471459,734034567,3.61
20180930,5775376272,297763275,6073139547,4.9,704443922,27333376,731777298,3.74
20181001,6044185276,286968107,6331153383,4.53,704864480,26853868,731718348,3.67
20181002,5969007724,296640160,6265647884,4.73,719061878,27078183,746140061,3.63
20181003,6090183455,281072894,6371256349,4.41,738491962,26538674,765030636,3.47
20181004,5951004317,274819105,6225823422,4.41,710828225,27248831,738077056,3.69
20181005,5856971453,280657023,6137628476,4.57,701513971,27401686,728915657,3.76
20181006,5524046296,284479686,5808525982,4.9,667029466,26729062,693758528,3.85
20181007,5382445460,297442249,5679887709,5.24,673391664,27481203,700872867,3.92
20181008,5517579092,268214861,5785793953,4.64,727874643,29669241,757543884,3.92
20181009,5754157328,311217045,6065374373,5.13,745666491,30310751,775977242,3.91
20181010,6039420262,327957289,6367377551,5.15,728084929,27840844,755925773,3.68
20181011,6083099654,327888367,6410988021,5.11,737131147,27788725,764919872,3.63
20181012,6147054602,336025971,6483080573,5.18,741197970,27869593,769067563,3.62
20181013,5712748002,309496068,6022244070,5.14,714069903,26986778,741056681,3.64
20181014,5628204179,291349487,5919553666,4.92,707415125,25594061,733009186,3.49
20181015,6048085809,303708273,6351794082,4.78,758105322,27090453,785195775,3.45
20181016,6071630131,310957923,6382588054,4.87,756521126,27307519,783828645,3.48
20181017,6068085926,311809576,6379895502,4.89,768353113,28208226,796561339,3.54
20181018,6152296137,309619707,6461915844,4.79,744362248,27826497,772188745,3.6
20181019,6029798193,306291488,6336089681,4.83,757133566,27102654,784236220,3.46
20181020,5596641269,310950948,5907592217,5.26,739130620,28962413,768093033,3.77
20181021,5446209303,280869874,5727079177,4.9,697938928,26788599,724727527,3.7
20181022,5904866481,288588560,6193455041,4.66,748958284,27485152,776443436,3.54
20181023,6085206513,324538131,6409744644,5.06,748772865,28009643,776782508,3.61
20181024,5956957456,298769095,6255726551,4.78,712321994,30178026,742500020,4.06
20181025,5836102468,296702235,6132804703,4.84,716674569,27780756,744455325,3.73
20181026,5762784700,298627300,6061412000,4.93,750292044,28911213,779203257,3.71
20181027,5411407117,266639153,5678046270,4.7,678941065,25760243,704701308,3.66
20181028,5311320594,263558783,5574879377,4.73,670945565,26019638,696965203,3.73
20181029,5895661265,294196063,6189857328,4.75,745990707,28731247,774721954,3.71
20181030,6380601855,345393124,6725994979,5.14,787346590,31339926,818686516,3.83
20181031,5953885861,308137019,6262022880,4.92,764843015,33393490,798236505,4.18
20181101,5850637610,306705085,6157342695,4.98,763365020,34121024,797486044,4.28
20181102,5865039123,310618473,6175657596,5.03,813019547,35258146,848277693,4.16
20181103,5656890228,312620644,5969510872,5.24,748439597,34091778,782531375,4.36
20181104,5690363760,303432409,5993796169,5.06,745785643,33343337,779128980,4.28
20181105,6012097181,320513734,6332610915,5.06,780592945,36489647,817082592,4.47
20181106,5959028632,315864338,6274892970,5.03,808669476,36430611,845100087,4.31
20181107,5999280357,309375838,6308656195,4.9,796265036,34571519,830836555,4.16
20181108,5970328619,318931084,6289259703,5.07,769342985,35912409,805255394,4.46
20181109,5975777314,321042781,6296820095,5.1,759973805,38088840,798062645,4.77
20181110,5422367469,291778658,5714146127,5.11,698703808,35532618,734236426,4.84
20181111,4748298938,248373997,4996672935,4.97,654053914,32927591,686981505,4.79
20181112,4467774222,211545166,4679319388,4.52,641865260,30188539,672053799,4.49
20181113,6124058638,333994134,6458052772,5.17,785718102,38779056,824497158,4.7
20181114,6072875335,346139067,6419014402,5.39,743861151,38332541,782193692,4.9
20181115,6053454109,330192455,6383646564,5.17,750940237,40900931,791841168,5.17
20181116,6072428236,342353703,6414781939,5.34,827385062,40786429,868171491,4.7
20181117,5709941359,323733955,6033675314,5.37,759282655,38871428,798154083,4.87
20181118,5684006798,314411585,5998418383,5.24,755324917,39198446,794523363,4.93
20181119,6049539806,334201199,6383741005,5.24,811585885,40294477,851880362,4.73
20181120,6206571568,286326518,6492898086,4.41,924947743,44140609,969088352,4.55
20181121,5823967774,267376801,6091344575,4.39,839385290,44256529,883641819,5.01
20181122,5768229742,251431241,6019660983,4.18,804320607,42432964,846753571,5.01
20181123,5703392474,269792020,5973184494,4.52,821169118,43702980,864872098,5.05
20181124,5435952016,258860164,5694812180,4.55,799075523,42360514,841436037,5.03
20181125,5446575888,277354514,5723930402,4.85,795313678,43001236,838314914,5.13
20181126,5761703375,258161603,6019864978,4.29,849484223,45067014,894551237,5.04
20181127,5839933224,242918955,6082852179,3.99,935239612,63910483,999150095,6.4
20181128,5903361167,251825347,6155186514,4.09,1047976858,82609352,1130586210,7.31
20181129,5978886744,262810289,6241697033,4.21,877252012,45305410,922557422,4.91
20181130,6011108933,264643796,6275752729,4.22,1017186205,90849212,1108035417,8.2
20181201,5774788673,251631407,6026420080,4.18,977107406,81394683,1058502089,7.69
20181202,5787308403,256822855,6044131258,4.25,954657952,78286604,1032944556,7.58
20181203,6135371605,254145935,6389517540,3.98,1012219262,79996276,1092215538,7.32
20181204,6155067111,267489040,6422556151,4.16,998683288,84460622,1083143910,7.8
20181205,6241514449,274255681,6515770130,4.21,962746002,77711429,1040457431,7.47
20181206,6573043985,417393740,6990437725,5.97,832987979,54063071,887051050,6.09
20181207,6497869075,491256779,6989125854,7.03,790402675,50275954,840678629,5.98
20181208,6087244841,480504919,6567749760,7.32,732887433,47334605,780222038,6.07
20181209,6048692148,454043917,6502736065,6.98,715074735,48376867,763451602,6.34
20181210,6541575255,429206147,6970781402,6.16,775651127,54327153,829978280,6.55
20181211,6713720960,442857691,7156578651,6.19,852141703,63821254,915962957,6.97
20181212,6593202467,421043687,7014246154,6.0,823718199,56206144,879924343,6.39
20181213,6597590680,409943619,7007534299,5.85,789469243,52544073,842013316,6.24
20181214,6498107480,403111505,6901218985,5.84,795105130,60545059,855650189,7.08
20181215,6378827435,419343266,6798170701,6.17,740496073,50868912,791364985,6.43
20181216,6321215139,401151924,6722367063,5.97,747488208,54823244,802311452,6.83
20181217,6669477798,425667316,7095145114,6.0,805552769,63658907,869211676,7.32
20181218,6697261560,422287876,7119549436,5.93,817506371,64040846,881547217,7.26
20181219,6706082794,428832526,7134915320,6.01,829407075,64152459,893559534,7.18
20181220,6730234708,435321610,7165556318,6.08,827488843,66652771,894141614,7.45
20181221,6683477709,432538918,7116016627,6.08,820870874,62062081,882932955,7.03
20181222,6286553738,422288045,6708841783,6.29,764365529,60559799,824925328,7.34
20181223,6155708109,421898758,6577606867,6.41,766489555,63108446,829598001,7.61
20181224,6305193688,438490993,6743684681,6.5,791620172,64822014,856442186,7.57
20181225,6192692577,423678883,6616371460,6.4,772199856,63970571,836170427,7.65
20181226,6384845766,441187289,6826033055,6.46,812919105,67167565,880086670,7.63
20181227,6423261409,441061673,6864323082,6.43,813444938,69036850,882481788,7.82
20181228,6117560426,438476577,6556037003,6.69,817949675,68997470,886947145,7.78
20181229,5811175324,434975135,6246150459,6.96,781854127,66060636,847914763,7.79
20181230,5793294118,426217428,6219511546,6.85,763580732,64057366,827638098,7.74
20181231,6004617402,451113257,6455730659,6.99,799506608,69875103,869381711,8.04
20190101,5833135639,419523908,6252659547,6.71,786101683,69222619,855324302,8.09
20190102,6163335340,433035475,6596370815,6.56,862650362,70347042,932997404,7.54
20190103,6263591099,436697862,6700288961,6.52,865497338,68857024,934354362,7.37
20190104,6233306406,439679184,6672985590,6.59,850450857,70504182,920955039,7.66
20190105,5705246303,424026476,6129272779,6.92,812979319,68704268,881683587,7.79
20190106,5643712880,422264960,6065977840,6.96,812350368,67546482,879896850,7.68
20190107,6030338686,437394514,6467733200,6.76,877083063,73370488,950453551,7.72
20190108,6418552984,459722155,6878275139,6.68,892827329,71358369,964185698,7.4
20190109,6393790318,453483772,6847274090,6.62,858342681,70647046,928989727,7.6
20190110,6647948644,446255174,7094203818,6.29,885780200,75648839,961429039,7.87
20190111,6679891099,460758230,7140649329,6.45,873660512,70341469,944001981,7.45
20190112,6425079187,429571662,6854650849,6.27,834358566,73471720,907830286,8.09
20190113,6479474652,440659796,6920134448,6.37,841115714,77872762,918988476,8.47
20190114,6990970636,483144528,7474115164,6.46,954295092,93029305,1047324397,8.88
20190115,6851405914,461105886,7312511800,6.31,898209726,80249377,978459103,8.2
20190116,6667543052,328844236,6996387288,4.7,909324207,89622665,998946872,8.97
20190117,6787863256,369661256,7157524512,5.16,891464938,92277821,983742759,9.38
20190118,6558597597,333158851,6891756448,4.83,890923090,85540787,976463877,8.76
20190119,6303707961,319504570,6623212531,4.82,867576153,84850192,952426345,8.91
20190120,6329607674,338006171,6667613845,5.07,848975802,84075670,933051472,9.01
20190121,6640038929,333588449,6973627378,4.78,873949367,89383302,963332669,9.28
20190122,6560417521,330212049,6890629570,4.79,876113779,89505188,965618967,9.27
20190123,6846954663,443015979,7289970642,6.08,951007600,104436892,1055444492,9.9
20190124,6969494734,469352187,7438846921,6.31,881335416,92014177,973349593,9.45
20190125,7124785829,505590602,7630376431,6.63,916171955,98361644,1014533599,9.7
20190126,6777111803,499127000,7276238803,6.86,884146819,105013036,989159855,10.62
20190127,6634354748,453216539,7087571287,6.39,849590034,94949726,944539760,10.05
20190128,6955833162,505414972,7461248134,6.77,913114656,104206053,1017320709,10.24
20190129,6849589471,486256880,7335846351,6.63,923778087,98040032,1021818119,9.59
20190130,6862545088,512676653,7375221741,6.95,951951266,105716332,1057667598,10.0
20190131,7036324959,536868232,7573193191,7.09,923902074,105881692,1029783766,10.28
20190201,7295708878,583050089,7878758967,7.4,936321164,92934374,1029255538,9.03
20190202,6828422251,552824653,7381246904,7.49,866182561,90718517,956901078,9.48
20190203,6734240093,544648068,7278888161,7.48,856998122,94717066,951715188,9.95
20190204,7048947590,564904124,7613851714,7.42,890548356,97348737,987897093,9.85
20190205,6758021460,576558058,7334579518,7.86,949183187,102662157,1051845344,9.76
20190206,6634441798,552164530,7186606328,7.68,882190432,78976791,961167223,8.22
20190207,6847152760,555147564,7402300324,7.5,755499358,37092107,792591465,4.68
20190208,6831204332,541497370,7372701702,7.34,746349974,37944675,784294649,4.84
20190209,6324519552,523833906,6848353458,7.65,717112995,37771576,754884571,5.0
20190210,6326522657,507492608,6834015265,7.43,726392746,37766432,764159178,4.94
20190211,6712067660,508998267,7221065927,7.05,771784456,38344738,810129194,4.73
20190212,6720724970,436680861,7157405831,6.1,764546234,38467468,803013702,4.79
20190213,6679838160,431225400,7111063560,6.06,783500690,38659855,822160545,4.7
20190214,6691703955,439747368,7131451323,6.17,751562439,38200970,789763409,4.84
20190215,6679858774,423131608,7102990382,5.96,768269723,38344740,806614463,4.75
20190216,6258439274,411313349,6669752623,6.17,710942909,37048116,747991025,4.95
20190217,6261533002,397368615,6658901617,5.97,715846768,37650039,753496807,5.0
20190218,6700973103,424380014,7125353117,5.96,760770881,38619746,799390627,4.83
20190219,6849341343,442147962,7291489305,6.06,800256893,42903980,843160873,5.09
20190220,6665822348,367589810,7033412158,5.23,1182758512,165025684,1347784196,12.24
20190221,6565944019,367263556,6933207575,5.3,1129312853,160938555,1290251408,12.47
20190222,6537828513,343531502,6881360015,4.99,1128454451,159358419,1287812870,12.37
20190223,6318712281,330369189,6649081470,4.97,1122334273,160928240,1283262513,12.54
20190224,6342840595,328707381,6671547976,4.93,1120854769,162104327,1282959096,12.64
20190225,6930616870,428941558,7359558428,5.83,1150141606,159873350,1310014956,12.2
20190226,6997706957,466590837,7464297794,6.25,1153482243,157019073,1310501316,11.98
20190227,6928840617,411639042,7340479659,5.61,1124939292,152997995,1277937287,11.97
20190228,6639891831,314997411,6954889242,4.53,1154397255,169103517,1323500772,12.78
20190301,6696854528,317101712,7013956240,4.52,1146499769,169417843,1315917612,12.87
20190302,6418541722,315826490,6734368212,4.69,1112744194,163441269,1276185463,12.81
20190303,6393424374,313029453,6706453827,4.67,1106600029,163519190,1270119219,12.87
20190304,6822128880,317161690,7139290570,4.44,1136471417,157922023,1294393440,12.2
20190305,6936324123,333997687,7270321810,4.59,1177130566,181048227,1358178793,13.33
20190306,6982961994,322740441,7305702435,4.42,1182243399,172440723,1354684122,12.73
20190307,6974605923,320582946,7295188869,4.39,1190303228,164580092,1354883320,12.15
20190308,6950222429,332055726,7282278155,4.56,1203759206,179182702,1382941908,12.96
20190309,6592318756,323226093,6915544849,4.67,1139662299,170385974,1310048273,13.01
20190310,6608421921,329165233,6937587154,4.74,1142617912,177807420,1320425332,13.47
20190311,7006289813,333159600,7339449413,4.54,1198180495,175087885,1373268380,12.75
20190312,6809261093,326248875,7135509968,4.57,1200064465,181086690,1381151155,13.11
20190313,7129962141,334315758,7464277899,4.48,1196624042,176822642,1373446684,12.87
20190314,7049529311,331074088,7380603399,4.49,1189627136,174926706,1364553842,12.82
20190315,7006080062,342707384,7348787446,4.66,1175830221,161893683,1337723904,12.1
20190316,6606390993,342678288,6949069281,4.93,1136172801,174674500,1310847301,13.33
20190317,6673171359,348274122,7021445481,4.96,1126265151,174030139,1300295290,13.38
20190318,7526900955,496374730,8023275685,6.19,1143560278,171161074,1314721352,13.02
20190319,7811571216,496558705,8308129921,5.98,1162112322,177362098,1339474420,13.24
20190320,7759385907,527113246,8286499153,6.36,1158235053,168394185,1326629238,12.69
20190321,7694750012,533237559,8227987571,6.48,1157930072,167159067,1325089139,12.61
20190322,7374497636,471321882,7845819518,6.01,1079260968,132945053,1212206021,10.97
20190323,6504594356,438630660,6943225016,6.32,981153075,103442359,1084595434,9.54
20190324,6466415962,435452094,6901868056,6.31,998180664,103254877,1101435541,9.37
20190325,6988226815,456699335,7444926150,6.13,1049799750,98382949,1148182699,8.57
20190326,7173004532,468325122,7641329654,6.13,1041035921,71597157,1112633078,6.43
20190327,7158747277,468245206,7626992483,6.14,1040253335,68603658,1108856993,6.19
20190328,7181117636,477860139,7658977775,6.24,1061555770,72139671,1133695441,6.36
20190329,7088780127,487519655,7576299782,6.43,1062443556,71101848,1133545404,6.27
20190330,6442283061,477226637,6919509698,6.9,1013706495,71892169,1085598664,6.62
20190331,6575550010,487236765,7062786775,6.9,998642681,70963571,1069606252,6.63
20190401,7065037943,491326885,7556364828,6.5,1032732955,71240946,1103973901,6.45
20190402,7155031816,487148482,7642180298,6.37,1036962073,71636955,1108599028,6.46
20190403,7175434510,486312899,7661747409,6.35,1030202916,73640840,1103843756,6.67
20190404,7325948184,508510099,7834458283,6.49,1028143633,73378370,1101522003,6.66
20190405,7318745180,519302679,7838047859,6.63,1030756784,73063919,1103820703,6.62
20190406,6778923953,509544462,7288468415,6.99,975498143,73418998,1048917141,7.0
20190407,6712176165,498228271,7210404436,6.91,955431506,70195126,1025626632,6.84
20190408,7251338853,504846427,7756185280,6.51,986878096,69880038,1056758134,6.61
20190409,7391342906,537607049,7928949955,6.78,1013215000,71195390,1084410390,6.57
20190410,7752696640,559764571,8312461211,6.73,1079204850,75710436,1154915286,6.56
20190411,7359227558,529523984,7888751542,6.71,1081292703,69891337,1151184040,6.07
20190412,7510839285,561641034,8072480319,6.96,1088966858,63745062,1152711920,5.53
20190413,7007958255,540141719,7548099974,7.16,1113567672,68848802,1182416474,5.82
20190414,6970757966,549831041,7520589007,7.31,1111240302,68980173,1180220475,5.84
20190415,7442528838,579765305,8022294143,7.23,1134297556,70110696,1204408252,5.82
20190416,7321877376,538479326,7860356702,6.85,1070601551,71274197,1141875748,6.24
20190417,7129181757,547414531,7676596288,7.13,1110471882,69177146,1179649028,5.86
20190418,7305193406,599007466,7904200872,7.58,1123143213,71843143,1194986356,6.01
20190419,7181382452,548619879,7730002331,7.1,1202354604,73572358,1275926962,5.77
20190420,6914455851,558698672,7473154523,7.48,1202358417,73929841,1276288258,5.79
20190421,7101044809,662611181,7763655990,8.53,1220936243,77875456,1298811699,6.0
20190422,7428969695,633565586,8062535281,7.86,1210027672,68119626,1278147298,5.33
20190423,7501816049,615751471,8117567520,7.59,1189834513,72153814,1261988327,5.72
20190424,7557590311,610580669,8168170980,7.48,1191011634,72704987,1263716621,5.75
20190425,7556254418,604770877,8161025295,7.41,1201098047,72194395,1273292442,5.67
20190426,7769473294,675515093,8444988387,8.0,1231370654,73111460,1304482114,5.6
20190427,7342048597,662317517,8004366114,8.27,1215096547,73726959,1288823506,5.72
20190428,7303758597,640930423,7944689020,8.07,1175352008,68229898,1243581906,5.49
20190429,7714696324,667572041,8382268365,7.96,1253213176,69842011,1323055187,5.28
20190430,7865811132,669528007,8535339139,7.84,1269904764,74613790,1344518554,5.55
20190501,7244619184,644517532,7889136716,8.17,1300884764,72782581,1373667345,5.3
20190502,7369397578,662092920,8031490498,8.24,1289126100,71874901,1361001001,5.28
20190503,7336271572,660987593,7997259165,8.27,1293068191,71968002,1365036193,5.27
20190504,6937607462,663269254,7600876716,8.73,1173850421,74878259,1248728680,6.0
20190505,6768562116,645069475,7413631591,8.7,1150803014,74544305,1225347319,6.08
20190506,7309512897,654460695,7963973592,8.22,1185533767,72387516,1257921283,5.75
20190507,7496939935,658410272,8155350207,8.07,1244410975,75705068,1320116043,5.73
20190508,7462819355,662526094,8125345449,8.15,1214428752,74944217,1289372969,5.81
20190509,7327607594,663083397,7990690991,8.3,1205175166,73923150,1279098316,5.78
20190510,7369552700,662936088,8032488788,8.25,1199224406,75546132,1274770538,5.93
20190511,6969301991,644726679,7614028670,8.47,1164280986,71601130,1235882116,5.79
20190512,6994054725,660027685,7654082410,8.62,1165423911,75295622,1240719533,6.07
20190513,7478318281,668047346,8146365627,8.2,1220623783,74883510,1295507293,5.78
20190514,7584972212,679798190,8264770402,8.23,1251805592,73604044,1325409636,5.55
20190515,7920188644,694417346,8614605990,8.06,1300050681,75874477,1375925158,5.51
20190516,7592908489,688966506,8281874995,8.32,1258694095,75361101,1334055196,5.65
20190517,7588623077,679560606,8268183683,8.22,1286639500,76446713,1363086213,5.61
20190518,7061577788,642869208,7704446996,8.34,1246498846,74877282,1321376128,5.67
20190519,7107968651,626631778,7734600429,8.1,1264523470,73233154,1337756624,5.47
20190520,7569209235,694221332,8263430567,8.4,1319867229,74467750,1394334979,5.34
20190521,7175011610,638532718,7813544328,8.17,1346831286,82974332,1429805618,5.8
20190522,7681102160,639589666,8320691826,7.69,1369950780,98145863,1468096643,6.69
20190523,7910286686,707306783,8617593469,8.21,1418555526,95822399,1514377925,6.33
20190524,8033923823,790230503,8824154326,8.96,1363452658,92678278,1456130936,6.36
20190525,7528814006,767774942,8296588948,9.25,1303675919,92165943,1395841862,6.6
20190526,7388835025,738579699,8127414724,9.09,1314342170,89398630,1403740800,6.37
20190527,7875382400,760712834,8636095234,8.81,1380933372,85612785,1466546157,5.84
20190528,8077226276,772478468,8849704744,8.73,1473126798,85309512,1558436310,5.47
20190529,8504195456,824146628,9328342084,8.83,1415804086,76174805,1491978891,5.11
20190530,8391282438,822585829,9213868267,8.93,1411274295,72677987,1483952282,4.9
20190531,8084759586,797540612,8882300198,8.98,1286912164,81052483,1367964647,5.93
20190601,7547569998,767346735,8314916733,9.23,1273731549,75112737,1348844286,5.57
20190602,7288973749,749358128,8038331877,9.32,1239455861,75652644,1315108505,5.75
20190603,7899703493,763068776,8662772269,8.81,1310687461,73440414,1384127875,5.31
20190604,8200687018,768109915,8968796933,8.56,1433579022,76846255,1510425277,5.09
20190605,8514230322,787346646,9301576968,8.46,1375488372,81244146,1456732518,5.58
20190606,8621798522,792094037,9413892559,8.41,1354748602,77382286,1432130888,5.4
20190607,8163020161,704831538,8867851699,7.95,1325874099,81062933,1406937032,5.76
20190608,7201729947,597728455,7799458402,7.66,1246517165,83689074,1330206239,6.29
20190609,7103731396,613989772,7717721168,7.96,1214403675,83627508,1298031183,6.44
20190610,7678166453,632311926,8310478379,7.61,1299783024,83385065,1383168089,6.03
20190611,7950376351,599975803,8550352154,7.02,1297404541,83936661,1381341202,6.08
20190612,7948788325,565286487,8514074812,6.64,1291879890,78624119,1370504009,5.74
20190613,8054496810,583386021,8637882831,6.75,1305916822,80593890,1386510712,5.81
20190614,7934486013,566343222,8500829235,6.66,1307272657,82939045,1390211702,5.97
20190615,7379091462,543680219,7922771681,6.86,1258456261,79824677,1338280938,5.96
20190616,7397111365,547214512,7944325877,6.89,1233898700,80986026,1314884726,6.16
20190617,7833428001,587951935,8421379936,6.98,1251175400,80802019,1331977419,6.07
20190618,7940156995,604463283,8544620278,7.07,1213092937,83094191,1296187128,6.41
20190619,8010676218,599024545,8609700763,6.96,1277945295,84391068,1362336363,6.19
20190620,8188450405,600096633,8788547038,6.83,1348322501,82261835,1430584336,5.75
20190621,8179044022,576386132,8755430154,6.58,1356306445,85066031,1441372476,5.9
20190622,7038389423,424156446,7462545869,5.68,1216287975,80325491,1296613466,6.2
20190623,6984651209,418545524,7403196733,5.65,1244544344,80909891,1325454235,6.1
20190624,7709640078,489870129,8199510207,5.97,1336548809,87611892,1424160701,6.15
20190625,7865277277,579560171,8444837448,6.86,1353712434,81326803,1435039237,5.67
20190626,7600007427,561874977,8161882404,6.88,1346578765,104339475,1450918240,7.19
20190627,7364183249,442375188,7806558437,5.67,1355553777,101852124,1457405901,6.99
20190628,7295040978,410802194,7705843172,5.33,1393272980,110454946,1503727926,7.35
20190629,6832612103,402638739,7235250842,5.56,1324623962,106436052,1431060014,7.44
20190630,6807432076,396675947,7204108023,5.51,1279411471,110014543,1389426014,7.92
20190701,7385495819,388018056,7773513875,4.99,1379867291,103831801,1483699092,7.0
20190702,7560255294,404525133,7964780427,5.08,1381499192,120910243,1502409435,8.05
20190703,7749539306,431773462,8181312768,5.28,1310236286,107631015,1417867301,7.59
20190704,7571872782,479424460,8051297242,5.95,1279618117,105205814,1384823931,7.6
20190705,7722818800,470197160,8193015960,5.74,1273018634,109689883,1382708517,7.93
20190706,7488130173,455840915,7943971088,5.74,1237301674,109580841,1346882515,8.14
20190707,6889863434,453396972,7343260406,6.17,1196588256,103082691,1299670947,7.93
20190708,7473705558,497319834,7971025392,6.24,1347649680,104179514,1451829194,7.18
20190709,7513528308,472458726,7985987034,5.92,1285481526,110931678,1396413204,7.94
20190710,7676319903,483019506,8159339409,5.92,1296680361,103473092,1400153453,7.39
20190711,7318473673,482840104,7801313777,6.19,1236900682,101616591,1338517273,7.59
20190712,7342894399,482899224,7825793623,6.17,1278976736,109396927,1388373663,7.88
20190713,6838693754,459940096,7298633850,6.3,1167256628,98892692,1266149320,7.81
20190714,6765140679,440114244,7205254923,6.11,1171121297,101037241,1272158538,7.94
20190715,7282950416,467686139,7750636555,6.03,1285110818,106085676,1391196494,7.63
20190716,7542418277,474684117,8017102394,5.92,1332055440,106057889,1438113329,7.37
20190717,7646283576,508430664,8154714240,6.23,1334898742,119640523,1454539265,8.23
20190718,7466654563,494042243,7960696806,6.21,1281425387,109433780,1390859167,7.87
20190719,7317248670,501623129,7818871799,6.42,1290241089,109917355,1400158444,7.85
20190720,6960846767,495023663,7455870430,6.64,1253640596,112072586,1365713182,8.21
20190721,6858611757,465447251,7324059008,6.36,1233322049,107577506,1340899555,8.02
20190722,7396824688,479886697,7876711385,6.09,1301437678,111502935,1412940613,7.89
20190723,7609240169,488753768,8097993937,6.04,1350510747,109781792,1460292539,7.52
20190724,7586638284,491221593,8077859877,6.08,1373234545,113240946,1486475491,7.62
20190725,7868032671,564325233,8432357904,6.69,1346399598,104395151,1450794749,7.2
20190726,7870704354,561176943,8431881297,6.66,1364147241,107675303,1471822544,7.32
20190727,7097729008,491148604,7588877612,6.47,1293277730,105761303,1399039033,7.56
20190728,7032130818,468776510,7500907328,6.25,1228213901,99666478,1327880379,7.51
20190729,7481473372,457580249,7939053621,5.76,1354415848,109389070,1463804918,7.47
20190730,7659384148,443196829,8102580977,5.47,1611192676,228473473,1839666149,12.42
20190731,7638821589,394077152,8032898741,4.91,1571881620,225540368,1797421988,12.55
20190801,7148845393,375456994,7524302387,4.99,1587999483,225853512,1813852995,12.45
20190802,7162356299,384846273,7547202572,5.1,1672642517,247749777,1920392294,12.9
20190803,7203715653,404630034,7608345687,5.32,1565271587,223726672,1788998259,12.51
20190804,7313423160,512872124,7826295284,6.55,1592119315,223423954,1815543269,12.31
20190805,7683369618,520787034,8204156652,6.35,1647115214,245440957,1892556171,12.97
20190806,7801651497,512346637,8313998134,6.16,1682424156,239482741,1921906897,12.46
20190807,7661275640,494120769,8155396409,6.06,1689353830,263585917,1952939747,13.5
20190808,8038582757,580082489,8618665246,6.73,1651868830,246478734,1898347564,12.98
20190809,7986091512,536629045,8522720557,6.3,1625747203,217944041,1843691244,11.82
20190810,7051133287,389633737,7440767024,5.24,1553626551,220222582,1773849133,12.41
20190811,7007706073,389817240,7397523313,5.27,1562835849,254386140,1817221989,14.0
20190812,7514789739,418176368,7932966107,5.27,1662671379,267841933,1930513312,13.87
20190813,7869108767,539230884,8408339651,6.41,1690055629,250201242,1940256871,12.9
20190814,8486299445,738351888,9224651333,8.0,1784290500,259172052,2043462552,12.68
20190815,9922786529,914066767,10836853296,8.43,2305203645,391328472,2696532117,14.51
20190816,9657919131,865808211,10523727342,8.23,2206613340,364796818,2571410158,14.19
20190817,7572272623,710824361,8283096984,8.58,1647043006,270853495,1917896501,14.12
20190818,7394674440,698599771,8093274211,8.63,1587503234,258880317,1846383551,14.02
20190819,7928097003,703467119,8631564122,8.15,1669193195,264457776,1933650971,13.68
20190820,8135778726,737505240,8873283966,8.31,1735827990,273109738,2008937728,13.59
20190821,8112613345,703542552,8816155897,7.98,1725583728,287264336,2012848064,14.27
20190822,8204807688,713909139,8918716827,8.0,1717657272,280380777,1998038049,14.03
20190823,8001558287,705015623,8706573910,8.1,1775161821,284839275,2060001096,13.83
20190824,7013526296,558712548,7572238844,7.38,1583802085,213486453,1797288538,11.88
20190825,7013801045,555771695,7569572740,7.34,1593067462,215677181,1808744643,11.92
20190826,7739134709,610131918,8349266627,7.31,1644102773,218353280,1862456053,11.72
20190827,7464659773,564347495,8029007268,7.03,1664036540,224957931,1888994471,11.91
20190828,7651785305,548905390,8200690695,6.69,1636576269,206112630,1842688899,11.19
20190829,7903520973,507632843,8411153816,6.04,1651071313,214858414,1865929727,11.51
20190830,7866199397,535597288,8401796685,6.37,1646822198,208906406,1855728604,11.26
20190831,7331414249,509276548,7840690797,6.5,1560061845,208797291,1768859136,11.8
20190901,7320139308,528763774,7848903082,6.74,1533764208,208896098,1742660306,11.99
20190902,7827478311,532236668,8359714979,6.37,1622580540,212596058,1835176598,11.58
20190903,7813266358,530584286,8343850644,6.36,1618390194,208911402,1827301596,11.43
20190904,7523686487,534681002,8058367489,6.64,1613825648,219514709,1833340357,11.97
20190905,7773776956,525413166,8299190122,6.33,1587872746,224170057,1812042803,12.37
20190906,7903586324,550979186,8454565510,6.52,1623118007,229057997,1852176004,12.37
20190907,7559105815,515308451,8074414266,6.38,1570390471,217164663,1787555134,12.15
20190908,7908720376,572432264,8481152640,6.75,1623745981,220894956,1844640937,11.97
20190909,7916759369,537482746,8454242115,6.36,1612204717,220377355,1832582072,12.03
20190910,7359197430,474332567,7833529997,6.06,1554620521,214361438,1768981959,12.12
20190911,7125824610,399705088,7525529698,5.31,1587804475,221462308,1809266783,12.24
20190912,7560951396,649901204,8210852600,7.92,1570945815,205770654,1776716469,11.58
20190913,7522081764,723358154,8245439918,8.77,1603799938,225108330,1828908268,12.31
20190914,7232473382,703550179,7936023561,8.87,1574196025,217950218,1792146243,12.16
20190915,7211133852,690770441,7901904293,8.74,1555547418,216638256,1772185674,12.22
20190916,7710581131,716094299,8426675430,8.5,1646262656,224379880,1870642536,11.99
20190917,8059968527,762784737,8822753264,8.65,1708413245,235053248,1943466493,12.09
20190918,8168455037,846382320,9014837357,9.39,1758947967,262398023,2021345990,12.98
20190919,7891699021,819209478,8710908499,9.4,1770895809,256449974,2027345783,12.65
20190920,8296226747,798231490,9094458237,8.78,1780057044,257393800,2037450844,12.63
20190921,7692642177,715827077,8408469254,8.51,1674503977,250209343,1924713320,13.0
20190922,7535773971,647427736,8183201707,7.91,1664533696,246883310,1911417006,12.92
20190923,8116427000,723483781,8839910781,8.18,1729776462,247761570,1977538032,12.53
20190924,8555989420,827800767,9383790187,8.82,1734893839,252280852,1987174691,12.7
20190925,9849760949,993346986,10843107935,9.16,1737299967,256766486,1994066453,12.88
20190926,9927348992,1011557605,10938906597,9.25,1736545830,246164036,1982709866,12.42
20190927,9572594480,921733662,10494328142,8.78,1693075564,246404366,1939479930,12.7
20190928,9444867868,957086324,10401954192,9.2,1658653083,244888349,1903541432,12.86
20190929,9211240880,923029594,10134270474,9.11,1636000244,211129671,1847129915,11.43
20190930,9424755186,839896501,10264651687,8.18,1603474913,180758013,1784232926,10.13
20191001,9329996290,816556802,10146553092,8.05,1699413634,231249253,1930662887,11.98
20191002,9162029094,855323655,10017352749,8.54,1872744007,308318966,2181062973,14.14
20191003,9214961809,880158465,10095120274,8.72,2006344684,347841353,2354186037,14.78
20191004,9701189085,909814963,10611004048,8.57,1857643732,303870166,2161513898,14.06
20191005,9644592438,947247730,10591840168,8.94,1798669028,316721405,2115390433,14.97
20191006,9683122468,911318200,10594440668,8.6,1753603029,280568663,2034171692,13.79
20191007,10132197205,952735595,11084932800,8.59,1834352845,289208305,2123561150,13.62
20191008,9665000385,936385493,10601385878,8.83,1808217604,269952091,2078169695,12.99
20191009,9716827353,951747933,10668575286,8.92,1899112759,317879900,2216992659,14.34
20191010,9778572474,943559667,10722132141,8.8,1879482643,323002602,2202485245,14.67
20191011,9951617983,985451087,10937069070,9.01,2122449517,403204014,2525653531,15.96
20191012,9187310284,925757880,10113068164,9.15,1818219367,326524009,2144743376,15.22
20191013,8837765254,880582383,9718347637,9.06,1772715938,311314332,2084030270,14.94
20191014,9577193713,914963572,10492157285,8.72,1807725919,317125604,2124851523,14.92
20191015,10403491054,1096298911,11499789965,9.53,1741650143,313765286,2055415429,15.27
20191016,10190381244,991518011,11181899255,8.87,1849708684,342048780,2191757464,15.61
20191017,10843521817,1100412062,11943933879,9.21,1908688743,366104309,2274793052,16.09
20191018,12511027931,1372145328,13883173259,9.88,2365179928,420200013,2785379941,15.09
20191019,10931656908,1057598731,11989255639,8.82,1898745769,361578696,2260324465,16.0
20191020,10820509366,1045050407,11865559773,8.81,1860189576,361051938,2221241514,16.25
20191021,11304445195,1079400908,12383846103,8.72,1939091099,377678460,2316769559,16.3
20191022,10886637965,1093643255,11980281220,9.13,1948566598,380761219,2329327817,16.35
20191023,10696864232,1087832755,11784696987,9.23,1881002204,341219519,2222221723,15.35
20191024,10870267302,1056234761,11926502063,8.86,1929744440,364434257,2294178697,15.89
20191025,10871233137,1075535853,11946768990,9.0,1906123006,356163808,2262286814,15.74
20191026,9879381890,1052072964,10931454854,9.62,1812180339,352277403,2164457742,16.28
20191027,9691730241,1061907644,10753637885,9.87,1766811098,344239843,2111050941,16.31
20191028,10339222788,1057583611,11396806399,9.28,1938387553,374293848,2312681401,16.18
20191029,10619005737,1062575981,11681581718,9.1,1811265405,327912563,2139177968,15.33
20191030,10431399439,1085489989,11516889428,9.43,1438178824,156339447,1594518271,9.8
20191031,10748291145,1153376488,11901667633,9.69,1740330009,273590495,2013920504,13.58
20191101,9603070533,930901592,10533972125,8.84,1794157830,330126728,2124284558,15.54
20191102,9103091721,937110089,10040201810,9.33,1743519818,341058281,2084578099,16.36
20191103,9940896197,1033197249,10974093446,9.41,1666843357,323597174,1990440531,16.26
20191104,10249000848,1111111827,11360112675,9.78,1703174758,327630999,2030805757,16.13
20191105,9347228465,867932926,10215161391,8.5,1772638265,330613857,2103252122,15.72
20191106,10402845190,990600827,11393446017,8.69,1719674826,276829045,1996503871,13.87
