#date,queriesUDP_IPV4,queriesTCP_IPv4,queriesTOTAL_IPv4,ratioTCP_IPv4,queriesUDP_IPV6,queriesTCP_IPv6,queriesTOTAL_IPv6,ratioTCP_IPv6
20150317,1546351716,4962633,1551314349,0.32,142503643,216404,142720047,0.15
20150318,2949053082,10696188,2959749270,0.36,245710591,423205,246133796,0.17
20150319,2527767261,7899262,2535666523,0.31,227925045,345532,228270577,0.15
20150320,2370141735,7520263,2377661998,0.32,221875464,340790,222216254,0.15
20150321,2107879180,7159375,2115038555,0.34,206524511,340145,206864656,0.16
20150322,2218582298,7149458,2225731756,0.32,210941998,324997,211266995,0.15
20150323,2449753417,7654922,2457408339,0.31,222201152,349573,222550725,0.16
20150324,2403034485,7781115,2410815600,0.32,221543511,348238,221891749,0.16
20150325,2780093981,11304497,2791398478,0.4,279314023,567091,279881114,0.2
20150326,2461322322,7742410,2469064732,0.31,226470438,362452,226832890,0.16
20150327,2366718992,7747007,2374465999,0.33,225447392,340277,225787669,0.15
20150328,2260278609,7602707,2267881316,0.34,211648374,335150,211983524,0.16
20150329,2084536895,6998714,2091535609,0.33,207243759,328971,207572730,0.16
20150330,2529472351,7354419,2536826770,0.29,220939681,356177,221295858,0.16
20150331,2527857940,7789208,2535647148,0.31,223659142,352807,224011949,0.16
20150401,2450533811,7592201,2458126012,0.31,222201768,345610,222547378,0.16
20150402,2391097083,7430756,2398527839,0.31,216510299,355484,216865783,0.16
20150403,2284998461,7585272,2292583733,0.33,218356417,336841,218693258,0.15
20150404,2107973495,7157145,2115130640,0.34,203445967,330036,203776003,0.16
20150405,2014433504,7307684,2021741188,0.36,203236395,327632,203564027,0.16
20150406,2319105891,7798754,2326904645,0.34,211016336,345552,211361888,0.16
20150407,2564035624,8443934,2572479558,0.33,225177521,357476,225534997,0.16
20150408,2707213345,9482378,2716695723,0.35,232389239,359100,232748339,0.15
20150409,2652313669,9330416,2661644085,0.35,226591413,349357,226940770,0.15
20150410,2529927819,8708211,2538636030,0.34,223332685,352009,223684694,0.16
20150411,2244891110,8346211,2253237321,0.37,214448735,337913,214786648,0.16
20150412,2217390886,8011021,2225401907,0.36,211739865,345478,212085343,0.16
20150413,2518547267,9460089,2528007356,0.37,220869415,358403,221227818,0.16
20150414,2571370750,9230411,2580601161,0.36,230219990,358100,230578090,0.16
20150415,2634271968,9221041,2643493009,0.35,230686070,371692,231057762,0.16
20150416,2548712352,8938522,2557650874,0.35,224313842,360287,224674129,0.16
20150417,2448322142,9211205,2457533347,0.37,225481965,353327,225835292,0.16
20150418,2215501044,7434084,2222935128,0.33,223445334,341113,223786447,0.15
20150419,2285480909,7111071,2292591980,0.31,212957210,343225,213300435,0.16
20150420,2613489809,8370530,2621860339,0.32,225213110,357393,225570503,0.16
20150421,2687432382,8523121,2695955503,0.32,233837855,365484,234203339,0.16
20150422,2700220433,8887857,2709108290,0.33,233363326,369070,233732396,0.16
20150423,2663962864,10485368,2674448232,0.39,234100822,380751,234481573,0.16
20150424,2496696640,8975207,2505671847,0.36,226965431,360429,227325860,0.16
20150425,2174427064,8463093,2182890157,0.39,217883874,339284,218223158,0.16
20150426,2166258943,8229403,2174488346,0.38,215613353,338450,215951803,0.16
20150427,2615573365,8799435,2624372800,0.34,228109739,360882,228470621,0.16
20150428,2647777180,8822780,2656599960,0.33,227785084,364415,228149499,0.16
20150429,2655624855,8791031,2664415886,0.33,235100256,358387,235458643,0.15
20150430,2524397544,8796472,2533194016,0.35,230225299,373435,230598734,0.16
20150501,2359262212,8085573,2367347785,0.34,225093572,341278,225434850,0.15
20150502,2204091195,8044666,2212135861,0.36,218665097,325700,218990797,0.15
20150503,2133659702,8104564,2141764266,0.38,212634443,326715,212961158,0.15
20150504,2505356302,8683007,2514039309,0.35,232133100,353594,232486694,0.15
20150505,2681622800,9209872,2690832672,0.34,236332905,372849,236705754,0.16
20150506,2680686896,8961962,2689648858,0.33,233495854,373801,233869655,0.16
20150507,2588630736,9180537,2597811273,0.35,231441120,369413,231810533,0.16
20150508,2546927531,9255128,2556182659,0.36,227953261,327637,228280898,0.14
20150509,2289179035,9203642,2298382677,0.4,217944932,317925,218262857,0.15
20150510,2238765175,9871824,2248636999,0.44,216500139,335004,216835143,0.15
20150511,2472556066,9165431,2481721497,0.37,228711537,360597,229072134,0.16
20150512,2669697936,9084814,2678782750,0.34,227886684,367682,228254366,0.16
20150513,3091033022,8818164,3099851186,0.28,230409925,361046,230770971,0.16
20150514,4461290152,17514856,4478805008,0.39,309396934,693798,310090732,0.22
20150515,2948471033,10850738,2959321771,0.37,267352243,484405,267836648,0.18
20150516,2335582428,8780417,2344362845,0.37,216518798,338293,216857091,0.16
20150517,2356305535,8315830,2364621365,0.35,218357133,347154,218704287,0.16
20150518,2875491801,8998161,2884489962,0.31,234938019,370387,235308406,0.16
20150519,2899313403,9057967,2908371370,0.31,236669826,368757,237038583,0.16
20150520,3198253097,9129523,3207382620,0.28,232229893,382643,232612536,0.16
20150521,3018527814,9104311,3027632125,0.3,237057697,389482,237447179,0.16
20150522,2716551133,8941346,2725492479,0.33,230269163,377014,230646177,0.16
20150523,2195221710,8386603,2203608313,0.38,209694455,358662,210053117,0.17
20150524,2072543804,8258388,2080802192,0.4,213379764,364235,213743999,0.17
20150525,2439629211,8656413,2448285624,0.35,217480467,394115,217874582,0.18
20150526,2571766102,8969076,2580735178,0.35,215979979,405748,216385727,0.19
20150527,2506476256,9010460,2515486716,0.36,211643841,391467,212035308,0.18
20150528,2486109850,8789090,2494898940,0.35,206961511,371698,207333209,0.18
20150529,2259839275,7921386,2267760661,0.35,193889812,362689,194252501,0.19
20150530,1948317169,7372625,1955689794,0.38,178498407,341201,178839608,0.19
20150531,1853056595,7284535,1860341130,0.39,185303707,333891,185637598,0.18
20150601,2110680413,7586500,2118266913,0.36,196065524,350118,196415642,0.18
20150602,2047549322,7177707,2054727029,0.35,193098466,366946,193465412,0.19
20150603,1968955659,6898012,1975853671,0.35,194039593,361722,194401315,0.19
20150604,1917858754,6752321,1924611075,0.35,192352084,338543,192690627,0.18
20150605,1865754365,6820370,1872574735,0.36,191640282,330093,191970375,0.17
20150606,1660464569,6046961,1666511530,0.36,175636980,305158,175942138,0.17
20150607,1703048849,6347631,1709396480,0.37,176937171,309291,177246462,0.17
20150608,2294694569,6898793,2301593362,0.3,187976536,343690,188320226,0.18
20150609,2860620731,7293020,2867913751,0.25,190661372,337788,190999160,0.18
20150610,2505540463,7160442,2512700905,0.28,193659327,331265,193990592,0.17
20150611,1910436267,7144105,1917580372,0.37,190193241,322607,190515848,0.17
20150612,2289952747,7182102,2297134849,0.31,189380768,317843,189698611,0.17
20150613,1639663689,6708287,1646371976,0.41,173579890,299890,173879780,0.17
20150614,1636448453,7012364,1643460817,0.43,173075298,292488,173367786,0.17
20150615,2335095016,7078673,2342173689,0.3,181111479,323041,181434520,0.18
20150616,2000218275,7455937,2007674212,0.37,196365060,347099,196712159,0.18
20150617,2238989549,7997420,2246986969,0.36,212798795,333727,213132522,0.16
20150618,2090942639,7432013,2098374652,0.35,205766412,329061,206095473,0.16
20150619,1729364350,5803137,1735167487,0.33,189060463,293482,189353945,0.15
20150620,1540340991,5360391,1545701382,0.35,174388553,272495,174661048,0.16
20150621,1531270188,5603961,1536874149,0.36,174704509,276759,174981268,0.16
20150622,1792792572,6004467,1798797039,0.33,186212565,310895,186523460,0.17
20150623,1849313478,6953219,1856266697,0.37,200537648,332786,200870434,0.17
20150624,1814356716,6748780,1821105496,0.37,219948918,303758,220252676,0.14
20150625,1815644154,6803155,1822447309,0.37,216918323,316095,217234418,0.15
20150626,2520985626,10545195,2531530821,0.42,209769599,333694,210103293,0.16
20150629,2576216807,8697980,2584914787,0.34,204824347,331349,205155696,0.16
20150630,2655012293,9075795,2664088088,0.34,209062857,350243,209413100,0.17
20150701,2584086957,8832512,2592919469,0.34,211587744,346683,211934427,0.16
20150702,2578636143,9341484,2587977627,0.36,211958878,331078,212289956,0.16
20150703,3146667091,11892296,3158559387,0.38,234567586,430507,234998093,0.18
20150704,3785036976,14906532,3799943508,0.39,261756155,550453,262306608,0.21
20150705,2471151020,9616484,2480767504,0.39,200857417,344543,201201960,0.17
20150706,2502593658,10049364,2512643022,0.4,205841353,346928,206188281,0.17
20150707,2648676237,9381379,2658057616,0.35,208625865,349480,208975345,0.17
20150708,2704078596,9671489,2713750085,0.36,210806064,352421,211158485,0.17
20150709,2595759526,9374136,2605133662,0.36,208835055,342407,209177462,0.16
20150710,2760931144,8147322,2769078466,0.29,205204281,344492,205548773,0.17
20150711,2371487820,8390437,2379878257,0.35,187875136,324237,188199373,0.17
20150712,2269637431,8044743,2277682174,0.35,188874156,324649,189198805,0.17
20150713,2460868819,9058248,2469927067,0.37,205950360,349625,206299985,0.17
20150714,2491166300,8530002,2499696302,0.34,208674292,344265,209018557,0.16
20150715,2726546704,8476072,2735022776,0.31,212502016,351273,212853289,0.17
20150716,2681390131,8908957,2690299088,0.33,207026496,354233,207380729,0.17
20150717,2374528432,8561258,2383089690,0.36,182158729,294700,182453429,0.16
20150718,2089540035,8964330,2098504365,0.43,186999616,333464,187333080,0.18
20150719,2194300189,8843901,2203144090,0.4,187639285,333311,187972596,0.18
20150720,2602977601,10195371,2613172972,0.39,248869234,359102,249228336,0.14
20150721,2530648477,10257133,2540905610,0.4,229650234,394863,230045097,0.17
20150722,2428522726,10132722,2438655448,0.42,218284698,376363,218661061,0.17
20150723,2571159204,9639533,2580798737,0.37,209412388,366639,209779027,0.17
20150724,2485749570,10207084,2495956654,0.41,201230380,358921,201589301,0.18
20150725,2051086672,9570572,2060657244,0.46,184038458,350784,184389242,0.19
20150726,2130718073,9099261,2139817334,0.43,184944516,348466,185292982,0.19
20150727,2828577230,10766990,2839344220,0.38,204908412,374052,205282464,0.18
20150728,2735494429,13251861,2748746290,0.48,213573795,378675,213952470,0.18
20150729,2457526569,11750666,2469277235,0.48,206069134,372738,206441872,0.18
20150730,2433282921,11579284,2444862205,0.47,206261233,353511,206614744,0.17
20150731,2532580713,10818561,2543399274,0.43,209126821,362395,209489216,0.17
20150801,2227052671,9988317,2237040988,0.45,192550035,343951,192893986,0.18
20150802,2148450263,10498081,2158948344,0.49,191802415,351295,192153710,0.18
20150803,2484270524,11663985,2495934509,0.47,208393226,377301,208770527,0.18
20150804,2689513943,11566287,2701080230,0.43,211504652,390923,211895575,0.18
20150805,2783346781,12511515,2795858296,0.45,208419060,380210,208799270,0.18
20150806,2714964969,12944723,2727909692,0.47,208743003,384163,209127166,0.18
20150807,2606151010,12515791,2618666801,0.48,199547502,373503,199921005,0.19
20150808,2327211715,13040709,2340252424,0.56,184896278,368003,185264281,0.2
20150809,2257507522,11471127,2268978649,0.51,183519338,366983,183886321,0.2
20150810,2569565084,13268440,2582833524,0.51,202723791,388468,203112259,0.19
20150811,2669672842,12817101,2682489943,0.48,228162140,385706,228547846,0.17
20150812,2720279975,11257322,2731537297,0.41,210399559,383139,210782698,0.18
20150813,2624293005,11824920,2636117925,0.45,202344522,366155,202710677,0.18
20150814,2674680740,11406199,2686086939,0.42,203710743,374546,204085289,0.18
20150815,2270479646,10988245,2281467891,0.48,188039779,365106,188404885,0.19
20150816,2368283612,11501971,2379785583,0.48,184475543,355446,184830989,0.19
20150817,3009770091,12449985,3022220076,0.41,202749648,387430,203137078,0.19
20150818,2669636799,12245636,2681882435,0.46,203689779,395570,204085349,0.19
20150819,2656664612,12479386,2669143998,0.47,211096725,405252,211501977,0.19
20150820,2809695688,12350666,2822046354,0.44,207234638,411217,207645855,0.2
20150821,2721485339,12363301,2733848640,0.45,201942270,397310,202339580,0.2
20150822,2347274020,12535360,2359809380,0.53,186751142,380303,187131445,0.2
20150823,2273181131,12085209,2285266340,0.53,185312276,372874,185685150,0.2
20150824,2748320684,12096206,2760416890,0.44,203644765,390519,204035284,0.19
20150825,2656134181,12904721,2669038902,0.48,196603333,339030,196942363,0.17
20150826,2662061399,12941453,2675002852,0.48,207084668,379630,207464298,0.18
20150827,2700386222,12477404,2712863626,0.46,209230414,424930,209655344,0.2
20150828,2810467725,12762749,2823230474,0.45,201507043,417140,201924183,0.21
20150829,2597690178,12678505,2610368683,0.49,188915664,385353,189301017,0.2
20150830,2344274174,12471098,2356745272,0.53,186410043,390519,186800562,0.21
20150831,2719391930,14163264,2733555194,0.52,206325663,420464,206746127,0.2
20150901,3018303336,14385404,3032688740,0.47,212227384,429343,212656727,0.2
20150902,3013170067,15338437,3028508504,0.51,212265442,404997,212670439,0.19
20150903,2837273146,16264129,2853537275,0.57,212864339,418547,213282886,0.2
20150904,2696725425,14510683,2711236108,0.54,205812723,429248,206241971,0.21
20150905,2544192503,14559999,2558752502,0.57,187316120,390518,187706638,0.21
20150906,2558656238,13858823,2572515061,0.54,189608149,396117,190004266,0.21
20150907,2897474631,15379820,2912854451,0.53,205971839,407264,206379103,0.2
20150908,2971656228,16104844,2987761072,0.54,212877444,425005,213302449,0.2
20150909,3158518573,17797523,3176316096,0.56,214353800,430144,214783944,0.2
20150910,3149867510,17693311,3167560821,0.56,214661835,435548,215097383,0.2
20150911,2820939694,16705240,2837644934,0.59,214985727,430966,215416693,0.2
20150912,2855305564,14977597,2870283161,0.52,197159383,382014,197541397,0.19
20150913,2782835339,14048342,2796883681,0.5,193034012,387004,193421016,0.2
20150914,2810086003,15373891,2825459894,0.54,207585230,434359,208019589,0.21
20150915,2897167415,15646986,2912814401,0.54,218175112,454480,218629592,0.21
20150916,2996618973,15069129,3011688102,0.5,219017429,432140,219449569,0.2
20150917,2990469524,15824294,3006293818,0.53,221179550,467408,221646958,0.21
20150918,2737612869,15023058,2752635927,0.55,216251439,482789,216734228,0.22
20150919,2433746915,14104886,2447851801,0.58,204303824,463817,204767641,0.23
20150920,2666018892,14038365,2680057257,0.52,203688483,461851,204150334,0.23
20150921,2926379292,15129505,2941508797,0.51,220547034,503941,221050975,0.23
20150922,2873726488,15723886,2889450374,0.54,225960156,516461,226476617,0.23
20150923,2838387817,15588867,2853976684,0.55,227030162,489008,227519170,0.21
20150924,3005783541,15763599,3021547140,0.52,233804181,488759,234292940,0.21
20150925,3078397887,15202193,3093600080,0.49,233644224,479692,234123916,0.2
20150926,2551438955,14326600,2565765555,0.56,207236089,445039,207681128,0.21
20150927,2628969056,14062082,2643031138,0.53,207691030,452478,208143508,0.22
20150928,3181496336,15425349,3196921685,0.48,233741614,486017,234227631,0.21
20150929,3206259875,16195209,3222455084,0.5,228721625,493106,229214731,0.22
20150930,3176316157,13670003,3189986160,0.43,230091907,488099,230580006,0.21
20151001,3198360368,11827761,3210188129,0.37,235384244,476160,235860404,0.2
20151002,3152819277,10910495,3163729772,0.34,223939676,449675,224389351,0.2
20151003,2825273384,9587918,2834861302,0.34,210135579,402141,210537720,0.19
20151004,2672652274,9467726,2682120000,0.35,211756576,416241,212172817,0.2
20151005,3188945025,11169088,3200114113,0.35,225188368,451343,225639711,0.2
20151006,3227979415,10013930,3237993345,0.31,232211072,495681,232706753,0.21
20151007,3202303222,9882679,3212185901,0.31,229251831,501271,229753102,0.22
20151008,3206209878,10242130,3216452008,0.32,226274533,506319,226780852,0.22
20151009,3207197780,11129863,3218327643,0.35,229501460,501589,230003049,0.22
20151010,3023359169,13528590,3036887759,0.45,214845602,467079,215312681,0.22
20151011,2853632451,15196691,2868829142,0.53,212863028,456210,213319238,0.21
20151012,3117945633,10866892,3128812525,0.35,228503356,499447,229002803,0.22
20151013,3150514220,16469582,3166983802,0.52,232885048,520687,233405735,0.22
20151014,3207612136,18602852,3226214988,0.58,231558846,520840,232079686,0.22
20151015,3268962899,15994556,3284957455,0.49,232786031,498896,233284927,0.21
20151016,3163535959,14637309,3178173268,0.46,231208595,519949,231728544,0.22
20151017,2739457520,10503401,2749960921,0.38,216062739,480859,216543598,0.22
20151018,2723857855,9696019,2733553874,0.35,212751058,465685,213216743,0.22
20151019,3234829371,11141099,3245970470,0.34,234328392,528016,234856408,0.22
20151020,3335365091,11293037,3346658128,0.34,238885692,540763,239426455,0.23
20151021,3446441410,10913748,3457355158,0.32,236606051,522346,237128397,0.22
20151022,3524489508,11267016,3535756524,0.32,244765800,520916,245286716,0.21
20151023,3381587316,10187848,3391775164,0.3,239599089,582478,240181567,0.24
20151024,2880867271,15567394,2896434665,0.54,225406596,451658,225858254,0.2
20151025,2821474807,13611942,2835086749,0.48,225057387,522034,225579421,0.23
20151026,3244272744,12363302,3256636046,0.38,243484784,599766,244084550,0.25
20151027,3216729077,11585483,3228314560,0.36,252471661,804311,253275972,0.32
20151028,3234964097,11793493,3246757590,0.36,256486695,891854,257378549,0.35
20151029,3153707810,11883425,3165591235,0.38,243953693,929559,244883252,0.38
20151030,3103505638,11370476,3114876114,0.37,240601157,777808,241378965,0.32
20151031,2799513348,10751011,2810264359,0.38,219618147,815857,220434004,0.37
20151101,2792903564,12530811,2805434375,0.45,220704781,780488,221485269,0.35
20151102,3263764631,16303706,3280068337,0.5,236530323,880317,237410640,0.37
20151103,3394051315,18176305,3412227620,0.53,238829948,754237,239584185,0.31
20151104,3567130850,18440322,3585571172,0.51,238304236,712451,239016687,0.3
20151105,3946035593,18557848,3964593441,0.47,242449324,689990,243139314,0.28
20151106,3474315060,17780616,3492095676,0.51,241786196,669489,242455685,0.28
20151107,3287169534,17150438,3304319972,0.52,222269693,598936,222868629,0.27
20151108,3260632954,17190401,3277823355,0.52,224136792,620904,224757696,0.28
20151109,3515876859,18187240,3534064099,0.51,238276688,673604,238950292,0.28
20151110,3602097416,18031418,3620128834,0.5,242859263,668391,243527654,0.27
20151111,3738475238,18757472,3757232710,0.5,245032251,656473,245688724,0.27
20151112,3820835237,16565902,3837401139,0.43,245361087,648895,246009982,0.26
20151113,3502311361,15744238,3518055599,0.45,247491770,645244,248137014,0.26
20151114,3180415383,16980362,3197395745,0.53,233342081,591171,233933252,0.25
20151115,3426316807,16560267,3442877074,0.48,230394382,587744,230982126,0.25
20151116,3895545610,18265891,3913811501,0.47,250907159,621086,251528245,0.25
20151117,3671060575,17946146,3689006721,0.49,253512376,609787,254122163,0.24
20151118,3677766206,17941532,3695707738,0.49,266077824,630220,266708044,0.24
20151119,3703008715,17789229,3720797944,0.48,264106832,623769,264730601,0.24
20151120,3820400265,16482065,3836882330,0.43,259879238,746814,260626052,0.29
20151121,3563782930,17825211,3581608141,0.5,223074238,596470,223670708,0.27
20151122,3456456572,17144363,3473600935,0.49,218441340,591684,219033024,0.27
20151123,3840386033,17730594,3858116627,0.46,240153514,615180,240768694,0.26
20151124,3993658528,17190129,4010848657,0.43,248771744,648137,249419881,0.26
20151125,3721604996,17022098,3738627094,0.46,246782410,759043,247541453,0.31
20151126,3561390849,16474538,3577865387,0.46,240424346,970025,241394371,0.4
20151127,3561755996,16808291,3578564287,0.47,240556352,927652,241484004,0.38
20151128,3429607793,14947345,3444555138,0.43,227052537,894378,227946915,0.39
20151129,3572704271,11947484,3584651755,0.33,229202472,919043,230121515,0.4
20151130,13929574574,12285935,13941860509,0.09,241388418,829981,242218399,0.34
20151201,7696716157,13149405,7709865562,0.17,249077886,753036,249830922,0.3
20151202,3753991636,12624246,3766615882,0.34,259460210,553733,260013943,0.21
20151203,3806361734,14719848,3821081582,0.39,252349606,534216,252883822,0.21
20151204,3836459922,13571616,3850031538,0.35,252475611,553565,253029176,0.22
20151205,3424507831,12125192,3436633023,0.35,231179159,529511,231708670,0.23
20151206,3535800567,11498047,3547298614,0.32,229700474,537608,230238082,0.23
20151207,3837798851,11967162,3849766013,0.31,248386140,513143,248899283,0.21
20151208,3730682077,12074153,3742756230,0.32,252831101,564581,253395682,0.22
20151209,3934612888,13763027,3948375915,0.35,258687417,554527,259241944,0.21
20151210,4304287330,14336171,4318623501,0.33,261573932,556847,262130779,0.21
20151211,4329291445,12801272,4342092717,0.29,257036145,580700,257616845,0.23
20151212,3926469492,12290481,3938759973,0.31,235058174,526181,235584355,0.22
20151213,3788461220,13676578,3802137798,0.36,233263038,564665,233827703,0.24
20151214,4373819297,15375987,4389195284,0.35,257608589,575264,258183853,0.22
20151215,4439139337,14933864,4454073201,0.34,258733768,661356,259395124,0.25
20151216,4348802454,13833397,4362635851,0.32,262610096,589649,263199745,0.22
20151217,4675254830,13610796,4688865626,0.29,261906616,532124,262438740,0.2
20151218,7257948290,26137624,7284085914,0.36,255943858,1315931,257259789,0.51
20151219,3084340887,32676286,3117017173,1.05,234902154,1237614,236139768,0.52
20151220,2970118480,37916741,3008035221,1.26,231554027,1461518,233015545,0.63
20151221,3276877081,60606808,3337483889,1.82,248463045,1560438,250023483,0.62
20151222,3147252152,33244589,3180496741,1.05,249341831,1374939,250716770,0.55
20151223,3054883955,33035076,3087919031,1.07,248585436,1492476,250077912,0.6
20151224,2912576182,31441057,2944017239,1.07,235908435,1131673,237040108,0.48
20151225,2609877522,28360977,2638238499,1.07,219907635,1023415,220931050,0.46
20151226,2693786387,31314047,2725100434,1.15,222195737,1040284,223236021,0.47
20151227,2713723468,29290173,2743013641,1.07,225238623,1062810,226301433,0.47
20151228,3096411932,35551702,3131963634,1.14,241475012,1159816,242634828,0.48
20151229,3013890002,36992565,3050882567,1.21,241127695,1372868,242500563,0.57
20151230,2997023446,32270950,3029294396,1.07,232944879,1122838,234067717,0.48
20151231,3155693628,35983033,3191676661,1.13,230923419,981335,231904754,0.42
20160101,2766729707,35346561,2802076268,1.26,223189422,1158354,224347776,0.52
20160102,2784538044,32680395,2817218439,1.16,221353850,1151639,222505489,0.52
20160103,2724522948,29810492,2754333440,1.08,223390772,1334126,224724898,0.59
20160104,3172906929,33631317,3206538246,1.05,240724479,1395873,242120352,0.58
20160105,3182187845,34828344,3217016189,1.08,244153836,1501327,245655163,0.61
20160106,3149470531,31947973,3181418504,1.0,244610689,1313513,245924202,0.53
20160107,3302150194,38633530,3340783724,1.16,254656247,2716000,257372247,1.06
20160108,3263950153,34733866,3298684019,1.05,248056506,1246353,249302859,0.5
20160109,3059390650,38999837,3098390487,1.26,238435810,1286295,239722105,0.54
20160110,2905437432,34767843,2940205275,1.18,234731264,1310463,236041727,0.56
20160111,3325241607,41346832,3366588439,1.23,256205282,2565408,258770690,0.99
20160112,3346606565,40996361,3387602926,1.21,259074454,1954222,261028676,0.75
20160113,3238348972,40577785,3278926757,1.24,254875823,2341896,257217719,0.91
20160114,3346156246,42794659,3388950905,1.26,249081926,1474949,250556875,0.59
20160115,3139771446,44114255,3183885701,1.39,238072590,1199252,239271842,0.5
20160116,2780801330,50032629,2830833959,1.77,224637230,1258152,225895382,0.56
20160117,2756519166,49353534,2805872700,1.76,224490243,1378107,225868350,0.61
20160118,3148602682,58616298,3207218980,1.83,249626895,3447534,253074429,1.36
20160119,3198626450,50547745,3249174195,1.56,247062055,1735499,248797554,0.7
20160120,3242286742,39604716,3281891458,1.21,238832247,919730,239751977,0.38
20160121,4161154454,18977952,4180132406,0.45,249137169,601962,249739131,0.24
20160122,3855659142,20250712,3875909854,0.52,244481936,561854,245043790,0.23
20160123,3347731217,18648322,3366379539,0.55,231824277,545204,232369481,0.23
20160124,3331545898,19887619,3351433517,0.59,239317581,575806,239893387,0.24
20160125,4059269782,22710599,4081980381,0.56,251196795,591316,251788111,0.23
20160126,4097292256,26282636,4123574892,0.64,264955460,565900,265521360,0.21
20160127,4037670523,18765026,4056435549,0.46,263760843,560221,264321064,0.21
20160128,4167045910,18148134,4185194044,0.43,255201356,562016,255763372,0.22
20160129,4102864356,19709564,4122573920,0.48,253320845,593566,253914411,0.23
20160130,3682396009,18742624,3701138633,0.51,237822206,555223,238377429,0.23
20160131,3664262185,18218822,3682481007,0.49,237189055,553829,237742884,0.23
20160201,4377030953,19258573,4396289526,0.44,257064677,597183,257661860,0.23
20160202,4303001680,18758774,4321760454,0.43,260442803,609420,261052223,0.23
20160203,4349914794,16981386,4366896180,0.39,265162788,578940,265741728,0.22
20160204,4320601782,17547509,4338149291,0.4,260851286,590888,261442174,0.23
20160205,4348625278,16229710,4364854988,0.37,266039555,586269,266625824,0.22
20160206,3876717839,14319231,3891037070,0.37,246927463,514978,247442441,0.21
20160207,3633378518,15536823,3648915341,0.43,245253518,534797,245788315,0.22
20160208,3957364862,16716094,3974080956,0.42,254823531,517057,255340588,0.2
20160209,4175427031,16898565,4192325596,0.4,259666311,570686,260236997,0.22
20160210,4180924277,17261061,4198185338,0.41,262338336,616738,262955074,0.23
20160211,4105467184,17259120,4122726304,0.42,255780060,577075,256357135,0.23
20160212,3986128549,17108624,4003237173,0.43,255467204,604525,256071729,0.24
20160213,3733542325,16894901,3750437226,0.45,241077927,576472,241654399,0.24
20160214,3712720307,16549138,3729269445,0.44,239524125,579683,240103808,0.24
20160215,4262972597,15331614,4278304211,0.36,253809848,568191,254378039,0.22
20160216,4699428427,14571599,4714000026,0.31,259863184,616321,260479505,0.24
20160217,4284443132,15288321,4299731453,0.36,266455507,1050465,267505972,0.39
20160218,4364549174,16470831,4381020005,0.38,274256802,1092974,275349776,0.4
20160219,4336395923,18519612,4354915535,0.43,269174877,1125752,270300629,0.42
20160220,3982515649,15498439,3998014088,0.39,252518608,1013067,253531675,0.4
20160221,3739705541,15248603,3754954144,0.41,253693507,911296,254604803,0.36
20160222,4292300726,16513138,4308813864,0.38,268370599,1056184,269426783,0.39
20160223,4430361108,19995497,4450356605,0.45,277904098,1074000,278978098,0.38
20160224,4407418493,17848589,4425267082,0.4,292670103,1094231,293764334,0.37
20160225,4512078150,21960271,4534038421,0.48,295479527,1058432,296537959,0.36
20160226,4529744087,22663691,4552407778,0.5,291388010,1039761,292427771,0.36
20160227,3963704683,22821992,3986526675,0.57,274912692,1056893,275969585,0.38
20160228,3919363508,21894257,3941257765,0.56,269759913,915438,270675351,0.34
20160229,4914615277,33647705,4948262982,0.68,284138267,1072160,285210427,0.38
20160301,4900240143,37768707,4938008850,0.76,304388268,1092039,305480307,0.36
20160302,5000247794,35065305,5035313099,0.7,298805478,952732,299758210,0.32
20160303,5179561653,33936982,5213498635,0.65,311158757,943555,312102312,0.3
20160304,4902417875,39705588,4942123463,0.8,302558274,956559,303514833,0.32
20160305,4558778762,34791376,4593570138,0.76,281346779,956232,282303011,0.34
20160306,4381787289,35668714,4417456003,0.81,282372029,864442,283236471,0.31
20160307,4969119137,35577572,5004696709,0.71,296528239,976096,297504335,0.33
20160308,5221386034,35664556,5257050590,0.68,304312807,1121790,305434597,0.37
20160309,5110221015,34757244,5144978259,0.68,310150499,1154696,311305195,0.37
20160310,5226480491,34523095,5261003586,0.66,321619467,1094116,322713583,0.34
20160311,4921219783,30243834,4951463617,0.61,314271675,1107269,315378944,0.35
20160312,4513675404,31686173,4545361577,0.7,296009875,1013796,297023671,0.34
20160313,4402593722,34028092,4436621814,0.77,292536916,925253,293462169,0.32
20160314,4867031635,29442162,4896473797,0.6,307443410,1108148,308551558,0.36
20160315,4725723077,28077938,4753801015,0.59,313494677,1283978,314778655,0.41
20160316,4298414919,25994102,4324409021,0.6,326434828,1214510,327649338,0.37
20160317,4419239689,25184093,4444423782,0.57,326586482,1219608,327806090,0.37
20160318,4281285049,25823784,4307108833,0.6,334331139,1129714,335460853,0.34
20160319,3882847880,24550121,3907398001,0.63,308723073,1032989,309756062,0.33
20160320,4008309072,26192867,4034501939,0.65,304663080,907894,305570974,0.3
20160321,4341705504,25731196,4367436700,0.59,342720166,1166462,343886628,0.34
20160322,4440100433,24330271,4464430704,0.54,352707952,1042204,353750156,0.29
20160323,4566208843,24791661,4591000504,0.54,361331107,587960,361919067,0.16
20160324,4599421335,25301315,4624722650,0.55,352054214,537555,352591769,0.15
20160325,4318256819,29131234,4347388053,0.67,329814982,538084,330353066,0.16
20160326,3746506050,41449875,3787955925,1.09,312452649,646674,313099323,0.21
20160327,4047694645,38586411,4086281056,0.94,307043258,627357,307670615,0.2
20160328,4093213273,39513567,4132726840,0.96,332243117,894115,333137232,0.27
20160329,4354133178,38814304,4392947482,0.88,356885188,676738,357561926,0.19
20160330,4475608630,35171881,4510780511,0.78,349157996,625635,349783631,0.18
20160331,4219530062,33918402,4253448464,0.8,350976877,554107,351530984,0.16
20160401,4357774977,35582164,4393357141,0.81,341170401,526165,341696566,0.15
20160402,3837020773,37510372,3874531145,0.97,312552370,491410,313043780,0.16
20160403,3716982155,33690454,3750672609,0.9,303852711,480508,304333219,0.16
20160404,4177025701,35121071,4212146772,0.83,331780718,512066,332292784,0.15
20160405,4311449679,33482644,4344932323,0.77,339688901,531344,340220245,0.16
20160406,4475605144,33156198,4508761342,0.74,340303092,524260,340827352,0.15
20160407,4822343730,34533453,4856877183,0.71,336910986,445283,337356269,0.13
20160408,4478144742,33318238,4511462980,0.74,330072986,386163,330459149,0.12
20160409,4213410182,36341992,4249752174,0.86,317373956,366611,317740567,0.12
20160410,3998679852,37316848,4035996700,0.92,313972974,370236,314343210,0.12
20160411,4562966986,30476921,4593443907,0.66,334341877,400122,334741999,0.12
20160412,4742442765,29028423,4771471188,0.61,336821065,407703,337228768,0.12
20160413,4566750174,29436249,4596186423,0.64,343950457,414270,344364727,0.12
20160414,4619222696,28879719,4648102415,0.62,358309822,518699,358828521,0.14
20160415,4302640656,28082199,4330722855,0.65,346716451,532831,347249282,0.15
20160416,3986906102,28804727,4015710829,0.72,335913958,505687,336419645,0.15
20160417,3882171508,28756816,3910928324,0.74,326696335,518154,327214489,0.16
20160418,4259258430,29670497,4288928927,0.69,337698379,594213,338292592,0.18
20160419,4391687855,25287823,4416975678,0.57,344408806,582592,344991398,0.17
20160420,4403320453,25339181,4428659634,0.57,328651209,568416,329219625,0.17
20160421,4891709147,31327158,4923036305,0.64,375664970,686605,376351575,0.18
20160422,4453092730,25023635,4478116365,0.56,316672562,566807,317239369,0.18
20160423,4186768576,27740499,4214509075,0.66,301867912,537772,302405684,0.18
20160424,4127910651,28851926,4156762577,0.69,299544222,561544,300105766,0.19
20160425,4888233980,26912234,4915146214,0.55,364171607,578786,364750393,0.16
20160426,4673868336,29867503,4703735839,0.63,336633950,583746,337217696,0.17
20160427,4397936817,25892603,4423829420,0.59,343578196,585272,344163468,0.17
20160428,4681403909,29750886,4711154795,0.63,354401443,615998,355017441,0.17
20160429,4337948032,25130921,4363078953,0.58,344450572,579355,345029927,0.17
20160430,3793186410,26947761,3820134171,0.71,311418966,566609,311985575,0.18
20160501,3658102625,25816789,3683919414,0.7,307347306,522927,307870233,0.17
20160502,4180331275,26862862,4207194137,0.64,325365245,595063,325960308,0.18
20160503,4111065469,23014717,4134080186,0.56,351464754,613191,352077945,0.17
20160504,4197764936,24423620,4222188556,0.58,336918805,642376,337561181,0.19
20160505,4125474688,25387932,4150862620,0.61,341291701,621047,341912748,0.18
20160506,4068860657,32382820,4101243477,0.79,338772244,562581,339334825,0.17
20160507,3657200373,24849425,3682049798,0.67,316222580,525754,316748334,0.17
20160508,3583025254,27798372,3610823626,0.77,312654197,528986,313183183,0.17
20160509,4056507335,30983996,4087491331,0.76,335643233,597797,336241030,0.18
20160510,4337430152,30282191,4367712343,0.69,352875416,584055,353459471,0.17
20160511,4380486838,23968476,4404455314,0.54,360483940,597442,361081382,0.17
20160512,4146394995,25123419,4171518414,0.6,333076152,609446,333685598,0.18
20160513,7082713457,25656580,7108370037,0.36,387529782,592304,388122086,0.15
20160514,8423114235,26408176,8449522411,0.31,525610573,563935,526174508,0.11
20160515,8297989568,26892600,8324882168,0.32,499563195,601658,500164853,0.12
20160516,8001011678,27213667,8028225345,0.34,444315963,642327,444958290,0.14
20160517,7337379354,28833213,7366212567,0.39,410705139,669344,411374483,0.16
20160518,6948652553,29790998,6978443551,0.43,397129254,626602,397755856,0.16
20160519,6682422932,30776771,6713199703,0.46,393675912,629463,394305375,0.16
20160520,6370405123,29907315,6400312438,0.47,389732981,634743,390367724,0.16
20160521,5750413081,29478497,5779891578,0.51,348978418,554270,349532688,0.16
20160522,5449036012,30449417,5479485429,0.56,337350215,573068,337923283,0.17
20160523,6290133936,32474647,6322608583,0.51,364576688,626788,365203476,0.17
20160524,6335407034,31726882,6367133916,0.5,368345426,638876,368984302,0.17
20160525,6073832788,31906198,6105738986,0.52,365883241,640393,366523634,0.17
20160526,5539714457,30627768,5570342225,0.55,355325361,591525,355916886,0.17
20160527,5395071206,30946827,5426018033,0.57,351277211,621303,351898514,0.18
20160528,5044294511,31641308,5075935819,0.62,324565339,539487,325104826,0.17
20160529,4909832546,31516839,4941349385,0.64,315549215,560252,316109467,0.18
20160530,5239611311,33518423,5273129734,0.64,338507178,621942,339129120,0.18
20160531,5411955906,32954047,5444909953,0.61,372675691,625561,373301252,0.17
20160601,5379811425,35235205,5415046630,0.65,365462436,594637,366057073,0.16
20160602,5336260664,34404444,5370665108,0.64,369293345,604400,369897745,0.16
20160603,5260247825,32701092,5292948917,0.62,365110839,527391,365638230,0.14
20160604,4926429072,31848682,4958277754,0.64,346877987,512207,347390194,0.15
20160605,4864618320,32484502,4897102822,0.66,332304975,506527,332811502,0.15
20160606,5273258469,34057895,5307316364,0.64,364142991,544358,364687349,0.15
20160607,5315766940,35760976,5351527916,0.67,360248290,556606,360804896,0.15
20160608,5556564142,35608305,5592172447,0.64,364976484,594140,365570624,0.16
20160609,5359705258,33803965,5393509223,0.63,361554236,558659,362112895,0.15
20160610,4960211032,34116291,4994327323,0.68,344562452,532581,345095033,0.15
20160611,4812644526,32875578,4845520104,0.68,333858565,499300,334357865,0.15
20160612,4973391127,31441189,5004832316,0.63,336831731,516086,337347817,0.15
20160613,5089465940,32215634,5121681574,0.63,342778837,559599,343338436,0.16
20160614,5037484040,33657710,5071141750,0.66,356374109,604321,356978430,0.17
20160615,5253751551,33483964,5287235515,0.63,359772284,680344,360452628,0.19
20160616,4858998239,33193530,4892191769,0.68,363692612,671012,364363624,0.18
20160617,4130498609,34332868,4164831477,0.82,358284450,656284,358940734,0.18
20160618,3893005336,33850722,3926856058,0.86,337622924,611545,338234469,0.18
20160619,3864300711,32415711,3896716422,0.83,329867230,622937,330490167,0.19
20160620,4211881415,34107601,4245989016,0.8,367340825,664201,368005026,0.18
20160621,4388277157,35283492,4423560649,0.8,375393806,692408,376086214,0.18
20160622,4419534742,36886708,4456421450,0.83,395093195,704241,395797436,0.18
20160623,4318948445,35842131,4354790576,0.82,391188272,663556,391851828,0.17
20160624,4229347864,38108420,4267456284,0.89,390660771,787496,391448267,0.2
20160625,3816399039,38756018,3855155057,1.01,363378536,588773,363967309,0.16
20160626,3252656209,37147895,3289804104,1.13,356126762,577978,356704740,0.16
20160627,3720291248,38811556,3759102804,1.03,396182579,672783,396855362,0.17
20160628,4072870662,39110741,4111981403,0.95,412683405,718437,413401842,0.17
20160629,4301109751,37556976,4338666727,0.87,417908750,672024,418580774,0.16
20160630,4180386849,37288942,4217675791,0.88,428521102,637214,429158316,0.15
20160701,4125112152,36509646,4161621798,0.88,417210765,613191,417823956,0.15
20160702,3709416695,37086975,3746503670,0.99,383472240,585147,384057387,0.15
20160703,3609652619,35988837,3645641456,0.99,371722613,612784,372335397,0.16
20160704,4068779486,39525063,4108304549,0.96,395515300,635564,396150864,0.16
20160705,4240593557,39310777,4279904334,0.92,408543762,664512,409208274,0.16
20160706,4273906204,36921339,4310827543,0.86,413418002,721275,414139277,0.17
20160707,4235703973,36054938,4271758911,0.84,402212430,857896,403070326,0.21
20160708,4202171022,37550759,4239721781,0.89,399807652,961013,400768665,0.24
20160709,4014083546,48360156,4062443702,1.19,371463865,766785,372230650,0.21
20160710,3793079958,46344645,3839424603,1.21,360339398,906867,361246265,0.25
20160711,4400858762,47882469,4448741231,1.08,400858381,1072528,401930909,0.27
20160712,4561215301,41093663,4602308964,0.89,413584139,952958,414537097,0.23
20160713,4603861374,42344416,4646205790,0.91,423304297,978127,424282424,0.23
20160714,4437618594,41265624,4478884218,0.92,415930428,1011760,416942188,0.24
20160715,4360344762,42390038,4402734800,0.96,414820630,951671,415772301,0.23
20160716,3850306794,54063867,3904370661,1.38,373211756,815756,374027512,0.22
20160717,3714165929,51935209,3766101138,1.38,361435396,794228,362229624,0.22
20160718,4288659973,52227714,4340887687,1.2,410354373,960472,411314845,0.23
20160719,4276817918,43237653,4320055571,1.0,403742920,1106591,404849511,0.27
20160720,4259518712,43037720,4302556432,1.0,409220864,1042338,410263202,0.25
20160721,4373170578,41747329,4414917907,0.95,414445865,957737,415403602,0.23
20160722,4313355475,38149463,4351504938,0.88,395743302,911699,396655001,0.23
20160723,3915167036,39342079,3954509115,0.99,362185003,764420,362949423,0.21
20160724,3934191519,40952228,3975143747,1.03,398073421,848524,398921945,0.21
20160725,4404521062,41385430,4445906492,0.93,392009547,1008312,393017859,0.26
20160726,4440258749,43724921,4483983670,0.98,394776994,967281,395744275,0.24
20160727,4501699034,40343671,4542042705,0.89,395910814,1027243,396938057,0.26
20160728,4509237490,39550886,4548788376,0.87,399471103,990434,400461537,0.25
20160729,4328969426,38481743,4367451169,0.88,387398636,824048,388222684,0.21
20160730,3859846963,37699820,3897546783,0.97,381334911,755543,382090454,0.2
20160731,3819972645,37703456,3857676101,0.98,382113353,777701,382891054,0.2
20160801,4416837904,40454694,4457292598,0.91,415520534,998542,416519076,0.24
20160802,4478888375,40706292,4519594667,0.9,419107284,1025934,420133218,0.24
20160803,4530436964,41114752,4571551716,0.9,419614749,1186820,420801569,0.28
20160804,4545943568,40864704,4586808272,0.89,423017746,975561,423993307,0.23
20160805,4338195633,39153465,4377349098,0.89,416163911,956175,417120086,0.23
20160806,3971011314,40389436,4011400750,1.01,382567551,737743,383305294,0.19
20160807,3975737231,40234059,4015971290,1.0,380570790,802548,381373338,0.21
20160808,4658656998,40670634,4699327632,0.87,413630231,908569,414538800,0.22
20160809,4791038496,44073222,4835111718,0.91,416847217,1060510,417907727,0.25
20160810,4648580665,44410928,4692991593,0.95,416201663,1098804,417300467,0.26
20160811,4617977062,41279502,4659256564,0.89,419783791,1039692,420823483,0.25
20160812,4391226496,39990631,4431217127,0.9,412085371,1228006,413313377,0.3
20160813,4065352949,39656329,4105009278,0.97,377493201,1018281,378511482,0.27
20160814,4013137720,40169952,4053307672,0.99,377309988,1051860,378361848,0.28
20160815,4376298295,44721883,4421020178,1.01,407467741,1094934,408562675,0.27
20160816,4520613901,45883134,4566497035,1.0,419002819,1044815,420047634,0.25
20160817,4479224753,45712388,4524937141,1.01,424779423,1019915,425799338,0.24
20160825,4651668444,52062454,4703730898,1.11,455031761,1048274,456080035,0.23
20160826,4445998990,51892871,4497891861,1.15,439304486,1002218,440306704,0.23
20160827,3971771246,51478347,4023249593,1.28,405297308,924914,406222222,0.23
20160828,3860731356,48152367,3908883723,1.23,407420485,812680,408233165,0.2
20160829,4333918754,48560931,4382479685,1.11,440808647,1531071,442339718,0.35
20160830,4852227858,52390864,4904618722,1.07,452995778,2200351,455196129,0.48
20160831,4869860799,46409837,4916270636,0.94,434004628,1022706,435027334,0.24
20160901,4421530769,42713736,4464244505,0.96,426434171,1130782,427564953,0.26
20160902,4288178477,41869601,4330048078,0.97,421919833,1095539,423015372,0.26
20160903,3874815951,42217908,3917033859,1.08,394879473,957180,395836653,0.24
20160904,4127372750,43135870,4170508620,1.03,400446127,930712,401376839,0.23
20160905,4469370673,43112046,4512482719,0.96,423608400,983748,424592148,0.23
20160906,4674447954,42068891,4716516845,0.89,435164275,989463,436153738,0.23
20160907,4493237803,40018143,4533255946,0.88,430043306,943078,430986384,0.22
20160908,4605289845,39021350,4644311195,0.84,430673088,965263,431638351,0.22
20160909,4588619108,37517685,4626136793,0.81,427923214,838395,428761609,0.2
20160910,4316318050,39997534,4356315584,0.92,413153640,733846,413887486,0.18
20160911,4064388694,38970017,4103358711,0.95,413168630,728960,413897590,0.18
20160912,4552980361,38751382,4591731743,0.84,440812238,731578,441543816,0.17
20160913,4726008622,42140986,4768149608,0.88,451457138,933805,452390943,0.21
20160914,4815471732,40751246,4856222978,0.84,445768903,1161185,446930088,0.26
20160915,4871880202,40672494,4912552696,0.83,452296202,928892,453225094,0.2
20160916,4519258361,39632674,4558891035,0.87,460108955,1200888,461309843,0.26
20160917,3798231185,38213159,3836444344,1.0,425276814,1068326,426345140,0.25
20160918,3861291066,37704085,3898995151,0.97,423558315,1052498,424610813,0.25
20160919,4387427256,40661078,4428088334,0.92,455757497,1166072,456923569,0.26
20160920,4385224980,36092873,4421317853,0.82,461656431,1109381,462765812,0.24
20160921,4304378557,37495675,4341874232,0.86,451533945,879400,452413345,0.19
20160922,4327567591,36799018,4364366609,0.84,457204739,1380027,458584766,0.3
20160923,4110449564,36220008,4146669572,0.87,435662112,1581701,437243813,0.36
20160924,3878764229,36194306,3914958535,0.92,419058326,1385170,420443496,0.33
20160925,4551022224,36465238,4587487462,0.79,428596779,1631732,430228511,0.38
20160926,4728060928,38510425,4766571353,0.81,448789307,1468539,450257846,0.33
20160927,4771225859,41914871,4813140730,0.87,456489705,1532592,458022297,0.33
20160928,4862571413,44175644,4906747057,0.9,456088232,1370197,457458429,0.3
20160929,6455309680,52619028,6507928708,0.81,543026785,1845188,544871973,0.34
20160930,5768649205,50899914,5819549119,0.87,518069224,1914639,519983863,0.37
20161001,4780505097,65225649,4845730746,1.35,477062565,4080487,481143052,0.85
20161002,4180634121,73778423,4254412544,1.73,442499167,6226328,448725495,1.39
20161003,4515870183,76521560,4592391743,1.67,476601841,6562503,483164344,1.36
20161004,4454005445,79062950,4533068395,1.74,466390982,6438601,472829583,1.36
20161005,4334283958,78103399,4412387357,1.77,465923744,6207304,472131048,1.31
20161006,4464232444,77388193,4541620637,1.7,476213297,6221161,482434458,1.29
20161007,4553668521,72914312,4626582833,1.58,514761716,6461279,521222995,1.24
20161008,3893508677,70193095,3963701772,1.77,425133108,6315760,431448868,1.46
20161009,3833746294,66091377,3899837671,1.69,418180148,6121407,424301555,1.44
20161010,4176359826,71147711,4247507537,1.68,446775418,6230287,453005705,1.38
20161011,4424730728,71668005,4496398733,1.59,468529942,6524221,475054163,1.37
20161012,4385309893,70517704,4455827597,1.58,471339510,6674325,478013835,1.4
20161013,4390590677,73440755,4464031432,1.65,462446344,7086188,469532532,1.51
20161014,4406726311,79340545,4486066856,1.77,454734032,6665684,461399716,1.44
20161015,4066014212,67960097,4133974309,1.64,427727817,6599572,434327389,1.52
20161016,4076097259,67806892,4143904151,1.64,443307378,6582771,449890149,1.46
20161017,4610945818,68975117,4679920935,1.47,460599995,7085522,467685517,1.52
20161018,4512051818,73209183,4585261001,1.6,461658931,6911781,468570712,1.48
20161019,4373139296,74839955,4447979251,1.68,445342281,7381620,452723901,1.63
20161020,4374678899,77588257,4452267156,1.74,431504119,7297932,438802051,1.66
20161021,4449291409,71804685,4521096094,1.59,437584036,7614662,445198698,1.71
20161022,4135371496,71286409,4206657905,1.69,402826769,7321282,410148051,1.79
20161023,4062048441,69442671,4131491112,1.68,395751960,7311062,403063022,1.81
20161024,4485212499,74406177,4559618676,1.63,426829588,7343366,434172954,1.69
20161025,4473434298,77069608,4550503906,1.69,431130201,7523178,438653379,1.72
20161026,4507374739,75327457,4582702196,1.64,430247660,6601815,436849475,1.51
20161027,4533407578,78645607,4612053185,1.71,439403997,6905280,446309277,1.55
20161028,4623439913,80030652,4703470565,1.7,467528150,6899769,474427919,1.45
20161029,4123183877,73777658,4196961535,1.76,437022160,6652933,443675093,1.5
20161030,4055205593,73234422,4128440015,1.77,429338162,6583573,435921735,1.51
20161031,4481874202,76770211,4558644413,1.68,462379829,7214931,469594760,1.54
20161101,4672534658,82023099,4754557757,1.73,481899290,7244858,489144148,1.48
20161102,4988717693,82831201,5071548894,1.63,492736241,7101837,499838078,1.42
20161103,4859040478,83584168,4942624646,1.69,498794668,7297537,506092205,1.44
20161104,4741953558,83341558,4825295116,1.73,496444093,8122873,504566966,1.61
20161105,4187546094,77716720,4265262814,1.82,472957260,7034036,479991296,1.47
20161106,4195426395,75328973,4270755368,1.76,477130574,7309525,484440099,1.51
20161107,4570070391,84084174,4654154565,1.81,496706364,7878380,504584744,1.56
20161108,4725809035,86365628,4812174663,1.79,504178544,8216661,512395205,1.6
20161109,4836410608,86759999,4923170607,1.76,513065867,8133476,521199343,1.56
20161110,4699249665,82144914,4781394579,1.72,496623557,7907286,504530843,1.57
20161111,4598116852,85901123,4684017975,1.83,487337429,7551538,494888967,1.53
20161112,4089383799,80152007,4169535806,1.92,462327100,7467192,469794292,1.59
20161113,4205979466,79522250,4285501716,1.86,465069336,7301387,472370723,1.55
20161114,4508984133,82050789,4591034922,1.79,487796167,7947969,495744136,1.6
20161115,4574323360,84853040,4659176400,1.82,496791566,7786849,504578415,1.54
20161116,4724978736,86053931,4811032667,1.79,557691945,8057114,565749059,1.42
20161117,4650140676,84727804,4734868480,1.79,561269744,8892902,570162646,1.56
20161118,4147814499,83544992,4231359491,1.97,571683403,7769115,579452518,1.34
20161119,4073733026,85568199,4159301225,2.06,563556315,7684681,571240996,1.35
20161120,4269815565,81636012,4351451577,1.88,538813934,7299187,546113121,1.34
20161121,4639031462,86618098,4725649560,1.83,553200111,9064447,562264558,1.61
20161122,4774659017,88127405,4862786422,1.81,554812936,10623085,565436021,1.88
20161123,4692947799,89501433,4782449232,1.87,564766897,10082369,574849266,1.75
20161124,4469469251,87835581,4557304832,1.93,536809291,10179076,546988367,1.86
20161125,4743707787,90516868,4834224655,1.87,533114087,9973223,543087310,1.84
20161126,4186336806,82265917,4268602723,1.93,537839959,9034824,546874783,1.65
20161127,4235420269,82089128,4317509397,1.9,548422851,9657993,558080844,1.73
20161128,4833784272,90071242,4923855514,1.83,558938793,11293517,570232310,1.98
20161129,4876502604,85127254,4961629858,1.72,550799299,7456771,558256070,1.34
20161130,4858834786,86350782,4945185568,1.75,556066438,7632732,563699170,1.35
20161201,4799812458,84074161,4883886619,1.72,561374688,8782192,570156880,1.54
20161202,4933523808,88303798,5021827606,1.76,589503279,9737991,599241270,1.63
20161203,4557344308,80057691,4637401999,1.73,566050242,8158998,574209240,1.42
20161204,4456949115,80009991,4536959106,1.76,554578410,6906606,561485016,1.23
20161205,5013831352,83154795,5096986147,1.63,607782431,10599938,618382369,1.71
20161206,5049885073,87673355,5137558428,1.71,594171916,11009175,605181091,1.82
20161207,5105702014,90182996,5195885010,1.74,584723772,9637902,594361674,1.62
20161208,4989454256,90562739,5080016995,1.78,577461214,8976552,586437766,1.53
20161209,4968331782,91525970,5059857752,1.81,566947150,7503195,574450345,1.31
20161210,4495169440,85005111,4580174551,1.86,549849565,7091547,556941112,1.27
20161211,4367111695,83554722,4450666417,1.88,534211833,7171212,541383045,1.32
20161212,5070655941,92741597,5163397538,1.8,587751395,8939698,596691093,1.5
20161213,5182633745,94216731,5276850476,1.79,598364242,9390574,607754816,1.55
20161214,5346925410,92535550,5439460960,1.7,596182102,10411382,606593484,1.72
20161215,5266364468,93393495,5359757963,1.74,592064565,11965807,604030372,1.98
20161216,5121529202,91382410,5212911612,1.75,583066907,10455026,593521933,1.76
20161217,4435121079,84603241,4519724320,1.87,544972730,8454275,553427005,1.53
20161218,4339708433,80091211,4419799644,1.81,525688386,7422269,533110655,1.39
20161219,4789647594,90262417,4879910011,1.85,558018021,10154976,568172997,1.79
20161220,5023041709,92957067,5115998776,1.82,576503699,11792542,588296241,2.0
20161221,5063360729,92273664,5155634393,1.79,574937495,9869585,584807080,1.69
20161222,4900497849,88127414,4988625263,1.77,568480852,8192103,576672955,1.42
20161223,4723981299,89421307,4813402606,1.86,545184906,8683721,553868627,1.57
20161224,4243095084,82344449,4325439533,1.9,500787752,6800363,507588115,1.34
20161225,4336887498,80963118,4417850616,1.83,465786174,7027183,472813357,1.49
20161226,4661866240,83682573,4745548813,1.76,483434137,7601275,491035412,1.55
20161227,4772851075,87523118,4860374193,1.8,521899385,7431396,529330781,1.4
20161228,4842153079,86289366,4928442445,1.75,536594773,8020203,544614976,1.47
20161229,4916285295,86105269,5002390564,1.72,558775252,7565047,566340299,1.34
20161230,4775087520,83767939,4858855459,1.72,554344426,7384573,561728999,1.31
20161231,4667534515,82307586,4749842101,1.73,525868034,6911879,532779913,1.3
20170101,4452829245,83599491,4536428736,1.84,515081079,7572520,522653599,1.45
20170102,4667351227,87253823,4754605050,1.84,540359206,7889336,548248542,1.44
20170103,4900286912,90719177,4991006089,1.82,563083761,8279152,571362913,1.45
20170104,4909141624,90426107,4999567731,1.81,558126554,8063296,566189850,1.42
20170105,4924991230,88671484,5013662714,1.77,560013883,8487851,568501734,1.49
20170106,5702819990,94274486,5797094476,1.63,642044476,8658904,650703380,1.33
20170107,4502497653,85200600,4587698253,1.86,538222268,6657218,544879486,1.22
20170108,4552959491,87418979,4640378470,1.88,537855425,6544192,544399617,1.2
20170109,7973201693,122386900,8095588593,1.51,827303161,10550202,837853363,1.26
20170110,8001640251,133433910,8135074161,1.64,835688433,11751577,847440010,1.39
20170111,4487486003,89347288,4576833291,1.95,532664483,12400453,545064936,2.28
20170112,3726550128,68042900,3794593028,1.79,474952980,11203895,486156875,2.3
20170113,4327120845,86375527,4413496372,1.96,488065733,7092446,495158179,1.43
20170114,4336703427,91033694,4427737121,2.06,553273650,10720640,563994290,1.9
20170115,4233803304,86429644,4320232948,2.0,544043476,10196778,554240254,1.84
20170116,4401947924,90208230,4492156154,2.01,496847841,9911494,506759335,1.96
20170117,4705355348,104893518,4810248866,2.18,570072320,11098974,581171294,1.91
20170118,4743481790,106612146,4850093936,2.2,578977392,11488642,590466034,1.95
20170119,4896334350,103971174,5000305524,2.08,582632668,10254829,592887497,1.73
20170120,4800564726,103626287,4904191013,2.11,584000597,12225873,596226470,2.05
20170121,4528606658,96641261,4625247919,2.09,556126971,8677851,564804822,1.54
20170122,4619416407,99227549,4718643956,2.1,554588648,7405000,561993648,1.32
20170123,4863188285,105451908,4968640193,2.12,564159055,9084802,573243857,1.58
20170124,4688718693,105229206,4793947899,2.2,570279020,8828260,579107280,1.52
20170125,4749065497,103635772,4852701269,2.14,562452188,9132077,571584265,1.6
20170126,4611334526,97213974,4708548500,2.06,578920488,8818654,587739142,1.5
20170127,4359073312,92386287,4451459599,2.08,568420665,8148413,576569078,1.41
20170128,4003282238,85461420,4088743658,2.09,552602410,6875306,559477716,1.23
20170129,4250450366,84542409,4334992775,1.95,559105457,6611525,565716982,1.17
20170130,4621026194,92393293,4713419487,1.96,574442059,8162132,582604191,1.4
20170131,4671986646,95964687,4767951333,2.01,597010147,8943936,605954083,1.48
20170201,4936455484,95905595,5032361079,1.91,599385982,8716619,608102601,1.43
20170202,4821152371,98355943,4919508314,2.0,597229948,8650686,605880634,1.43
20170203,4776787477,97267800,4874055277,2.0,582901887,8917410,591819297,1.51
20170204,4833921268,91804242,4925725510,1.86,550649742,7430436,558080178,1.33
20170205,4800907487,89174330,4890081817,1.82,555570008,8049671,563619679,1.43
20170206,5000862849,95285517,5096148366,1.87,591699869,9483713,601183582,1.58
20170207,4959595497,95281898,5054877395,1.88,594440736,7665414,602106150,1.27
20170208,5187435760,99928863,5287364623,1.89,593112600,8023392,601135992,1.33
20170209,5105791300,100589948,5206381248,1.93,609368997,7796217,617165214,1.26
20170210,5083966844,98061630,5182028474,1.89,614518002,7769273,622287275,1.25
20170211,4581067264,91417507,4672484771,1.96,558157943,6600041,564757984,1.17
20170212,4546845811,90918427,4637764238,1.96,557843536,6436561,564280097,1.14
20170213,4858515113,99308613,4957823726,2.0,566488581,6747020,573235601,1.18
20170214,4773225022,98520680,4871745702,2.02,568532421,7596135,576128556,1.32
20170215,4866033174,99794045,4965827219,2.01,550191742,7540963,557732705,1.35
20170216,4975564595,102350974,5077915569,2.02,571883926,7421115,579305041,1.28
20170217,4911530506,118002058,5029532564,2.35,565849825,7615880,573465705,1.33
20170218,4498100166,94756574,4592856740,2.06,527143640,7614720,534758360,1.42
20170219,4389080307,89477485,4478557792,2.0,524738936,7394182,532133118,1.39
20170220,4994892771,104518618,5099411389,2.05,569676624,8374340,578050964,1.45
20170221,7571124442,123062400,7694186842,1.6,760912459,9724142,770636601,1.26
20170222,5011920333,102529534,5114449867,2.0,570495051,9220647,579715698,1.59
20170223,5183010272,101657012,5284667284,1.92,597454743,8987375,606442118,1.48
20170224,4987304526,100063617,5087368143,1.97,584249501,9416387,593665888,1.59
20170225,4647204360,90176503,4737380863,1.9,547997151,7679502,555676653,1.38
20170226,4694484343,85516416,4780000759,1.79,543479216,7469744,550948960,1.36
20170227,5035080141,97469883,5132550024,1.9,570148248,10553999,580702247,1.82
20170228,5115682554,98100993,5213783547,1.88,571074916,9490807,580565723,1.63
20170302,5194162455,107196670,5301359125,2.02,596559695,11367814,607927509,1.87
20170303,4889260026,95100707,4984360733,1.91,569275532,9518505,578794037,1.64
20170304,4663401629,88159509,4751561138,1.86,560833860,8567265,569401125,1.5
20170305,4746331209,89366781,4835697990,1.85,555351704,8298465,563650169,1.47
20170306,9749262356,135164756,9884427112,1.37,899100442,13161998,912262440,1.44
20170307,5071490775,93745504,5165236279,1.81,591408017,11154495,602562512,1.85
20170308,5357275035,97914395,5455189430,1.79,612968265,8732911,621701176,1.4
20170309,5249227135,98815498,5348042633,1.85,590208112,9265312,599473424,1.55
20170310,5533767300,96959556,5630726856,1.72,600829706,8296073,609125779,1.36
20170311,5089533818,88450769,5177984587,1.71,558855516,7367888,566223404,1.3
20170312,4995913851,85420737,5081334588,1.68,560428197,7169280,567597477,1.26
20170313,5250408440,94549889,5344958329,1.77,580124119,7833099,587957218,1.33
20170314,5410819998,93775426,5504595424,1.7,597455167,8238862,605694029,1.36
20170315,5122703643,96076956,5218780599,1.84,587790699,8394694,596185393,1.41
20170321,5075867664,89387313,5165254977,1.73,599762224,8311400,608073624,1.37
20170322,5203486550,95952953,5299439503,1.81,608697384,8960530,617657914,1.45
20170323,5219815415,94698410,5314513825,1.78,611935304,8513680,620448984,1.37
20170324,5120259453,95062246,5215321699,1.82,600579824,8938921,609518745,1.47
20170325,4810395294,88755802,4899151096,1.81,561565270,7660192,569225462,1.35
20170326,4506239031,88053748,4594292779,1.92,551959997,7701471,559661468,1.38
20170327,5011116498,96363184,5107479682,1.89,590751526,9023836,599775362,1.5
20170328,5018211090,100233849,5118444939,1.96,588059734,8998725,597058459,1.51
20170329,4955322704,98304506,5053627210,1.95,587289048,9007682,596296730,1.51
20170330,4989434928,100575157,5090010085,1.98,586275009,9820522,596095531,1.65
20170331,4631255169,95842320,4727097489,2.03,562176409,9619177,571795586,1.68
20170401,4335258296,89923147,4425181443,2.03,527200347,8437787,535638134,1.58
20170402,4169606778,79949900,4249556678,1.88,523536434,8058844,531595278,1.52
20170403,4429114187,89091061,4518205248,1.97,535798503,8578974,544377477,1.58
20170404,4798491300,104031645,4902522945,2.12,564224014,9114550,573338564,1.59
20170405,4786119323,97983829,4884103152,2.01,603429005,9197431,612626436,1.5
20170406,4731329120,96899096,4828228216,2.01,627427043,8525199,635952242,1.34
20170407,4751191857,94684276,4845876133,1.95,666982852,8821748,675804600,1.31
20170408,4311826011,88890715,4400716726,2.02,701118321,7894885,709013206,1.11
20170409,4181127927,87224265,4268352192,2.04,707330584,7664935,714995519,1.07
20170410,4614088357,96136791,4710225148,2.04,718711798,8922970,727634768,1.23
20170411,4493943627,94704695,4588648322,2.06,682244020,8266400,690510420,1.2
20170412,4871216326,97996860,4969213186,1.97,776517539,9484842,786002381,1.21
20170413,4952672953,99677375,5052350328,1.97,789885843,9897748,799783591,1.24
20170414,4629207563,88702108,4717909671,1.88,771791147,8462045,780253192,1.08
20170415,4419476690,82531621,4502008311,1.83,745129781,6779640,751909421,0.9
20170416,4264220711,84492239,4348712950,1.94,729305784,6876303,736182087,0.93
20170417,4565891393,86746433,4652637826,1.86,721702002,7839103,729541105,1.07
20170418,4782302804,98949247,4881252051,2.03,742437443,9888802,752326245,1.31
20170419,4800032344,95038614,4895070958,1.94,736293762,8796765,745090527,1.18
20170420,4911563069,104999435,5016562504,2.09,711144537,8974019,720118556,1.25
20170421,4627048632,93987246,4721035878,1.99,691959700,8326256,700285956,1.19
20170422,4199587747,85548377,4285136124,2.0,664654691,7778442,672433133,1.16
20170423,4109241069,87227081,4196468150,2.08,678811487,8218125,687029612,1.2
20170424,4698429010,94814942,4793243952,1.98,695299910,10229442,705529352,1.45
20170425,6162505975,110282909,6272788884,1.76,770227637,10713114,780940751,1.37
20170426,4686788274,98644366,4785432640,2.06,721019955,10016667,731036622,1.37
20170427,4566972317,101234493,4668206810,2.17,699609561,9764274,709373835,1.38
20170428,4485593705,96406020,4581999725,2.1,717035650,9784624,726820274,1.35
20170429,4150302706,92580644,4242883350,2.18,688308371,8520019,696828390,1.22
20170430,3931583235,89292025,4020875260,2.22,671319239,8107981,679427220,1.19
20170501,4107225189,90850735,4198075924,2.16,692099266,8888530,700987796,1.27
20170502,4366851499,92974912,4459826411,2.08,702543434,10117005,712660439,1.42
20170503,4506867342,99541514,4606408856,2.16,737678919,10250429,747929348,1.37
20170504,4270926783,103292474,4374219257,2.36,713337633,9598975,722936608,1.33
20170505,4147686507,106958604,4254645111,2.51,684900757,8882366,693783123,1.28
20170506,3775179116,92964191,3868143307,2.4,666900685,8746338,675647023,1.29
20170507,3767459043,92300549,3859759592,2.39,672153896,8710573,680864469,1.28
20170508,4205736515,94117989,4299854504,2.19,671503506,9686131,681189637,1.42
20170509,4257352621,98836490,4356189111,2.27,684912811,10022869,694935680,1.44
20170510,4199938017,103599362,4303537379,2.41,691796139,10055026,701851165,1.43
20170511,4345082756,98435414,4443518170,2.22,688635166,10918508,699553674,1.56
20170512,4365038255,95489383,4460527638,2.14,688112100,10254707,698366807,1.47
20170513,3979483019,88827341,4068310360,2.18,680798163,9127238,689925401,1.32
20170514,3798789087,84071739,3882860826,2.17,675859525,8784971,684644496,1.28
20170515,3969942891,88928963,4058871854,2.19,694876124,9789546,704665670,1.39
20170516,4027038205,87877078,4114915283,2.14,700423927,9846793,710270720,1.39
20170517,4130297390,96065808,4226363198,2.27,699344941,9898780,709243721,1.4
20170518,4033442050,98384963,4131827013,2.38,701047576,10499929,711547505,1.48
20170519,3979140349,97516805,4076657154,2.39,685417051,10158424,695575475,1.46
20170520,3740377920,91536630,3831914550,2.39,668726117,9477476,678203593,1.4
20170521,3736332902,91954509,3828287411,2.4,677235865,9653470,686889335,1.41
20170522,4141595048,107587713,4249182761,2.53,701880891,10355097,712235988,1.45
20170523,4252485596,133516053,4386001649,3.04,689874797,10255166,700129963,1.46
20170524,4185377604,101056578,4286434182,2.36,705941405,10590815,716532220,1.48
20170525,4005365327,101722919,4107088246,2.48,753566760,9764147,763330907,1.28
20170526,4013533685,96446121,4109979806,2.35,679302018,9349360,688651378,1.36
20170527,3718737691,87865914,3806603605,2.31,654221992,9133907,663355899,1.38
20170528,3591131888,87001757,3678133645,2.37,654107082,8839397,662946479,1.33
20170529,3925951337,92513505,4018464842,2.3,672266138,9512490,681778628,1.4
20170530,4014906803,96740300,4111647103,2.35,685733529,9902210,695635739,1.42
20170531,4024726849,97971827,4122698676,2.38,689561326,10488482,700049808,1.5
20170601,4123756548,97568783,4221325331,2.31,699950206,10468321,710418527,1.47
20170602,4000313060,101127960,4101441020,2.47,686214680,10290632,696505312,1.48
20170603,3549808302,90514739,3640323041,2.49,718529021,9397935,727926956,1.29
20170604,3526061697,87106846,3613168543,2.41,747393745,9634618,757028363,1.27
20170605,3803732544,98706818,3902439362,2.53,792451438,10252641,802704079,1.28
20170606,3916387721,116114548,4032502269,2.88,749044072,10437632,759481704,1.37
20170607,3887933233,149120936,4037054169,3.69,726694681,10262902,736957583,1.39
20170608,3802071709,115705175,3917776884,2.95,732791661,11199487,743991148,1.51
20170609,3747541163,88448227,3835989390,2.31,709272409,11304390,720576799,1.57
20170610,3507441347,83227637,3590668984,2.32,679011325,10476760,689488085,1.52
20170611,3412961833,82251718,3495213551,2.35,695967211,10240076,706207287,1.45
20170612,3874615988,99382195,3973998183,2.5,739008773,10837962,749846735,1.45
20170613,4046381759,100461411,4146843170,2.42,804059302,11395015,815454317,1.4
20170614,3971855445,100737926,4072593371,2.47,803022935,11473492,814496427,1.41
20170615,3894379617,95998564,3990378181,2.41,745353099,13133038,758486137,1.73
20170616,3882291804,99314557,3981606361,2.49,742695285,13146617,755841902,1.74
20170617,3541709015,92746527,3634455542,2.55,703108400,10340257,713448657,1.45
20170618,3559389167,86625072,3646014239,2.38,720245000,10720204,730965204,1.47
20170619,4012318996,103543924,4115862920,2.52,752558285,11931592,764489877,1.56
20170620,4103592234,108363525,4211955759,2.57,746519154,11351586,757870740,1.5
20170621,4098206064,107191718,4205397782,2.55,746472381,11238434,757710815,1.48
20170622,3947122930,103623218,4050746148,2.56,732649613,11253457,743903070,1.51
20170623,3889262856,105915658,3995178514,2.65,694626860,10912567,705539427,1.55
20170624,3542350548,92801432,3635151980,2.55,675393713,10101753,685495466,1.47
20170625,3549474647,96313816,3645788463,2.64,689181414,10314814,699496228,1.47
20170626,3889694342,106904321,3996598663,2.67,731259280,11252759,742512039,1.52
20170627,4058384891,103349502,4161734393,2.48,737306716,11472085,748778801,1.53
20170628,3990733761,104777870,4095511631,2.56,739772870,11274002,751046872,1.5
20170629,4019934364,111328471,4131262835,2.69,736708373,11336337,748044710,1.52
20170630,4015343819,112412800,4127756619,2.72,720526959,11057888,731584847,1.51
20170701,3690540745,106877586,3797418331,2.81,689986303,10156235,700142538,1.45
20170702,3584517846,101659054,3686176900,2.76,681791993,10115391,691907384,1.46
20170703,3938336774,112247197,4050583971,2.77,713149175,11073699,724222874,1.53
20170704,3968685004,108865132,4077550136,2.67,715211493,11307769,726519262,1.56
20170705,4060700674,108141758,4168842432,2.59,716471963,11129413,727601376,1.53
20170706,3948769254,99098898,4047868152,2.45,704455776,10835114,715290890,1.51
20170707,3897888674,96192017,3994080691,2.41,680927144,10494884,691422028,1.52
20170708,3582658888,88621236,3671280124,2.41,624432335,10182890,634615225,1.6
20170709,3456687523,87990536,3544678059,2.48,632113049,10328363,642441412,1.61
20170710,3865625517,95050728,3960676245,2.4,661464626,11000436,672465062,1.64
20170711,3949334408,95365099,4044699507,2.36,662381503,11075031,673456534,1.64
20170712,3908089930,101852938,4009942868,2.54,674822015,10520342,685342357,1.54
20170713,3934047832,100424396,4034472228,2.49,641009650,10717846,651727496,1.64
20170714,3722383146,109590026,3831973172,2.86,648657249,10486237,659143486,1.59
20170715,3508146067,121043433,3629189500,3.34,625593913,10768957,636362870,1.69
20170716,3461610390,109981736,3571592126,3.08,633031046,10465988,643497034,1.63
20170717,3871243117,97130666,3968373783,2.45,675928380,11036287,686964667,1.61
20170718,3865896103,94940990,3960837093,2.4,657823472,10832015,668655487,1.62
20170719,3876980615,95400362,3972380977,2.4,664050700,11333692,675384392,1.68
20170720,3860528985,96031581,3956560566,2.43,662474344,11174235,673648579,1.66
20170721,3853557468,90278222,3943835690,2.29,651520188,10754136,662274324,1.62
20170722,3642203104,81666051,3723869155,2.19,620925608,10104477,631030085,1.6
20170723,3622118467,78983935,3701102402,2.13,618590982,9955780,628546762,1.58
20170724,3911179528,82009652,3993189180,2.05,630765154,10791165,641556319,1.68
20170725,3901119829,84170814,3985290643,2.11,623261235,10984234,634245469,1.73
20170726,3954992436,84433974,4039426410,2.09,609795865,11591753,621387618,1.87
20170727,3959246203,84876194,4044122397,2.1,596602349,11779506,608381855,1.94
20170728,3887467107,83417007,3970884114,2.1,590848245,10740816,601589061,1.79
20170729,3562856544,78817354,3641673898,2.16,533760531,9927746,543688277,1.83
20170730,3416340028,71431780,3487771808,2.05,537100795,9934049,547034844,1.82
20170731,3903212183,84355227,3987567410,2.12,566901327,11280765,578182092,1.95
20170801,4049458070,87147983,4136606053,2.11,580011563,11357739,591369302,1.92
20170802,3965573226,79343239,4044916465,1.96,544412650,11285299,555697949,2.03
20170803,3892078296,81545164,3973623460,2.05,528327216,11523932,539851148,2.13
20170804,3971807908,84566466,4056374374,2.08,563480950,11433565,574914515,1.99
20170805,3576078486,71155976,3647234462,1.95,531225284,10392413,541617697,1.92
20170806,3584143152,74005755,3658148907,2.02,534237623,10206736,544444359,1.87
20170807,4657176592,111830335,4769006927,2.34,614849929,11838369,626688298,1.89
20170808,4223124796,117806548,4340931344,2.71,579355327,11133187,590488514,1.89
20170809,4251564990,126766677,4378331667,2.9,558140092,10272712,568412804,1.81
20170810,4127093286,82976390,4210069676,1.97,567629813,10151689,577781502,1.76
20170811,4032989162,81906455,4114895617,1.99,571251823,10460710,581712533,1.8
20170812,3721297111,70986689,3792283800,1.87,543551133,9405620,552956753,1.7
20170813,3640885486,73636265,3714521751,1.98,545464652,8848498,554313150,1.6
20170814,4010335133,87640820,4097975953,2.14,580302918,10309791,590612709,1.75
20170815,4029536017,88333235,4117869252,2.15,591731903,10318941,602050844,1.71
20170816,4201567268,93194898,4294762166,2.17,577765607,10445473,588211080,1.78
20170817,4157843984,92617065,4250461049,2.18,563325620,10665018,573990638,1.86
20170818,4096072101,92480227,4188552328,2.21,551986658,10289303,562275961,1.83
20170819,3707023522,87254671,3794278193,2.3,517485396,9407794,526893190,1.79
20170820,3657047653,82472291,3739519944,2.21,522111695,9040403,531152098,1.7
20170821,4074625540,93174573,4167800113,2.24,556902190,9711847,566614037,1.71
20170822,4371532794,99201115,4470733909,2.22,577690390,10020394,587710784,1.7
20170823,4246797733,104789726,4351587459,2.41,579393725,9909043,589302768,1.68
20170824,4351757845,99285318,4451043163,2.23,613903261,10640647,624543908,1.7
20170825,4289487613,119015813,4408503426,2.7,596860973,10755405,607616378,1.77
20170826,4485648554,113721781,4599370335,2.47,569873610,10210688,580084298,1.76
20170827,4103087382,105339685,4208427067,2.5,570522095,9842279,580364374,1.7
20170828,4396461541,114034837,4510496378,2.53,574628326,11186704,585815030,1.91
20170829,4254490567,117566039,4372056606,2.69,591568600,11380291,602948891,1.89
20170830,4091794790,121455549,4213250339,2.88,581997743,11606723,593604466,1.96
20170831,4045496169,117778467,4163274636,2.83,586761856,11383732,598145588,1.9
20170901,4014673399,112179571,4126852970,2.72,579865645,11226671,591092316,1.9
20170902,3578016653,94536489,3672553142,2.57,557408165,10119689,567527854,1.78
20170903,3587552171,93631417,3681183588,2.54,554429708,9624903,564054611,1.71
20170904,3886105245,107343767,3993449012,2.69,569624061,10370584,579994645,1.79
20170905,4093689067,113241104,4206930171,2.69,587744723,10981866,598726589,1.83
20170906,4384190325,122476110,4506666435,2.72,624771472,11262132,636033604,1.77
20170907,4418863097,115929607,4534792704,2.56,589340623,10923359,600263982,1.82
20170908,4187584323,107558542,4295142865,2.5,576370280,11195901,587566181,1.91
20170909,3859241895,97682080,3956923975,2.47,589976607,10559320,600535927,1.76
20170910,3908349164,100589730,4008938894,2.51,607925416,10110251,618035667,1.64
20170911,4294843573,108537335,4403380908,2.46,585521123,10973968,596495091,1.84
20170912,4193488052,107096859,4300584911,2.49,583206045,11181133,594387178,1.88
20170913,4257333712,111410467,4368744179,2.55,569767711,11136189,580903900,1.92
20170914,4290640036,113107614,4403747650,2.57,580970717,10843716,591814433,1.83
20170915,3972645011,103942226,4076587237,2.55,574240210,10889524,585129734,1.86
20170916,3795927049,100169793,3896096842,2.57,567199984,10142922,577342906,1.76
20170917,3858364542,99931111,3958295653,2.52,588973266,10171712,599144978,1.7
20170918,3245838679,69268496,3315107175,2.09,303481940,8549648,312031588,2.74
20170919,4192508984,104195160,4296704144,2.43,0,11342928,11342928,100.0
20170920,4293967885,106477102,4400444987,2.42,0,11066049,11066049,100.0
20170921,4008094007,103592721,4111686728,2.52,0,11690570,11690570,100.0
20170922,3961558315,97906413,4059464728,2.41,0,11621385,11621385,100.0
20170923,3598490834,85442995,3683933829,2.32,0,10654634,10654634,100.0
20170924,3568380683,84940432,3653321115,2.33,0,10708634,10708634,100.0
20170925,3918012272,94821452,4012833724,2.36,0,11465101,11465101,100.0
20170926,4116547922,101278732,4217826654,2.4,0,11680103,11680103,100.0
20170927,4162959415,103276685,4266236100,2.42,0,12061263,12061263,100.0
20170928,4114440335,95410838,4209851173,2.27,0,12854844,12854844,100.0
20170929,4015311771,93513671,4108825442,2.28,0,12626913,12626913,100.0
20170930,3649592469,94136327,3743728796,2.51,0,10877009,10877009,100.0
20171001,3704061099,106668530,3810729629,2.8,0,11338994,11338994,100.0
20171002,4061508032,107661355,4169169387,2.58,0,11726356,11726356,100.0
20171003,4027418736,112030156,4139448892,2.71,0,12137887,12137887,100.0
20171004,3960148541,110612117,4070760658,2.72,0,12107832,12107832,100.0
20171005,3973562546,108543180,4082105726,2.66,0,11430300,11430300,100.0
20171006,3953455418,108146824,4061602242,2.66,0,11604550,11604550,100.0
20171007,3777494693,94429909,3871924602,2.44,0,11253933,11253933,100.0
20171008,3784558319,94678765,3879237084,2.44,0,10911704,10911704,100.0
20171009,4198686566,105690057,4304376623,2.46,0,11691609,11691609,100.0
20171010,4169980264,108177213,4278157477,2.53,0,12762210,12762210,100.0
20171011,4311827593,100156459,4411984052,2.27,0,11366596,11366596,100.0
20171012,4439561716,93219401,4532781117,2.06,0,11831351,11831351,100.0
20171013,4024329913,93516134,4117846047,2.27,0,11173432,11173432,100.0
20171014,3843611380,86438250,3930049630,2.2,0,10495708,10495708,100.0
20171015,3768694176,83230303,3851924479,2.16,0,10510902,10510902,100.0
20171016,4002606590,95271803,4097878393,2.32,0,11221407,11221407,100.0
20171017,3999642558,96210719,4095853277,2.35,0,11338226,11338226,100.0
20171018,4072900569,97231888,4170132457,2.33,0,11596866,11596866,100.0
20171019,3986991890,93406130,4080398020,2.29,0,12200480,12200480,100.0
20171020,3804441746,88737023,3893178769,2.28,0,11565112,11565112,100.0
20171021,3497218348,81106117,3578324465,2.27,0,11298941,11298941,100.0
20171022,3700129526,82248864,3782378390,2.17,0,10909821,10909821,100.0
20171023,4160019965,90243272,4250263237,2.12,0,11980741,11980741,100.0
20171024,4076996258,90609592,4167605850,2.17,0,12448124,12448124,100.0
20171025,3825569319,96814495,3922383814,2.47,0,12373139,12373139,100.0
20171026,3864338592,95282067,3959620659,2.41,0,12344769,12344769,100.0
20171027,3827575486,95308229,3922883715,2.43,0,12300382,12300382,100.0
20171028,3679977821,97209127,3777186948,2.57,0,12304070,12304070,100.0
20171029,3745518991,92891755,3838410746,2.42,0,11925038,11925038,100.0
20171030,3978409552,94286982,4072696534,2.32,0,12608112,12608112,100.0
20171031,4054434951,95992925,4150427876,2.31,0,12849397,12849397,100.0
20171101,4074954201,94711094,4169665295,2.27,0,12708038,12708038,100.0
20171102,4122241583,94699119,4216940702,2.25,0,12891704,12891704,100.0
20171103,4141597194,101149255,4242746449,2.38,0,12768848,12768848,100.0
20171104,3706039272,86491179,3792530451,2.28,0,12044196,12044196,100.0
20171105,3654279688,86178718,3740458406,2.3,0,12244836,12244836,100.0
20171106,3903582423,89987026,3993569449,2.25,0,12962565,12962565,100.0
20171107,4094100622,99077453,4193178075,2.36,0,12627530,12627530,100.0
20171108,4206261028,99162764,4305423792,2.3,0,12905051,12905051,100.0
20171109,4170244208,97244954,4267489162,2.28,0,13274682,13274682,100.0
20171110,4014289382,98048994,4112338376,2.38,0,12839542,12839542,100.0
20171111,3636317569,85575188,3721892757,2.3,0,11953851,11953851,100.0
20171112,3648116991,87958941,3736075932,2.35,0,11864861,11864861,100.0
20171113,3873191546,97221305,3970412851,2.45,0,12692489,12692489,100.0
20171114,4072519772,97338396,4169858168,2.33,0,12662298,12662298,100.0
20171115,3767582814,97544559,3865127373,2.52,0,12628740,12628740,100.0
20171116,3810352038,93130321,3903482359,2.39,0,12750171,12750171,100.0
20171117,3747735940,90892294,3838628234,2.37,194533056,12600989,207134045,6.08
20171118,3478083766,94941356,3573025122,2.66,554295147,11744685,566039832,2.07
20171119,3444524134,103131812,3547655946,2.91,568565762,11996424,580562186,2.07
20171120,3854316327,125555274,3979871601,3.15,574359758,13351017,587710775,2.27
20171121,3901407494,103128774,4004536268,2.58,568065883,14661567,582727450,2.52
20171122,3877232091,103943993,3981176084,2.61,570142736,13835471,583978207,2.37
20171123,3845236878,100717603,3945954481,2.55,580507293,14038228,594545521,2.36
20171124,3711084198,93785610,3804869808,2.46,549301302,13216530,562517832,2.35
20171125,3475778373,86721123,3562499496,2.43,537024130,12457346,549481476,2.27
20171126,3511542569,85619977,3597162546,2.38,542027241,12522402,554549643,2.26
20171127,3756827330,90096471,3846923801,2.34,546801921,12641102,559443023,2.26
20171128,3784756063,95389890,3880145953,2.46,554545255,12965117,567510372,2.28
20171129,3847519078,93547076,3941066154,2.37,574439150,13359424,587798574,2.27
20171130,3813692577,95191966,3908884543,2.44,585617215,13423689,599040904,2.24
20171201,3702852904,92083672,3794936576,2.43,581299459,13690564,594990023,2.3
20171202,3473775834,84763595,3558539429,2.38,557870889,12798926,570669815,2.24
20171203,3475255921,86996285,3562252206,2.44,574642329,12897483,587539812,2.2
20171204,3794764261,89520650,3884284911,2.3,582765357,13259275,596024632,2.22
20171205,3842002581,95756290,3937758871,2.43,605339102,12984011,618323113,2.1
20171206,3759957238,100049296,3860006534,2.59,608793764,13218193,622011957,2.13
20171207,3918546242,97510381,4016056623,2.43,606477681,13317036,619794717,2.15
20171208,3895498651,96130122,3991628773,2.41,587491308,13394617,600885925,2.23
20171209,3750808468,87588384,3838396852,2.28,569704741,12630437,582335178,2.17
20171210,3751681189,88757042,3840438231,2.31,577259542,12481873,589741415,2.12
20171211,3950415944,97251578,4047667522,2.4,573661579,13338650,587000229,2.27
20171212,3973092902,99758309,4072851211,2.45,585855556,13428095,599283651,2.24
20171213,4001907495,100935541,4102843036,2.46,594835476,13994786,608830262,2.3
20171214,3969910827,94694969,4064605796,2.33,597356778,13693336,611050114,2.24
20171215,3987530052,93018324,4080548376,2.28,588657852,13508050,602165902,2.24
20171216,3754203417,87493446,3841696863,2.28,576396041,12884951,589280992,2.19
20171217,3618423309,86238960,3704662269,2.33,579571851,12744370,592316221,2.15
20171218,3880717452,90602875,3971320327,2.28,596889866,13214166,610104032,2.17
20171219,3911299973,89808005,4001107978,2.24,585158717,12952833,598111550,2.17
20171220,3994583460,91193403,4085776863,2.23,588387626,12929189,601316815,2.15
20171221,4156553119,91258956,4247812075,2.15,583948088,12964425,596912513,2.17
20171222,3842477990,88097076,3930575066,2.24,569736615,12775156,582511771,2.19
20171223,3710707194,83038868,3793746062,2.19,550351807,11860770,562212577,2.11
20171224,3612855011,92845401,3705700412,2.51,535232036,11428317,546660353,2.09
20171225,3512003892,88783532,3600787424,2.47,549689806,11595364,561285170,2.07
20171226,3707581963,88784744,3796366707,2.34,590871063,11939361,602810424,1.98
20171227,3818109183,82843573,3900952756,2.12,594099838,11615965,605715803,1.92
20171228,3887266523,84130772,3971397295,2.12,598658325,11215544,609873869,1.84
20171229,3872724230,86294179,3959018409,2.18,610694155,11245303,621939458,1.81
20171230,3721516805,84719005,3806235810,2.23,577749635,10539193,588288828,1.79
20171231,3683894586,80065055,3763959641,2.13,570419248,10367285,580786533,1.79
20180101,3559616452,83449826,3643066278,2.29,566337862,10919061,577256923,1.89
20180102,3876432699,87554567,3963987266,2.21,609201041,11701139,620902180,1.88
20180103,3986955715,87355248,4074310963,2.14,641121116,11320253,652441369,1.74
20180104,3957889357,96986991,4054876348,2.39,628558032,12150164,640708196,1.9
20180105,4017955107,88630069,4106585176,2.16,634741553,12171527,646913080,1.88
20180106,3803792438,73046030,3876838468,1.88,592195550,11995064,604190614,1.99
20180107,3731182409,72500040,3803682449,1.91,596188066,12113799,608301865,1.99
20180108,3985026017,79655789,4064681806,1.96,617618400,12640731,630259131,2.01
20180109,4012331404,81181467,4093512871,1.98,609326701,12524826,621851527,2.01
20180110,4144408413,81293874,4225702287,1.92,620074357,12093501,632167858,1.91
20180111,3972470672,82356690,4054827362,2.03,636570580,12040158,648610738,1.86
20180112,4068990528,80106505,4149097033,1.93,610541296,11938201,622479497,1.92
20180113,4008407149,69726308,4078133457,1.71,604364801,10955287,615320088,1.78
20180114,4014790166,74355957,4089146123,1.82,608580515,11760442,620340957,1.9
20180115,4118762245,80310988,4199073233,1.91,634457996,12424776,646882772,1.92
20180116,4224251803,85257043,4309508846,1.98,633353111,12608251,645961362,1.95
20180117,4276329423,84179923,4360509346,1.93,645322194,12659622,657981816,1.92
20180118,4160515833,83488924,4244004757,1.97,630164331,12532186,642696517,1.95
20180119,4002147617,80998973,4083146590,1.98,595092382,12170471,607262853,2.0
20180120,3719143201,82434120,3801577321,2.17,578722194,11971731,590693925,2.03
20180121,3693317536,75514485,3768832021,2.0,597571202,11832875,609404077,1.94
20180122,4009510050,79269747,4088779797,1.94,601210441,12449386,613659827,2.03
20180123,4061053618,85103177,4146156795,2.05,607850612,12649552,620500164,2.04
20180124,4048446761,86925021,4135371782,2.1,612433447,12719227,625152674,2.03
20180125,3919204061,88443400,4007647461,2.21,610010420,12847304,622857724,2.06
20180126,3960359486,85633529,4045993015,2.12,602153360,12668632,614821992,2.06
20180127,3783314256,83739142,3867053398,2.17,618571482,12904353,631475835,2.04
20180128,3912906703,78735016,3991641719,1.97,614772085,12687817,627459902,2.02
20180129,4339372411,91381738,4430754149,2.06,622587481,12900192,635487673,2.03
20180130,4341472064,94899399,4436371463,2.14,609385845,12940120,622325965,2.08
20180131,4264153981,98582753,4362736734,2.26,646373719,13070776,659444495,1.98
20180201,4336655488,100893126,4437548614,2.27,670229674,13290196,683519870,1.94
20180202,4235315282,103214974,4338530256,2.38,641073238,13298376,654371614,2.03
20180203,3917550510,92337576,4009888086,2.3,624334936,12908458,637243394,2.03
20180204,3969682949,84855871,4054538820,2.09,632269232,12435345,644704577,1.93
20180205,4125840987,99221627,4225062614,2.35,632138332,13162692,645301024,2.04
20180206,4349864544,107885626,4457750170,2.42,649928500,13699366,663627866,2.06
20180207,4245481940,101686500,4347168440,2.34,658910692,13640008,672550700,2.03
20180208,4177396088,101068176,4278464264,2.36,620165545,13594028,633759573,2.14
20180209,4075677031,96768540,4172445571,2.32,616416715,13365507,629782222,2.12
20180210,3821557766,90597995,3912155761,2.32,612968443,12851318,625819761,2.05
20180211,3861821997,94451928,3956273925,2.39,604709843,12685616,617395459,2.05
20180212,4181444033,98258429,4279702462,2.3,631020625,13094001,644114626,2.03
20180213,4463960277,101079871,4565040148,2.21,617729647,12934320,630663967,2.05
20180214,4311100351,104899415,4415999766,2.38,631031724,13253307,644285031,2.06
20180215,4155038646,97276593,4252315239,2.29,621453157,13018769,634471926,2.05
20180216,3932211163,89952730,4022163893,2.24,626587971,12873798,639461769,2.01
20180217,3756076378,84588331,3840664709,2.2,622467267,12110155,634577422,1.91
20180218,3778954584,83610050,3862564634,2.16,633905412,12324909,646230321,1.91
20180219,4075777794,92620953,4168398747,2.22,637072391,12848724,649921115,1.98
20180220,4143359428,96128501,4239487929,2.27,633773829,12726646,646500475,1.97
20180221,4282171042,99353766,4381524808,2.27,643256620,13086508,656343128,1.99
20180222,4586560703,102483171,4689043874,2.19,647806931,13216710,661023641,2.0
20180223,4310725955,100597759,4411323714,2.28,641750127,12877513,654627640,1.97
20180224,4116385582,112235801,4228621383,2.65,653552784,12511630,666064414,1.88
20180225,3948908997,108788086,4057697083,2.68,664276902,12505341,676782243,1.85
20180226,4134706724,107691801,4242398525,2.54,657570072,12966659,670536731,1.93
20180227,4299216981,121843845,4421060826,2.76,696012421,13138439,709150860,1.85
20180228,4340822532,119165850,4459988382,2.67,689352428,12929068,702281496,1.84
20180301,4462066624,123479776,4585546400,2.69,684883469,13403783,698287252,1.92
20180302,4283572465,121987244,4405559709,2.77,668920847,13097056,682017903,1.92
20180303,4025653212,118910968,4144564180,2.87,669504758,12592368,682097126,1.85
20180304,3959705457,117199585,4076905042,2.87,673281114,12631721,685912835,1.84
20180305,4304473793,117947921,4422421714,2.67,699360673,12848055,712208728,1.8
20180306,4360090950,118603477,4478694427,2.65,684684804,12938821,697623625,1.85
20180307,4370139076,110985523,4481124599,2.48,695157924,12905144,708063068,1.82
20180308,4440212192,113651702,4553863894,2.5,721106129,13459402,734565531,1.83
20180309,4354953191,101181246,4456134437,2.27,714748742,13116383,727865125,1.8
20180310,4106594308,99416356,4206010664,2.36,707601354,12958852,720560206,1.8
20180311,4014142942,97146466,4111289408,2.36,710573643,12790549,723364192,1.77
20180312,4266069796,106246087,4372315883,2.43,713116055,13137450,726253505,1.81
20180313,4450301947,110648511,4560950458,2.43,743927470,13446831,757374301,1.78
20180314,4574741153,110091870,4684833023,2.35,777782992,13299513,791082505,1.68
20180315,4436839975,102176444,4539016419,2.25,766624365,13329795,779954160,1.71
20180316,4366062973,99243791,4465306764,2.22,736575832,12715648,749291480,1.7
20180317,4529328120,97140634,4626468754,2.1,708892822,12998259,721891081,1.8
20180318,4448030406,97796857,4545827263,2.15,715149360,12728751,727878111,1.75
20180319,4484940051,103080655,4588020706,2.25,718362773,13670226,732032999,1.87
20180320,4410278965,107099025,4517377990,2.37,721515228,13708439,735223667,1.86
20180321,4959508136,110297579,5069805715,2.18,725217529,13830758,739048287,1.87
20180322,5174037865,105009608,5279047473,1.99,708155018,14658989,722814007,2.03
20180323,4305791754,98299287,4404091041,2.23,716661575,14048296,730709871,1.92
20180324,4017421191,91104071,4108525262,2.22,695817518,14330538,710148056,2.02
20180325,3997938715,92516655,4090455370,2.26,697597278,13485095,711082373,1.9
20180326,4451833165,106179577,4558012742,2.33,733605388,14214868,747820256,1.9
20180327,4904934004,113144373,5018078377,2.25,729329312,13823019,743152331,1.86
20180328,5322820713,107768452,5430589165,1.98,724803977,13791546,738595523,1.87
20180329,5663178117,107630754,5770808871,1.87,701919241,13784474,715703715,1.93
20180330,5185190914,98994847,5284185761,1.87,683362708,13036012,696398720,1.87
20180331,4405897836,97549722,4503447558,2.17,684839980,13195392,698035372,1.89
20180401,4273254985,98358464,4371613449,2.25,669952086,13148427,683100513,1.92
20180402,4516367700,99453241,4615820941,2.15,673585268,13309314,686894582,1.94
20180403,4806517773,112150775,4918668548,2.28,740544399,13115771,753660170,1.74
20180404,4649231634,109847173,4759078807,2.31,750203801,13371260,763575061,1.75
20180405,4719907291,113149313,4833056604,2.34,734163350,14242987,748406337,1.9
20180406,4565002177,116152239,4681154416,2.48,716843694,13890220,730733914,1.9
20180407,4219686068,110424007,4330110075,2.55,678589844,13239624,691829468,1.91
20180408,4249149555,116004352,4365153907,2.66,666339943,13667352,680007295,2.01
20180409,4702672977,116799590,4819472567,2.42,677948278,13873441,691821719,2.01
20180410,4855196161,117996248,4973192409,2.37,706861875,13670603,720532478,1.9
20180411,5408051239,129502778,5537554017,2.34,722639014,13610249,736249263,1.85
20180412,4995644705,129545361,5125190066,2.53,759904657,13972364,773877021,1.81
20180413,4600997538,124314943,4725312481,2.63,756851524,13611423,770462947,1.77
20180414,4078648600,119031052,4197679652,2.84,732140918,13283459,745424377,1.78
20180415,4094036806,112646290,4206683096,2.68,745391486,13036294,758427780,1.72
20180416,4403805025,117218012,4521023037,2.59,748385790,13587678,761973468,1.78
20180417,4601399203,151535739,4752934942,3.19,778061112,14117874,792178986,1.78
20180418,4813216348,164558013,4977774361,3.31,789089376,14237953,803327329,1.77
20180419,4898364095,166736655,5065100750,3.29,765642891,14391528,780034419,1.84
20180420,4778733206,155034383,4933767589,3.14,768020708,14785238,782805946,1.89
20180421,4126832654,142024417,4268857071,3.33,793193344,13670011,806863355,1.69
20180422,3993216148,129340602,4122556750,3.14,802412827,13163056,815575883,1.61
20180423,4389298807,127433615,4516732422,2.82,821665619,13418212,835083831,1.61
20180424,4458566400,153471976,4612038376,3.33,888412633,13524825,901937458,1.5
20180425,5041205914,159417637,5200623551,3.07,871907862,14012923,885920785,1.58
20180426,4682876168,129154617,4812030785,2.68,861413035,13759975,875173010,1.57
20180427,4720282988,117258423,4837541411,2.42,851552413,13830047,865382460,1.6
20180428,3906180205,113500138,4019680343,2.82,856284574,13414350,869698924,1.54
20180429,3804499769,112829086,3917328855,2.88,855667416,12875767,868543183,1.48
20180430,4072703961,118100497,4190804458,2.82,871383054,13310225,884693279,1.5
20180501,3985763409,115283153,4101046562,2.81,877292998,13347918,890640916,1.5
20180502,4225373645,124664367,4350038012,2.87,888882882,13898568,902781450,1.54
20180503,4824865416,131672989,4956538405,2.66,922048062,14452225,936500287,1.54
20180504,5080930593,137613373,5218543966,2.64,901625812,14378353,916004165,1.57
20180505,4707408758,120033746,4827442504,2.49,864610079,14130840,878740919,1.61
20180506,4600102244,120157935,4720260179,2.55,852952914,13736605,866689519,1.58
20180507,4173941070,117632847,4291573917,2.74,879087850,13861542,892949392,1.55
20180508,4539126908,111175107,4650302015,2.39,916697891,13309476,930007367,1.43
20180509,5163498278,95669333,5259167611,1.82,901236433,12970367,914206800,1.42
20180510,5231297715,103342206,5334639921,1.94,941332319,13408213,954740532,1.4
20180511,4277216734,110947280,4388164014,2.53,921627823,13668759,935296582,1.46
20180512,3955322960,100511736,4055834696,2.48,885430444,12555350,897985794,1.4
20180513,3912818231,93719015,4006537246,2.34,889892358,12618661,902511019,1.4
20180514,4253906333,110895332,4364801665,2.54,899007325,13070849,912078174,1.43
20180515,4348475512,114278358,4462753870,2.56,934644661,13468518,948113179,1.42
20180516,4896268428,111947191,5008215619,2.24,937735977,13862500,951598477,1.46
20180517,4458954363,119826460,4578780823,2.62,919687176,13199930,932887106,1.41
20180518,4371646405,124456126,4496102531,2.77,881921976,13782190,895704166,1.54
20180519,4319409302,118726778,4438136080,2.68,839057591,14025314,853082905,1.64
20180520,5186987617,106540600,5293528217,2.01,757846728,14020125,771866853,1.82
20180521,5538045449,109587788,5647633237,1.94,788867175,16429677,805296852,2.04
20180522,5418849197,112942572,5531791769,2.04,767764631,13061131,780825762,1.67
20180523,4582768891,118887372,4701656263,2.53,745603759,13365013,758968772,1.76
20180524,4594793285,108917488,4703710773,2.32,755922497,13089527,769012024,1.7
20180525,4599097427,104478789,4703576216,2.22,776064489,13292955,789357444,1.68
20180526,4452302299,97928096,4550230395,2.15,859450343,13510221,872960564,1.55
20180527,4265335357,99578100,4364913457,2.28,857401171,13007656,870408827,1.49
20180528,4438488372,117374666,4555863038,2.58,866292918,13683082,879976000,1.55
20180529,4551898606,118371640,4670270246,2.53,924219659,14529610,938749269,1.55
20180530,4545953667,119145643,4665099310,2.55,923627575,14306479,937934054,1.53
20180531,4659494432,110094358,4769588790,2.31,901279812,14282274,915562086,1.56
20180601,4642642999,106360609,4749003608,2.24,908322100,14721196,923043296,1.59
20180602,4439138080,98757403,4537895483,2.18,860593269,13780416,874373685,1.58
20180603,4311733027,102941777,4414674804,2.33,896994164,13599715,910593879,1.49
20180604,4595935154,112832587,4708767741,2.4,961796903,14150549,975947452,1.45
20180605,4610337811,112872582,4723210393,2.39,949207252,14510037,963717289,1.51
20180606,4610098174,110083133,4720181307,2.33,952189485,14372060,966561545,1.49
20180607,4396270449,98310466,4494580915,2.19,935886010,13542548,949428558,1.43
20180608,4620338271,113539485,4733877756,2.4,893305339,14531390,907836729,1.6
20180609,4423496353,104236925,4527733278,2.3,820274711,13915706,834190417,1.67
20180610,4536624616,102115686,4638740302,2.2,800971134,13508095,814479229,1.66
20180611,4904740606,103812389,5008552995,2.07,821451472,13756731,835208203,1.65
20180612,5024999951,103227507,5128227458,2.01,897686513,13988142,911674655,1.53
20180613,4949258862,102760580,5052019442,2.03,900092088,14765029,914857117,1.61
20180614,5091165632,107822222,5198987854,2.07,986684414,14903237,1001587651,1.49
20180615,4730403294,106725708,4837129002,2.21,947155454,14436899,961592353,1.5
20180616,4190587578,100692417,4291279995,2.35,924031694,14524790,938556484,1.55
20180617,4212612536,96728334,4309340870,2.24,893989923,14421121,908411044,1.59
20180618,4647373530,100949698,4748323228,2.13,929934469,15115585,945050054,1.6
20180619,4813152796,89495402,4902648198,1.83,921751277,14436728,936188005,1.54
20180620,4873914534,100950117,4974864651,2.03,934350488,15061852,949412340,1.59
20180621,4870330547,116419649,4986750196,2.33,934417089,15510993,949928082,1.63
20180622,4819212272,112076449,4931288721,2.27,957456621,16302133,973758754,1.67
20180623,4553858159,99399437,4653257596,2.14,900546555,14775876,915322431,1.61
20180624,4496073395,98549113,4594622508,2.14,912184413,14318332,926502745,1.55
20180625,4953920879,100567968,5054488847,1.99,948852742,14513303,963366045,1.51
20180626,4871266068,110020678,4981286746,2.21,973602024,14890384,988492408,1.51
20180627,4853937288,108913576,4962850864,2.19,965256357,14111598,979367955,1.44
20180628,4797370832,96430667,4893801499,1.97,955777922,14457680,970235602,1.49
20180629,4580034191,102100034,4682134225,2.18,897284644,14346833,911631477,1.57
20180630,4448645842,109339019,4557984861,2.4,822952495,14138712,837091207,1.69
20180701,4344958615,114891399,4459850014,2.58,801318318,14241823,815560141,1.75
20180702,4808625355,124425972,4933051327,2.52,859727312,14383154,874110466,1.65
20180703,4810739225,123912545,4934651770,2.51,869480173,14407026,883887199,1.63
20180704,4681205225,123391325,4804596550,2.57,946037594,14409927,960447521,1.5
20180705,4715154285,126460406,4841614691,2.61,965190280,14705598,979895878,1.5
20180706,4611611674,129980871,4741592545,2.74,938884502,14583465,953467967,1.53
20180707,4437141812,127715668,4564857480,2.8,901963683,14500138,916463821,1.58
20180708,4362683853,124537988,4487221841,2.78,885334942,14608619,899943561,1.62
20180709,4619313421,121929685,4741243106,2.57,954653052,14986888,969639940,1.55
20180710,4764114798,129263876,4893378674,2.64,982321471,16034914,998356385,1.61
20180711,4817905627,126971597,4944877224,2.57,925205968,15920436,941126404,1.69
20180712,4785322882,123989600,4909312482,2.53,949461185,15485054,964946239,1.6
20180713,4603626255,118711999,4722338254,2.51,952490579,15237430,967728009,1.57
20180714,4346830417,118885924,4465716341,2.66,902257109,14947457,917204566,1.63
20180715,4247279673,127424189,4374703862,2.91,898920361,15360658,914281019,1.68
20180716,4670438780,134017244,4804456024,2.79,941929053,16103117,958032170,1.68
20180717,4783886141,129617885,4913504026,2.64,951753261,15438934,967192195,1.6
20180718,4681686481,132994131,4814680612,2.76,947492472,15536358,963028830,1.61
20180719,4637918002,132207491,4770125493,2.77,951397990,15312541,966710531,1.58
20180720,4583860739,127579371,4711440110,2.71,964637996,15451974,980089970,1.58
20180721,4296515262,109427606,4405942868,2.48,940666293,14262135,954928428,1.49
20180722,4282408208,109809729,4392217937,2.5,932555795,14322397,946878192,1.51
20180723,4704963774,117036095,4821999869,2.43,976269406,15514007,991783413,1.56
20180724,4786826238,119410341,4906236579,2.43,956141087,16196913,972338000,1.67
20180725,4795015310,122494824,4917510134,2.49,945007673,16446712,961454385,1.71
20180726,4851827642,130312195,4982139837,2.62,945072868,16918864,961991732,1.76
20180727,4797536418,125116427,4922652845,2.54,949689140,16283243,965972383,1.69
20180728,4811245645,140013382,4951259027,2.83,966498063,16110082,982608145,1.64
20180729,5353073537,143046670,5496120207,2.6,1089507685,16559592,1106067277,1.5
20180730,5966719470,131031793,6097751263,2.15,1192651748,17313382,1209965130,1.43
20180731,5880956245,130134682,6011090927,2.16,1194936505,17449044,1212385549,1.44
20180801,5918757282,127592893,6046350175,2.11,1189960992,17770752,1207731744,1.47
20180802,4719188786,120069967,4839258753,2.48,956841508,18863724,975705232,1.93
20180803,4423493461,114621328,4538114789,2.53,889414082,18498385,907912467,2.04
20180804,4088610713,110566923,4199177636,2.63,866740954,17381487,884122441,1.97
20180805,4063415870,109224388,4172640258,2.62,897788389,17357776,915146165,1.9
20180806,4410668489,119804930,4530473419,2.64,920248486,18497694,938746180,1.97
20180807,4441486321,115743858,4557230179,2.54,939034727,18499293,957534020,1.93
20180808,4765012509,119584718,4884597227,2.45,985991335,18476056,1004467391,1.84
20180809,4388281839,114372581,4502654420,2.54,979820260,18300037,998120297,1.83
20180810,4307909875,120582145,4428492020,2.72,958294504,18281722,976576226,1.87
20180811,3986375322,116034080,4102409402,2.83,913759514,17468907,931228421,1.88
20180812,4058625497,117474472,4176099969,2.81,891644472,17883324,909527796,1.97
20180813,4396045682,122482869,4518528551,2.71,943044604,18076334,961120938,1.88
20180814,4294801302,114677421,4409478723,2.6,970861461,18491236,989352697,1.87
20180815,4337777188,118568783,4456345971,2.66,970951716,17987668,988939384,1.82
20180816,4266574846,117675822,4384250668,2.68,955787302,18742849,974530151,1.92
20180817,4059082838,113178684,4172261522,2.71,958966483,19086789,978053272,1.95
20180818,3735937756,110987391,3846925147,2.89,952219555,18832307,971051862,1.94
20180819,3712895359,112058041,3824953400,2.93,955255809,19354690,974610499,1.99
20180820,4099900596,120925235,4220825831,2.86,991041991,19783917,1010825908,1.96
20180821,4126069271,111804713,4237873984,2.64,993940228,20925193,1014865421,2.06
20180822,4391806048,108808866,4500614914,2.42,1024514279,20749479,1045263758,1.99
20180823,4248349761,121465759,4369815520,2.78,1020395625,19934461,1040330086,1.92
20180824,4127465632,119965699,4247431331,2.82,979699015,19781632,999480647,1.98
20180825,3845079341,110550396,3955629737,2.79,946324439,19379790,965704229,2.01
20180826,3866331118,117834077,3984165195,2.96,920184359,19505686,939690045,2.08
20180827,4280301402,134212394,4414513796,3.04,987150461,19518476,1006668937,1.94
20180828,4270211750,117712348,4387924098,2.68,992651960,21874238,1014526198,2.16
20180829,4372828682,113967084,4486795766,2.54,1054441829,22273244,1076715073,2.07
20180830,4425592445,120211144,4545803589,2.64,1053216752,20807951,1074024703,1.94
20180831,4264836452,119124500,4383960952,2.72,1030935086,20213538,1051148624,1.92
20180901,3877165659,102735092,3979900751,2.58,980220940,20550644,1000771584,2.05
20180902,3799035514,101389907,3900425421,2.6,967971592,18872062,986843654,1.91
20180903,4274188196,115873712,4390061908,2.64,1044027357,19715800,1063743157,1.85
20180904,4324369244,110596513,4434965757,2.49,1008681986,19291107,1027973093,1.88
20180905,4311779793,111603611,4423383404,2.52,1015319897,20129771,1035449668,1.94
20180906,4400179472,118011096,4518190568,2.61,1014805424,19248531,1034053955,1.86
20180907,4310078482,114202485,4424280967,2.58,993897545,19825757,1013723302,1.96
20180908,3902549223,103653730,4006202953,2.59,975548018,17452910,993000928,1.76
20180909,3747060674,104690229,3851750903,2.72,950235375,17042871,967278246,1.76
20180910,4120324351,114872811,4235197162,2.71,951449931,17879570,969329501,1.84
20180911,4534649016,119544293,4654193309,2.57,1032409790,18861861,1051271651,1.79
20180912,4715506380,123340203,4838846583,2.55,1064182279,18862154,1083044433,1.74
20180913,4634811963,121399970,4756211933,2.55,1040190868,20621049,1060811917,1.94
20180914,4432903274,118356005,4551259279,2.6,1025249073,20436522,1045685595,1.95
20180915,4031403150,110194820,4141597970,2.66,1006826742,18679241,1025505983,1.82
20180916,3930138343,106539984,4036678327,2.64,990839441,17821033,1008660474,1.77
20180917,4337414223,116295463,4453709686,2.61,1024957461,19286099,1044243560,1.85
20180918,4548668987,112440592,4661109579,2.41,1075571664,19947003,1095518667,1.82
20180919,4453377330,116228451,4569605781,2.54,1084021818,20669518,1104691336,1.87
20180920,4398406225,112079577,4510485802,2.48,1071001173,22279925,1093281098,2.04
20180921,4944548894,107844463,5052393357,2.13,1186532331,22949963,1209482294,1.9
20180922,4773391106,97260654,4870651760,2.0,1182874020,20059208,1202933228,1.67
20180923,4568177956,96052830,4664230786,2.06,1133810150,19951828,1153761978,1.73
20180924,4354037236,105894721,4459931957,2.37,1086288552,20432883,1106721435,1.85
20180925,4445497153,111010987,4556508140,2.44,1129710522,21483784,1151194306,1.87
20180926,4517144574,115570277,4632714851,2.49,1135913210,21942973,1157856183,1.9
20180927,4518940055,111110843,4630050898,2.4,1118515843,19979997,1138495840,1.75
20180928,4431646354,109084148,4540730502,2.4,1133213760,19795035,1153008795,1.72
20180929,4133936825,102617172,4236553997,2.42,1098807129,18802525,1117609654,1.68
20180930,4146491436,98411012,4244902448,2.32,1074826584,18921515,1093748099,1.73
20181001,4655799373,109948952,4765748325,2.31,1108029535,20009518,1128039053,1.77
20181002,4740835499,108406765,4849242264,2.24,1112783552,19504989,1132288541,1.72
20181003,4844097242,105997676,4950094918,2.14,1120143417,18543151,1138686568,1.63
20181004,4841319882,108322739,4949642621,2.19,1073860768,17850458,1091711226,1.64
20181005,4730711727,108940285,4839652012,2.25,1050014452,18628074,1068642526,1.74
20181006,4407635064,102526483,4510161547,2.27,1004003452,17051281,1021054733,1.67
20181007,4354540708,104133604,4458674312,2.34,919032767,17845412,936878179,1.9
20181008,4777266223,109249767,4886515990,2.24,969605078,17411113,987016191,1.76
20181009,4946828351,108241741,5055070092,2.14,1011330659,17405813,1028736472,1.69
20181010,4951325480,106952079,5058277559,2.11,1000542256,17148808,1017691064,1.69
20181011,4900291639,111762962,5012054601,2.23,982730713,17334265,1000064978,1.73
20181012,4815552052,109959547,4925511599,2.23,1004244351,18429072,1022673423,1.8
20181013,4541263813,104799785,4646063598,2.26,977063280,17892245,994955525,1.8
20181014,4539758532,107875306,4647633838,2.32,959791809,16660425,976452234,1.71
20181015,4950514636,105667894,5056182530,2.09,996705615,17785335,1014490950,1.75
20181016,5018452297,108419894,5126872191,2.11,1036353769,18180543,1054534312,1.72
20181017,5001711282,109951113,5111662395,2.15,1043706809,19413761,1063120570,1.83
20181018,5008524888,111311456,5119836344,2.17,1021794368,19656559,1041450927,1.89
20181019,4987171813,109383400,5096555213,2.15,1040880284,19467771,1060348055,1.84
20181020,4746760291,107066691,4853826982,2.21,975727481,18031008,993758489,1.81
20181021,4698219620,106640772,4804860392,2.22,987350767,18097413,1005448180,1.8
20181022,5162643328,106018093,5268661421,2.01,1004514225,19317431,1023831656,1.89
20181023,5105693281,108005695,5213698976,2.07,1052989697,18674615,1071664312,1.74
20181024,5055921745,112962290,5168884035,2.19,1041958592,19585122,1061543714,1.84
20181025,5029374505,108509776,5137884281,2.11,1037300902,19480751,1056781653,1.84
20181026,4863686340,104679754,4968366094,2.11,988507974,18433795,1006941769,1.83
20181027,4520345753,99617457,4619963210,2.16,957040523,18520026,975560549,1.9
20181028,4466138086,95408445,4561546531,2.09,946062182,17318557,963380739,1.8
20181029,4988254458,102302756,5090557214,2.01,1029955192,18078868,1048034060,1.73
20181030,5038314864,106316797,5144631661,2.07,1028251936,19282128,1047534064,1.84
20181031,4925401957,113582966,5038984923,2.25,1006414644,22870996,1029285640,2.22
20181101,4832620289,109628826,4942249115,2.22,1023713588,22021475,1045735063,2.11
20181102,4815967393,104117935,4920085328,2.12,1025752652,20632848,1046385500,1.97
20181103,4478568851,104555877,4583124728,2.28,980053982,21321954,1001375936,2.13
20181104,4394264785,104148176,4498412961,2.32,968554735,20207073,988761808,2.04
20181105,4709059718,111689500,4820749218,2.32,1000321846,20043094,1020364940,1.96
20181106,4807069413,114514144,4921583557,2.33,1003372876,20653944,1024026820,2.02
20181107,4799850567,121168602,4921019169,2.46,992743454,23395906,1016139360,2.3
20181108,4774852094,126613326,4901465420,2.58,989136450,28242546,1017378996,2.78
20181109,4737497269,120616866,4858114135,2.48,988678821,24072788,1012751609,2.38
20181110,4515647835,116794868,4632442703,2.52,965547742,24795321,990343063,2.5
20181111,4785855016,112468296,4898323312,2.3,969861385,21537284,991398669,2.17
20181112,5147478298,118386400,5265864698,2.25,1002371709,21321651,1023693360,2.08
20181113,5198636418,122559206,5321195624,2.3,1021460231,20713382,1042173613,1.99
20181114,5237915512,132210029,5370125541,2.46,1013770676,21433080,1035203756,2.07
20181115,5195235321,127490771,5322726092,2.4,1043422740,22241109,1065663849,2.09
20181116,5007785674,119944156,5127729830,2.34,1046734940,20059520,1066794460,1.88
20181117,4672112619,111800581,4783913200,2.34,1005079599,18265069,1023344668,1.78
20181118,4669907545,110395821,4780303366,2.31,1008810714,19264690,1028075404,1.87
20181119,5148985727,118459856,5267445583,2.25,1058559477,22583998,1081143475,2.09
20181120,5734245480,124908893,5859154373,2.13,1151787456,20636916,1172424372,1.76
20181121,5373522908,114840792,5488363700,2.09,1084772956,18659435,1103432391,1.69
20181122,5337880025,117761058,5455641083,2.16,1056237798,18713743,1074951541,1.74
20181123,5343451663,122380238,5465831901,2.24,1083934116,24405234,1108339350,2.2
20181124,4976622251,122024372,5098646623,2.39,1044453333,24321875,1068775208,2.28
20181125,4880530386,122882497,5003412883,2.46,1033522909,27237858,1060760767,2.57
20181126,5445485878,125080300,5570566178,2.25,1091383454,26046005,1117429459,2.33
20181127,5446333246,113247872,5559581118,2.04,1107508191,23664806,1131172997,2.09
20181128,5508307871,116736876,5625044747,2.08,1137150070,22540812,1159690882,1.94
20181129,5420189866,113757194,5533947060,2.06,1148797310,30769252,1179566562,2.61
20181130,5015195821,106868744,5122064565,2.09,1124808306,25817307,1150625613,2.24
20181201,4676792663,103206959,4779999622,2.16,1078706828,25400858,1104107686,2.3
20181202,4611142753,101509942,4712652695,2.15,1051755030,23620835,1075375865,2.2
20181203,5197840369,111608137,5309448506,2.1,1111083689,25358749,1136442438,2.23
20181204,5297922819,115209276,5413132095,2.13,1123521315,26941417,1150462732,2.34
20181205,5373791151,111441564,5485232715,2.03,1172765332,25990889,1198756221,2.17
20181206,5542759370,110558599,5653317969,1.96,1095473963,23573179,1119047142,2.11
20181207,5315159924,107354164,5422514088,1.98,1069156046,22341562,1091497608,2.05
20181208,4894305480,107949023,5002254503,2.16,1042467202,23032451,1065499653,2.16
20181209,4820368239,105059037,4925427276,2.13,1036583592,20094235,1056677827,1.9
20181210,5121005703,109409929,5230415632,2.09,1112279401,21113614,1133393015,1.86
20181211,4692088266,92820463,4784908729,1.94,1011662587,17009489,1028672076,1.65
20181212,4992143635,101737882,5093881517,2.0,1059688997,18993037,1078682034,1.76
20181213,5227719248,107276082,5334995330,2.01,1083278485,21292270,1104570755,1.93
20181214,4951190939,112311695,5063502634,2.22,1066923203,20967379,1087890582,1.93
20181215,4660714693,97631616,4758346309,2.05,1039762794,18277460,1058040254,1.73
20181216,4637854903,96694339,4734549242,2.04,1036099646,18110814,1054210460,1.72
20181217,5067559665,109812816,5177372481,2.12,1087164941,19257368,1106422309,1.74
20181218,5182508893,113683477,5296192370,2.15,1089178861,20210654,1109389515,1.82
20181219,5199589889,112164851,5311754740,2.11,1094596919,21189524,1115786443,1.9
20181220,5221918384,108635941,5330554325,2.04,1094866310,20111102,1114977412,1.8
20181221,5051846087,103713164,5155559251,2.01,1072713701,20023000,1092736701,1.83
20181222,4564482602,98016881,4662499483,2.1,1031211204,18058705,1049269909,1.72
20181223,4406363753,93328098,4499691851,2.07,1021923133,16923970,1038847103,1.63
20181224,4630746483,95658010,4726404493,2.02,1048841025,18686387,1067527412,1.75
20181225,4574611948,93557750,4668169698,2.0,1036629389,19590594,1056219983,1.85
20181226,4813419275,95533952,4908953227,1.95,1082161378,20159871,1102321249,1.83
20181227,4950430782,97928630,5048359412,1.94,1177288510,20550714,1197839224,1.72
20181228,4953646146,98364133,5052010279,1.95,1363510963,18266058,1381777021,1.32
20181229,4687392921,99527634,4786920555,2.08,1303941844,17895844,1321837688,1.35
20181230,4569599003,101348191,4670947194,2.17,1281916539,16815617,1298732156,1.29
20181231,4747495071,109791301,4857286372,2.26,1318342620,16730014,1335072634,1.25
20190101,4569773057,100302625,4670075682,2.15,1288713324,15686725,1304400049,1.2
20190102,4983819155,98449048,5082268203,1.94,1387193995,17446565,1404640560,1.24
20190103,5115609560,96216907,5211826467,1.85,1374637924,18222675,1392860599,1.31
20190104,5031370549,97794655,5129165204,1.91,1364257042,18398037,1382655079,1.33
20190105,4625104676,97455789,4722560465,2.06,1319702045,18357950,1338059995,1.37
20190106,4635027427,102516772,4737544199,2.16,1337884343,18745520,1356629863,1.38
20190107,5096430646,99904728,5196335374,1.92,1395602481,18727356,1414329837,1.32
20190108,5680652053,101986808,5782638861,1.76,1412230588,20203753,1432434341,1.41
20190109,5221863962,96956414,5318820376,1.82,1401517156,20373136,1421890292,1.43
20190110,5229175470,107920374,5337095844,2.02,1392618665,21245894,1413864559,1.5
20190111,5132934820,106684938,5239619758,2.04,1404168028,22268299,1426436327,1.56
20190112,5003318327,109105843,5112424170,2.13,1364850960,20085132,1384936092,1.45
20190113,5029966063,104679903,5134645966,2.04,1382032936,20724600,1402757536,1.48
20190114,5475332102,104519979,5579852081,1.87,1465234497,23288368,1488522865,1.56
20190115,5378793719,96258028,5475051747,1.76,1429428502,21468662,1450897164,1.48
20190116,5398011442,97341993,5495353435,1.77,1435557765,21546738,1457104503,1.48
20190117,5379793609,96077419,5475871028,1.75,1417254857,22236933,1439491790,1.54
20190118,5306958068,97330649,5404288717,1.8,1403889168,21989536,1425878704,1.54
20190119,4987297526,104229032,5091526558,2.05,1404800306,24924681,1429724987,1.74
20190120,5026804331,115941443,5142745774,2.25,1426715572,27534189,1454249761,1.89
20190121,5402211416,114304194,5516515610,2.07,1444353833,28704233,1473058066,1.95
20190122,5556097970,108411663,5664509633,1.91,1425367680,28248235,1453615915,1.94
20190123,5735466436,105437612,5840904048,1.81,1451102060,30973231,1482075291,2.09
20190124,5808997805,100863761,5909861566,1.71,1448275491,26751747,1475027238,1.81
20190125,5714838050,101913701,5816751751,1.75,1435494027,26958778,1462452805,1.84
20190126,5372994756,97885699,5470880455,1.79,1383495758,27566028,1411061786,1.95
20190127,5385568735,95472466,5481041201,1.74,1403670901,24470023,1428140924,1.71
20190128,5738746698,102463428,5841210126,1.75,1433566943,20391941,1453958884,1.4
20190129,5719905320,91921168,5811826488,1.58,1443946734,21256719,1465203453,1.45
20190130,5813237519,106545943,5919783462,1.8,1496950320,23374218,1520324538,1.54
20190131,5800015394,104268519,5904283913,1.77,1474149765,23063301,1497213066,1.54
20190201,5980485345,102763891,6083249236,1.69,1526155982,21092676,1547248658,1.36
20190202,5488881873,94364257,5583246130,1.69,1464274422,20405195,1484679617,1.37
20190203,5317517626,91822962,5409340588,1.7,1547105394,20903802,1568009196,1.33
20190204,5783473399,102892675,5886366074,1.75,1499788819,19057148,1518845967,1.25
20190205,5808273834,105058028,5913331862,1.78,1419743991,19073635,1438817626,1.33
20190206,5833517627,107085658,5940603285,1.8,1433290240,18731278,1452021518,1.29
20190207,5982602334,112255176,6094857510,1.84,1465305301,19821432,1485126733,1.33
20190208,5919628424,105824513,6025452937,1.76,1441031111,19725018,1460756129,1.35
20190209,5469156500,101380679,5570537179,1.82,1394542238,17836600,1412378838,1.26
20190210,5503326920,94916765,5598243685,1.7,1429568277,17282895,1446851172,1.19
20190211,6030159643,106619687,6136779330,1.74,1479167046,18846799,1498013845,1.26
20190212,6205737831,109966588,6315704419,1.74,1569844877,18952300,1588797177,1.19
20190213,6167765296,109619079,6277384375,1.75,1502179585,19025133,1521204718,1.25
20190214,6108748477,109496514,6218244991,1.76,1476620821,18615494,1495236315,1.24
20190215,6014318772,107392017,6121710789,1.75,1457485111,18568687,1476053798,1.26
20190216,5622330806,104118312,5726449118,1.82,1394703046,17499161,1412202207,1.24
20190217,5597961050,97468869,5695429919,1.71,1408857665,17430472,1426288137,1.22
20190218,6165901742,109248311,6275150053,1.74,1449930497,18354995,1468285492,1.25
20190219,6237251531,117380746,6354632277,1.85,1486881161,18806768,1505687929,1.25
20190220,6358475692,112806648,6471282340,1.74,1514396716,18757793,1533154509,1.22
20190221,6130778466,115651517,6246429983,1.85,1473062140,18814478,1491876618,1.26
20190222,5921135203,112659604,6033794807,1.87,1451951416,18922547,1470873963,1.29
20190223,5590758608,108721920,5699480528,1.91,1434959359,18016836,1452976195,1.24
20190224,5638273656,103787805,5742061461,1.81,1424556431,18208742,1442765173,1.26
20190225,6256855616,115739358,6372594974,1.82,1451569581,19548199,1471117780,1.33
20190226,6254433781,117993281,6372427062,1.85,1470607254,19464997,1490072251,1.31
20190227,6225629658,115512988,6341142646,1.82,1458490984,19595992,1478086976,1.33
20190228,6307260935,114087408,6421348343,1.78,1426289473,19548077,1445837550,1.35
20190301,6419265149,110554850,6529819999,1.69,1424011859,19490374,1443502233,1.35
20190302,6047991151,102027063,6150018214,1.66,1416222572,18739941,1434962513,1.31
20190303,6016346314,104012984,6120359298,1.7,1394294382,18175790,1412470172,1.29
20190304,6588849852,113556166,6702406018,1.69,1483082649,19706864,1502789513,1.31
20190305,6664550750,117704857,6782255607,1.74,1527606223,21364498,1548970721,1.38
20190306,6653256284,114554941,6767811225,1.69,1533254638,20227248,1553481886,1.3
20190307,6635755565,104018967,6739774532,1.54,1536458250,20539638,1556997888,1.32
20190308,6589150752,98377581,6687528333,1.47,1528258394,19444069,1547702463,1.26
20190309,6116520420,96066061,6212586481,1.55,1472339511,18327526,1490667037,1.23
20190310,6247348303,92986366,6340334669,1.47,1469016350,17922955,1486939305,1.21
20190311,6723859860,102900450,6826760310,1.51,1488863596,19825543,1508689139,1.31
20190312,6768167756,106188547,6874356303,1.54,1499597110,20374114,1519971224,1.34
20190313,6992356750,106059643,7098416393,1.49,1503725139,20197039,1523922178,1.33
20190314,6814853854,104843169,6919697023,1.52,1487068917,19977242,1507046159,1.33
20190315,6880941307,105829712,6986771019,1.51,1505426148,20454104,1525880252,1.34
20190316,6397639653,88740638,6486380291,1.37,1408222291,18922484,1427144775,1.33
20190317,6515600748,89206549,6604807297,1.35,1395657407,18418479,1414075886,1.3
20190318,6949821901,94363518,7044185419,1.34,1462674704,20147691,1482822395,1.36
20190319,6900894551,94421680,6995316231,1.35,1472748998,20214094,1492963092,1.35
20190320,6874858568,96475420,6971333988,1.38,1477360726,20037808,1497398534,1.34
20190321,6783238026,96861656,6880099682,1.41,1469412198,19925797,1489337995,1.34
20190322,6403173021,98819715,6501992736,1.52,1464593284,20121817,1484715101,1.36
20190323,5385131809,88689006,5473820815,1.62,1380054372,18645190,1398699562,1.33
20190324,5456014741,94494808,5550509549,1.7,1431149674,18236068,1449385742,1.26
20190325,6066303873,107281779,6173585652,1.74,1478199507,19926487,1498125994,1.33
20190326,5921971963,95465580,6017437543,1.59,1476238857,19745379,1495984236,1.32
20190327,5966312788,102852411,6069165199,1.69,1491639970,19298491,1510938461,1.28
20190328,5992779845,108169688,6100949533,1.77,1481445461,18928769,1500374230,1.26
20190329,6037894764,115335955,6153230719,1.87,1484518019,19006302,1503524321,1.26
20190330,5486750803,109591928,5596342731,1.96,1434411401,17733057,1452144458,1.22
20190331,6063730184,105630940,6169361124,1.71,1422914861,17634355,1440549216,1.22
20190401,5992086014,105426784,6097512798,1.73,1475944701,19004567,1494949268,1.27
20190402,5935244843,116672084,6051916927,1.93,1552711957,19513974,1572225931,1.24
20190403,5947094426,111557156,6058651582,1.84,1542746762,20836944,1563583706,1.33
20190404,5998805366,108281812,6107087178,1.77,1503575471,20243590,1523819061,1.33
20190405,6057901864,109479518,6167381382,1.78,1507409408,20272580,1527681988,1.33
20190406,5691640761,106901998,5798542759,1.84,1457727732,18502825,1476230557,1.25
20190407,5626449119,105775498,5732224617,1.85,1447927641,18372539,1466300180,1.25
20190408,6070670619,109313578,6179984197,1.77,1504051646,17883503,1521935149,1.18
20190409,6218618094,104978318,6323596412,1.66,1527293934,17906277,1545200211,1.16
20190410,6556071313,111210813,6667282126,1.67,1612641165,18619151,1631260316,1.14
20190411,6153116603,103389888,6256506491,1.65,1507259880,18060953,1525320833,1.18
20190412,6204715368,104421480,6309136848,1.66,1424809962,18760917,1443570879,1.3
20190413,5806792798,97051992,5903844790,1.64,1456069136,17927952,1473997088,1.22
20190414,5796565871,95515910,5892081781,1.62,1466195056,17956962,1484152018,1.21
20190415,6220134337,99113984,6319248321,1.57,1482139225,18977857,1501117082,1.26
20190416,6199963806,103554453,6303518259,1.64,1498828891,18689061,1517517952,1.23
20190417,6214164136,103556124,6317720260,1.64,1510113458,18890315,1529003773,1.24
20190418,6272172444,108061574,6380234018,1.69,1496532198,18984797,1515516995,1.25
20190419,5870385098,99816421,5970201519,1.67,1484577630,18009347,1502586977,1.2
20190420,5542214942,98753874,5640968816,1.75,1451902392,17801982,1469704374,1.21
20190421,5596729060,95422411,5692151471,1.68,1474457391,17400798,1491858189,1.17
20190422,6012023757,101476074,6113499831,1.66,1521216044,18015401,1539231445,1.17
20190423,6180276066,105299375,6285575441,1.68,1503825020,18553145,1522378165,1.22
20190424,7544933271,102792840,7647726111,1.34,1481578224,18810061,1500388285,1.25
20190425,8013884144,100525108,8114409252,1.24,1490766904,18958925,1509725829,1.26
20190426,7998323361,99247119,8097570480,1.23,1508041839,18911475,1526953314,1.24
20190427,6179603914,94988702,6274592616,1.51,1495622775,18014018,1513636793,1.19
20190428,5993251351,92123798,6085375149,1.51,1483906329,18501986,1502408315,1.23
20190429,6344052802,96889867,6440942669,1.5,1539765874,19561630,1559327504,1.25
20190430,6689336769,103172833,6792509602,1.52,1733064551,17736466,1750801017,1.01
20190501,6253657991,93433427,6347091418,1.47,1734482849,17006512,1751489361,0.97
20190502,6231027662,95657357,6326685019,1.51,1758054160,17153214,1775207374,0.97
20190503,6353911529,96577038,6450488567,1.5,1746609006,17503203,1764112209,0.99
20190504,6042764129,99312575,6142076704,1.62,1679248296,16769919,1696018215,0.99
20190505,5850958922,96043391,5947002313,1.61,1666239948,16721288,1682961236,0.99
20190506,6297556984,99571319,6397128303,1.56,1720475586,17475896,1737951482,1.01
20190507,6376344108,101145815,6477489923,1.56,1746980904,17648226,1764629130,1.0
20190508,6293568011,101087951,6394655962,1.58,1752087880,17575387,1769663267,0.99
20190509,6216572015,103542779,6320114794,1.64,1756176999,17787994,1773964993,1.0
20190510,6176324037,104426246,6280750283,1.66,1767350216,20000423,1787350639,1.12
20190511,5921326685,92554960,6013881645,1.54,1705940128,16723087,1722663215,0.97
20190512,5977238616,94755198,6071993814,1.56,1746391055,17465801,1763856856,0.99
20190513,6325438549,100056160,6425494709,1.56,1796130695,17730861,1813861556,0.98
20190514,6281288998,103802403,6385091401,1.63,1769148638,17982891,1787131529,1.01
20190515,6780407945,98868830,6879276775,1.44,1806089315,17871616,1823960931,0.98
20190516,6502822089,105372361,6608194450,1.59,1803173834,17820757,1820994591,0.98
20190517,6444351525,103701641,6548053166,1.58,1800527938,17197011,1817724949,0.95
20190518,5871947667,93926282,5965873949,1.57,1727491578,16259244,1743750822,0.93
20190519,5943624372,94170012,6037794384,1.56,1766538096,16606802,1783144898,0.93
20190520,6492789666,102622664,6595412330,1.56,1770632406,18508854,1789141260,1.03
20190521,6516274728,100550356,6616825084,1.52,1739242702,17683390,1756926092,1.01
20190522,6542009739,101967277,6643977016,1.53,1744349414,17457417,1761806831,0.99
20190523,6618015715,105082116,6723097831,1.56,1796798279,17524158,1814322437,0.97
20190524,6396579802,103183494,6499763296,1.59,1753088890,17728853,1770817743,1.0
20190525,5990538419,95787544,6086325963,1.57,1682472969,16417213,1698890182,0.97
20190526,5731696322,96094234,5827790556,1.65,1639094409,16148364,1655242773,0.98
20190527,6212494084,104927716,6317421800,1.66,1723157720,17394187,1740551907,1.0
20190528,6410196798,105270736,6515467534,1.62,1838099798,17305833,1855405631,0.93
20190529,6543154547,105633916,6648788463,1.59,1872303951,18200287,1890504238,0.96
20190530,6432045805,104971553,6537017358,1.61,1881607504,20005569,1901613073,1.05
20190531,6372168696,104644431,6476813127,1.62,1858683816,20584136,1879267952,1.1
20190601,5946877008,96702342,6043579350,1.6,1835736635,18294877,1854031512,0.99
20190602,5748139715,93449801,5841589516,1.6,1767250472,17478142,1784728614,0.98
20190603,6332626702,102865663,6435492365,1.6,1847055014,20577297,1867632311,1.1
20190604,6412719477,99939146,6512658623,1.53,1910921549,19634333,1930555882,1.02
20190605,6329270861,98378938,6427649799,1.53,1900074407,19069837,1919144244,0.99
20190606,6486424248,98449334,6584873582,1.5,1909158482,18233052,1927391534,0.95
20190607,6543689107,94488588,6638177695,1.42,1858528334,17771962,1876300296,0.95
20190608,6146985157,92910956,6239896113,1.49,1772340022,16781498,1789121520,0.94
20190609,6068107374,92960081,6161067455,1.51,1780417750,16618964,1797036714,0.92
20190610,6491896839,94511429,6586408268,1.43,1848979005,19475362,1868454367,1.04
20190611,6561029380,102072338,6663101718,1.53,1856402969,19305183,1875708152,1.03
20190612,6633108861,101278022,6734386883,1.5,1873004654,20108198,1893112852,1.06
20190613,6683062190,104512680,6787574870,1.54,1897201878,20367613,1917569491,1.06
20190614,6597344419,102833179,6700177598,1.53,1882663864,20113642,1902777506,1.06
20190615,6077849119,100754498,6178603617,1.63,1812528925,19251853,1831780778,1.05
20190616,6172043257,98785924,6270829181,1.58,1792750474,19448090,1812198564,1.07
20190617,6700975786,110546849,6811522635,1.62,1876524175,21866869,1898391044,1.15
20190618,6694156379,108195618,6802351997,1.59,1894845638,22505747,1917351385,1.17
20190619,6737459249,105030249,6842489498,1.53,1911407299,22766836,1934174135,1.18
20190620,6870698478,114944073,6985642551,1.65,1926729728,23043791,1949773519,1.18
20190621,7056168862,118720745,7174889607,1.65,1885827905,22754607,1908582512,1.19
20190622,6515540121,112811506,6628351627,1.7,1768334671,21238118,1789572789,1.19
20190623,6319839726,110054834,6429894560,1.71,1780562651,21227662,1801790313,1.18
20190624,6942169931,121285732,7063455663,1.72,1848230777,22753092,1870983869,1.22
20190625,6709220832,119528317,6828749149,1.75,1921587856,21841294,1943429150,1.12
20190626,6878237921,121554226,6999792147,1.74,1925594567,21706773,1947301340,1.11
20190627,6787469717,127814055,6915283772,1.85,2006813739,22028172,2028841911,1.09
20190628,6478701699,126606198,6605307897,1.92,1877839906,21782156,1899622062,1.15
20190629,6058479577,114383982,6172863559,1.85,1890265150,20370131,1910635281,1.07
20190630,5956505280,110249461,6066754741,1.82,1884173260,20425231,1904598491,1.07
20190701,6632099220,120639780,6752739000,1.79,1958617344,21412634,1980029978,1.08
20190702,6651330413,117434640,6768765053,1.73,1990285077,20843476,2011128553,1.04
20190703,6796684372,115301153,6911985525,1.67,1927037249,20719755,1947757004,1.06
20190704,6517836373,115077783,6632914156,1.73,1887221515,21109485,1908331000,1.11
20190705,6766745838,112851268,6879597106,1.64,1829465392,21127717,1850593109,1.14
20190706,6580530762,107356854,6687887616,1.61,1816241912,20266876,1836508788,1.1
20190707,5989750313,106813210,6096563523,1.75,1799310040,20094646,1819404686,1.1
20190708,6537318119,112183864,6649501983,1.69,1914857936,21093466,1935951402,1.09
20190709,6710021889,113163067,6823184956,1.66,1998327327,20959581,2019286908,1.04
20190710,6635209187,116346279,6751555466,1.72,2030137836,20779246,2050917082,1.01
20190711,6675033356,116615620,6791648976,1.72,1943566221,21516890,1965083111,1.09
20190712,6714803958,114506048,6829310006,1.68,1924218436,21260972,1945479408,1.09
20190713,6206677073,113590074,6320267147,1.8,1789720390,22071633,1811792023,1.22
20190714,6170358146,118609520,6288967666,1.89,1708746899,23364251,1732111150,1.35
20190715,6500040324,124770708,6624811032,1.88,1955110430,23730804,1978841234,1.2
20190716,6609494749,125891881,6735386630,1.87,1965610837,21773450,1987384287,1.1
20190717,6661864717,125033747,6786898464,1.84,1985016218,23992136,2009008354,1.19
20190718,6683055559,124273872,6807329431,1.83,2003665554,23047742,2026713296,1.14
20190719,6697691441,124033951,6821725392,1.82,1998897672,21180112,2020077784,1.05
20190720,6206083654,120449125,6326532779,1.9,1994160664,20081470,2014242134,1.0
20190721,6136902855,122025447,6258928302,1.95,1920353101,22727544,1943080645,1.17
20190722,6725207845,127646007,6852853852,1.86,1970702640,23229353,1993931993,1.17
20190723,6727859688,137659792,6865519480,2.01,2021494780,23752914,2045247694,1.16
20190724,6576786319,128599025,6705385344,1.92,2046790012,23116826,2069906838,1.12
20190725,6658796291,143179998,6801976289,2.1,2071554163,23516988,2095071151,1.12
20190726,6782202488,151731860,6933934348,2.19,2024161465,24989150,2049150615,1.22
20190727,6339999836,136278363,6476278199,2.1,1944959125,23491827,1968450952,1.19
20190728,6206695212,128666810,6335362022,2.03,1902806243,23276595,1926082838,1.21
20190729,6702849372,137403949,6840253321,2.01,2018955236,23580385,2042535621,1.15
20190730,6795960084,124383785,6920343869,1.8,2056401979,23959412,2080361391,1.15
20190731,6635565846,128008271,6763574117,1.89,2056284564,23228050,2079512614,1.12
20190801,6782615910,129394764,6912010674,1.87,2110359668,23562017,2133921685,1.1
20190802,6744031100,124885285,6868916385,1.82,2086808497,22282105,2109090602,1.06
20190803,6428143401,123477655,6551621056,1.88,1967891773,21235957,1989127730,1.07
20190804,6178877990,113313235,6292191225,1.8,1987235474,20075532,2007311006,1.0
20190805,6595512523,126764481,6722277004,1.89,1988781544,22584733,2011366277,1.12
20190806,6682651919,127569908,6810221827,1.87,1984427267,21708616,2006135883,1.08
20190807,6398865766,124279006,6523144772,1.91,1986691982,21611925,2008303907,1.08
20190808,6421763492,122945909,6544709401,1.88,2029405368,21986818,2051392186,1.07
20190809,6410052246,122161021,6532213267,1.87,2030603909,22168092,2052772001,1.08
20190810,5974369058,120801722,6095170780,1.98,1963325056,22048740,1985373796,1.11
20190811,6030780673,124905725,6155686398,2.03,1943191706,22093293,1965284999,1.12
20190812,6420854925,124718426,6545573351,1.91,2048115293,23436167,2071551460,1.13
20190813,6405616053,126794148,6532410201,1.94,2018494837,22891168,2041386005,1.12
20190814,6710532671,128164656,6838697327,1.87,2104397640,23866679,2128264319,1.12
20190815,8117903574,136083952,8253987526,1.65,2428134507,24546772,2452681279,1.0
20190816,8213804124,132788860,8346592984,1.59,2365099649,23520961,2388620610,0.98
20190817,6128438201,125970713,6254408914,2.01,1906009553,20343112,1926352665,1.06
20190818,5966172358,120677156,6086849514,1.98,1819463786,19952166,1839415952,1.08
20190819,6534104107,130723701,6664827808,1.96,1898295812,21644524,1919940336,1.13
20190820,6526820331,127189492,6654009823,1.91,1949022726,21920133,1970942859,1.11
20190821,6616857271,129476903,6746334174,1.92,1749778954,21610861,1771389815,1.22
20190822,6711151453,128528963,6839680416,1.88,1747473983,21539028,1769013011,1.22
20190823,6785248024,127050432,6912298456,1.84,1793036069,21239364,1814275433,1.17
20190824,6148794600,112894059,6261688659,1.8,1703160256,20334211,1723494467,1.18
20190825,5947191644,117290568,6064482212,1.93,1711054737,20485525,1731540262,1.18
20190826,6475165520,133040053,6608205573,2.01,1775758112,21423550,1797181662,1.19
20190827,6580771803,130669295,6711441098,1.95,1751921483,21809284,1773730767,1.23
20190828,6543640132,129556543,6673196675,1.94,1805683935,21051360,1826735295,1.15
20190829,6532101033,134747611,6666848644,2.02,1803590487,21574410,1825164897,1.18
20190830,6471609142,131960663,6603569805,2.0,1701209113,19802731,1721011844,1.15
20190831,5971193464,120848257,6092041721,1.98,1635408901,18960627,1654369528,1.15
20190901,5841013463,115408102,5956421565,1.94,1640527286,18293096,1658820382,1.1
20190902,6323415969,115185538,6438601507,1.79,1757417897,18991979,1776409876,1.07
20190903,6462326517,131670667,6593997184,2.0,1771020025,20064920,1791084945,1.12
20190904,6494654789,133477207,6628131996,2.01,1761516361,20564904,1782081265,1.15
20190905,6577519744,142400936,6719920680,2.12,1786504931,23406385,1809911316,1.29
20190906,6611383147,139898696,6751281843,2.07,1842511042,23292106,1865803148,1.25
20190907,6217964904,130906797,6348871701,2.06,1772520357,22990747,1795511104,1.28
20190908,6533955517,146424842,6680380359,2.19,1839804146,23336549,1863140695,1.25
20190909,6759860179,150850090,6910710269,2.18,1720109672,24337154,1744446826,1.4
20190910,6511640201,144031415,6655671616,2.16,1670046786,22736112,1692782898,1.34
20190911,6468751980,144410722,6613162702,2.18,1676509265,22252641,1698761906,1.31
20190912,6553427483,140738658,6694166141,2.1,1685182380,22621218,1707803598,1.32
20190913,6623386467,133446027,6756832494,1.97,1628399479,22046374,1650445853,1.34
20190914,6269932518,136373689,6406306207,2.13,1600209479,21031385,1621240864,1.3
20190915,5997846731,129022782,6126869513,2.11,1601533720,21661589,1623195309,1.33
20190916,6520286294,137003300,6657289594,2.06,1684497538,23405750,1707903288,1.37
20190917,6773846583,137928862,6911775445,2.0,1742430403,23192453,1765622856,1.31
20190918,6786753872,146993315,6933747187,2.12,1816782340,23891097,1840673437,1.3
20190919,6894087476,139701731,7033789207,1.99,1813050892,23855565,1836906457,1.3
20190920,6945584329,142770661,7088354990,2.01,1820728065,24012001,1844740066,1.3
20190921,6459510586,137213069,6596723655,2.08,1771809805,22793419,1794603224,1.27
20190922,6356992828,139111346,6496104174,2.14,1761139191,20091415,1781230606,1.13
20190923,6805763151,142754921,6948518072,2.05,1819766052,25631058,1845397110,1.39
20190924,7025178557,146316744,7171495301,2.04,1867854736,23455350,1891310086,1.24
20190925,6948209879,144097638,7092307517,2.03,1878282133,23479445,1901761578,1.23
20190926,6926797857,153251531,7080049388,2.16,1871092667,23627305,1894719972,1.25
20190927,6977065322,146010819,7123076141,2.05,1779907513,23341004,1803248517,1.29
20190928,6538447637,143396931,6681844568,2.15,1721414114,24111699,1745525813,1.38
20190929,6449371236,133645410,6583016646,2.03,1739136674,36735594,1775872268,2.07
20190930,6933701638,149276042,7082977680,2.11,1731560128,23986681,1755546809,1.37
20191001,6943735231,150796667,7094531898,2.13,1745967469,23401610,1769369079,1.32
20191002,6948709650,150223968,7098933618,2.12,1852863433,25984364,1878847797,1.38
20191003,6944602463,144931160,7089533623,2.04,1938989020,47578570,1986567590,2.4
20191004,7436089866,149505180,7585595046,1.97,1801334298,26439944,1827774242,1.45
20191005,7416268727,145992130,7562260857,1.93,1761731165,23421111,1785152276,1.31
20191006,7471017251,138705324,7609722575,1.82,1709955072,23013845,1732968917,1.33
20191007,7841806130,140168588,7981974718,1.76,1822225887,23672997,1845898884,1.28
20191008,7206272673,143869404,7350142077,1.96,1809823701,22958150,1832781851,1.25
20191009,7168336527,146584605,7314921132,2.0,1907605302,24458262,1932063564,1.27
20191010,7139476321,147603328,7287079649,2.03,1805417304,24688842,1830106146,1.35
20191011,7332942859,142192161,7475135020,1.9,1967127249,68281363,2035408612,3.35
20191012,6975501167,132183944,7107685111,1.86,1731765812,26245539,1758011351,1.49
20191013,6778111061,130910157,6909021218,1.89,1712422354,25662238,1738084592,1.48
20191014,7159086293,142403663,7301489956,1.95,1790501519,26825000,1817326519,1.48
20191015,7149269295,139285016,7288554311,1.91,1793187384,27339474,1820526858,1.5
20191016,7053048358,141040890,7194089248,1.96,1853558638,33424182,1886982820,1.77
20191017,7417662875,138480506,7556143381,1.83,1864437801,35899374,1900337175,1.89
20191018,8864667233,135448715,9000115948,1.5,2232950064,36530818,2269480882,1.61
20191019,7449037485,126284832,7575322317,1.67,1844182938,35819539,1880002477,1.91
20191020,7306841529,121941341,7428782870,1.64,1790075477,35610212,1825685689,1.95
20191021,7745372419,132783506,7878155925,1.69,1833316356,35801708,1869118064,1.92
20191022,7326908807,130330315,7457239122,1.75,1896484674,34538035,1931022709,1.79
20191023,7267220162,134556265,7401776427,1.82,1897003066,36937207,1933940273,1.91
20191024,7247933659,135489258,7383422917,1.84,1904516839,38034106,1942550945,1.96
20191025,7443560222,141657206,7585217428,1.87,1857298552,37393280,1894691832,1.97
20191026,6601777181,137710849,6739488030,2.04,1773616840,36697505,1810314345,2.03
20191027,6491434491,137268852,6628703343,2.07,1761047005,35224672,1796271677,1.96
20191028,6972578560,145674959,7118253519,2.05,1870562107,57461369,1928023476,2.98
20191029,7101177102,147776968,7248954070,2.04,1855180498,40541906,1895722404,2.14
20191030,7177637010,150708020,7328345030,2.06,1929848913,66093026,1995941939,3.31
20191031,7097359816,151126314,7248486130,2.08,2045456412,91154402,2136610814,4.27
20191101,7006785343,145013741,7151799084,2.03,1826912980,50833680,1877746660,2.71
20191102,6737130669,147866407,6884997076,2.15,1850153419,56823216,1906976635,2.98
20191103,6597611327,140412518,6738023845,2.08,1766486616,42634863,1809121479,2.36
20191104,6962784865,152494709,7115279574,2.14,1815054430,41994321,1857048751,2.26
20191105,7122690256,149014177,7271704433,2.05,1858499974,42046310,1900546284,2.21
20191106,6912529149,150382820,7062911969,2.13,1821873525,42004019,1863877544,2.25
