#date,queriesUDP_IPV4,queriesTCP_IPv4,queriesTOTAL_IPv4,ratioTCP_IPv4,queriesUDP_IPV6,queriesTCP_IPv6,queriesTOTAL_IPv6,ratioTCP_IPv6
20140615,30080823,881415,30962238,2.85,5440657,7197,5447854,0.13
20140620,2176033384,11970865,2188004249,0.55,180768900,479919,181248819,0.26
20140621,1991259736,11055947,2002315683,0.55,166046850,549259,166596109,0.33
20140626,2360705425,13161092,2373866517,0.55,200269679,653910,200923589,0.33
20140627,3176588661,51927217,3228515878,1.61,183098439,670589,183769028,0.36
20140628,2870393279,44920464,2915313743,1.54,169927133,1068151,170995284,0.62
20140629,2726934914,48200553,2775135467,1.74,163605273,675422,164280695,0.41
20140630,3053661260,48327099,3101988359,1.56,177646782,688396,178335178,0.39
20140701,3064409298,42639450,3107048748,1.37,185810992,754511,186565503,0.4
20140702,3005992808,41918856,3047911664,1.38,185930005,566993,186496998,0.3
20140703,3053396736,40730984,3094127720,1.32,180972843,700019,181672862,0.39
20140704,2884754688,40712773,2925467461,1.39,175300150,616790,175916940,0.35
20140705,2745000564,39181591,2784182155,1.41,178028341,852392,178880733,0.48
20140706,2723107495,41219922,2764327417,1.49,167041670,801263,167842933,0.48
20140707,3101056997,42935024,3143992021,1.37,186082661,697784,186780445,0.37
20140708,3156006095,41706177,3197712272,1.3,188386124,535780,188921904,0.28
20140709,3512029367,60723942,3572753309,1.7,202240106,678678,202918784,0.33
20140710,3755850581,70825422,3826676003,1.85,211598344,662002,212260346,0.31
20140711,4196989445,74609322,4271598767,1.75,246712804,1094616,247807420,0.44
20140712,3220175671,54669406,3274845077,1.67,183304967,772113,184077080,0.42
20140713,2972818277,46793512,3019611789,1.55,174069724,699703,174769427,0.4
20140714,3382802720,53790963,3436593683,1.57,188273339,648596,188921935,0.34
20140715,3810344116,65504804,3875848920,1.69,212572810,834326,213407136,0.39
20140716,3473157079,55830904,3528987983,1.58,211033279,785828,211819107,0.37
20140717,4821588526,83220388,4904808914,1.7,287197903,1492112,288690015,0.52
20140718,3314965043,53497964,3368463007,1.59,207381840,782181,208164021,0.38
20140719,3066821387,40399095,3107220482,1.3,177621338,654750,178276088,0.37
20140720,2984564848,41975853,3026540701,1.39,174913543,628985,175542528,0.36
20140721,3220145546,47444645,3267590191,1.45,197826184,827902,198654086,0.42
20140722,3322135552,48637945,3370773497,1.44,211989707,501496,212491203,0.24
20140723,3669867607,64680945,3734548552,1.73,226420205,716558,227136763,0.32
20140724,3450175578,55499329,3505674907,1.58,210462202,562166,211024368,0.27
20140726,3076694924,52613978,3129308902,1.68,184703326,432779,185136105,0.23
20140727,3078545844,56728598,3135274442,1.81,187896355,492495,188388850,0.26
20140728,3320861833,56158033,3377019866,1.66,198479808,432978,198912786,0.22
20140729,3276586589,50980830,3327567419,1.53,191900781,487827,192388608,0.25
20140730,3394231877,52949993,3447181870,1.54,192627055,448134,193075189,0.23
20140731,3376299518,54205896,3430505414,1.58,192486899,1470062,193956961,0.76
20140801,3229186057,53369459,3282555516,1.63,193568045,2071455,195639500,1.06
20140802,2920146470,46000610,2966147080,1.55,170409596,1447721,171857317,0.84
20140803,3166977959,51539115,3218517074,1.6,167042508,1542680,168585188,0.92
20140804,3394086690,54017036,3448103726,1.57,182913343,796201,183709544,0.43
20140805,3406200875,54431679,3460632554,1.57,191739318,1576944,193316262,0.82
20140806,3610967781,57834104,3668801885,1.58,176024132,552118,176576250,0.31
20140807,3410274925,54156865,3464431790,1.56,174394032,437660,174831692,0.25
20140808,3524729680,51877791,3576607471,1.45,173703321,401902,174105223,0.23
20140809,3153280701,51450471,3204731172,1.61,149318278,355875,149674153,0.24
20140810,3592438737,57625526,3650064263,1.58,173361211,445904,173807115,0.26
20140811,3217363664,49152384,3266516048,1.5,161923980,434138,162358118,0.27
20140812,3376719558,44847172,3421566730,1.31,168754726,428918,169183644,0.25
20140813,3456772947,39437072,3496210019,1.13,167585737,437420,168023157,0.26
20140814,3356142804,37633701,3393776505,1.11,165620883,428435,166049318,0.26
20140815,3295762313,38538400,3334300713,1.16,158078537,362633,158441170,0.23
20140816,3101104211,36353997,3137458208,1.16,145716693,302958,146019651,0.21
20140817,3144833338,38252792,3183086130,1.2,146486221,323844,146810065,0.22
20140818,3347164190,37054287,3384218477,1.09,160408069,368568,160776637,0.23
20140819,3254550379,36141716,3290692095,1.1,161683920,375199,162059119,0.23
20140820,3126028748,29215939,3155244687,0.93,162075192,369455,162444647,0.23
20140821,2879914579,21222867,2901137446,0.73,161004918,400002,161404920,0.25
20140822,2854631819,22519574,2877151393,0.78,160723608,409265,161132873,0.25
20140823,2731804234,20342569,2752146803,0.74,151140167,358491,151498658,0.24
20140824,2746540548,27865403,2774405951,1.0,160119178,330026,160449204,0.21
20140825,2980885109,21362402,3002247511,0.71,180418956,425637,180844593,0.24
20140826,3030464867,23614578,3054079445,0.77,179647966,432690,180080656,0.24
20140828,2955015387,21441577,2976456964,0.72,173717811,328455,174046266,0.19
20140829,2881580042,21763193,2903343235,0.75,175739173,516735,176255908,0.29
20140830,2758217526,23264787,2781482313,0.84,167175542,430737,167606279,0.26
20140831,2729659427,20143498,2749802925,0.73,170467625,395413,170863038,0.23
20140901,3387436579,34525251,3421961830,1.01,196220087,519947,196740034,0.26
20140902,3156248799,26975311,3183224110,0.85,185277902,504698,185782600,0.27
20140903,4693053958,53410955,4746464913,1.13,244302653,804120,245106773,0.33
20140904,3053629560,21298624,3074928184,0.69,181255564,448895,181704459,0.25
20140905,2982890126,23016850,3005906976,0.77,177381453,434145,177815598,0.24
20140906,2818703518,20952430,2839655948,0.74,165970744,426320,166397064,0.26
20140907,2777761336,20024212,2797785548,0.72,168200529,460016,168660545,0.27
20140908,3172788483,28975321,3201763804,0.9,186485507,613013,187098520,0.33
20140909,3124184457,23550295,3147734752,0.75,187681738,645078,188326816,0.34
20140910,3188303679,24122176,3212425855,0.75,186334677,548304,186882981,0.29
20140911,3279585556,23166117,3302751673,0.7,187413086,478786,187891872,0.25
20140912,3310024170,22689223,3332713393,0.68,189956696,577076,190533772,0.3
20140913,3062348087,24282075,3086630162,0.79,175007830,478161,175485991,0.27
20140914,2865444819,21089392,2886534211,0.73,168879873,536364,169416237,0.32
20140915,3309330088,23596477,3332926565,0.71,188716379,571746,189288125,0.3
20140916,3478301512,29434318,3507735830,0.84,191769041,550855,192319896,0.29
20140917,3426368921,30247320,3456616241,0.88,182258479,476989,182735468,0.26
20140918,3488227025,32094736,3520321761,0.91,183889013,526537,184415550,0.29
20140919,3355032761,32122069,3387154830,0.95,177053134,406573,177459707,0.23
20140920,3027363879,29871897,3057235776,0.98,163295165,338203,163633368,0.21
20140921,2986074897,24410245,3010485142,0.81,166802693,390651,167193344,0.23
20140922,4609891449,26694183,4636585632,0.58,181892139,433493,182325632,0.24
20140923,3560786990,29196222,3589983212,0.81,179327498,396094,179723592,0.22
20140924,3514762140,32012317,3546774457,0.9,179434791,378178,179812969,0.21
20140925,3544539322,30086909,3574626231,0.84,177285956,478975,177764931,0.27
20140926,3377865346,30070357,3407935703,0.88,177940699,404390,178345089,0.23
20140927,3773319238,40096557,3813415795,1.05,185694520,691670,186386190,0.37
20140928,3036634712,21364314,3057999026,0.7,156811641,463210,157274851,0.29
20140929,3288639589,26112390,3314751979,0.79,170381430,408189,170789619,0.24
20140930,3771750346,41483339,3813233685,1.09,178040033,730784,178770817,0.41
20141001,3593458576,43984303,3637442879,1.21,189302777,738970,190041747,0.39
20141002,2972875773,27540160,3000415933,0.92,173774993,448430,174223423,0.26
20141003,4665200330,32064586,4697264916,0.68,179939389,475380,180414769,0.26
20141004,6274865373,21049340,6295914713,0.33,158149730,371088,158520818,0.23
20141005,4209591192,22622606,4232213798,0.53,159410029,362505,159772534,0.23
20141006,2923371118,23105908,2946477026,0.78,172810981,412246,173223227,0.24
20141007,3012601572,23811180,3036412752,0.78,173456058,479144,173935202,0.28
20141008,3063514302,24637354,3088151656,0.8,174212518,396204,174608722,0.23
20141009,3114255788,23802860,3138058648,0.76,181167038,489307,181656345,0.27
20141010,3094351894,23570659,3117922553,0.76,182125367,576586,182701953,0.32
20141011,2735501064,22510377,2758011441,0.82,162303809,415505,162719314,0.26
20141012,2692507962,21756952,2714264914,0.8,161713168,423480,162136648,0.26
20141013,3008975585,23479999,3032455584,0.77,177180995,503168,177684163,0.28
20141014,3015926126,24457361,3040383487,0.8,182048064,525759,182573823,0.29
20141015,3115316961,32295463,3147612424,1.03,182407187,529464,182936651,0.29
20141016,3107759988,26165345,3133925333,0.83,182562335,531798,183094133,0.29
20141017,3029276446,23569907,3052846353,0.77,173976057,495596,174471653,0.28
20141018,2826311069,21587656,2847898725,0.76,161224909,476929,161701838,0.29
20141019,2735155765,20763011,2755918776,0.75,157978369,512632,158491001,0.32
20141020,3237071758,24358852,3261430610,0.75,175675233,476734,176151967,0.27
20141021,3293945110,23875658,3317820768,0.72,183135179,457189,183592368,0.25
20141022,3394486362,25815488,3420301850,0.75,181024328,540510,181564838,0.3
20141023,3718721537,32295137,3751016674,0.86,187512388,536965,188049353,0.29
20141024,4631807708,53428226,4685235934,1.14,245290296,1295210,246585506,0.53
20141025,4774301610,56344585,4830646195,1.17,242797091,1615475,244412566,0.66
20141026,3087732164,20495481,3108227645,0.66,170048617,393526,170442143,0.23
20141027,4476270718,49374712,4525645430,1.09,239781279,919142,240700421,0.38
20141028,3752122440,28551428,3780673868,0.76,203264370,551630,203816000,0.27
20141029,3481786623,23979166,3505765789,0.68,194070294,448283,194518577,0.23
20141030,3518055309,26338891,3544394200,0.74,198897877,430103,199327980,0.22
20141031,3377960649,23735207,3401695856,0.7,192334606,422430,192757036,0.22
20141101,3049751044,20506590,3070257634,0.67,180255274,406849,180662123,0.23
20141102,3115444985,20058849,3135503834,0.64,183030341,391271,183421612,0.21
20141103,3519375145,22421655,3541796800,0.63,195976443,451919,196428362,0.23
20141104,3437800368,24525363,3462325731,0.71,198276699,475269,198751968,0.24
20141105,3522776832,23336487,3546113319,0.66,188975838,469693,189445531,0.25
20141106,3602499118,23803373,3626302491,0.66,190117231,421148,190538379,0.22
20141107,3531155597,25278284,3556433881,0.71,186588251,476098,187064349,0.25
20141108,3282505845,20416161,3302922006,0.62,171503970,446664,171950634,0.26
20141109,3163524719,19066049,3182590768,0.6,170230175,429762,170659937,0.25
20141110,3528728537,21938167,3550666704,0.62,188925637,458913,189384550,0.24
20141111,3558984937,22011126,3580996063,0.61,189384862,469804,189854666,0.25
20141112,3585661667,22664761,3608326428,0.63,184812680,477087,185289767,0.26
20141113,3714687478,22391956,3737079434,0.6,185985561,500622,186486183,0.27
20141114,3693694975,25310545,3719005520,0.68,183126529,578587,183705116,0.31
20141115,3386413416,21634435,3408047851,0.63,169590607,450951,170041558,0.27
20141116,3409259452,30531525,3439790977,0.89,169100905,444228,169545133,0.26
20141117,3751639530,24073303,3775712833,0.64,186302037,537106,186839143,0.29
20141118,3671154241,24223071,3695377312,0.66,183543288,485387,184028675,0.26
20141119,3901799091,29913037,3931712128,0.76,182584821,492299,183077120,0.27
20141120,3666127396,23490991,3689618387,0.64,177975183,506272,178481455,0.28
20141121,3651388473,23200321,3674588794,0.63,180967037,538422,181505459,0.3
20141122,3153678615,20710586,3174389201,0.65,160238317,464985,160703302,0.29
20141123,3375019518,20347290,3395366808,0.6,158685725,458236,159143961,0.29
20141124,3662431158,25463411,3687894569,0.69,183639983,561674,184201657,0.3
20141125,3481192649,20806729,3501999378,0.59,184037109,542853,184579962,0.29
20141126,3478978704,22008302,3500987006,0.63,174856363,518541,175374904,0.3
20141127,3724749536,32904525,3757654061,0.88,171807890,519308,172327198,0.3
20141128,3738006397,29640363,3767646760,0.79,169348030,514592,169862622,0.3
20141129,3012332965,18400169,3030733134,0.61,159629468,428767,160058235,0.27
20141130,3172904907,28826585,3201731492,0.9,161173824,429904,161603728,0.27
20141201,3970504760,39568757,4010073517,0.99,177190219,504981,177695200,0.28
20141202,4068804040,37180507,4105984547,0.91,180307507,498757,180806264,0.28
20141203,3890339299,35009556,3925348855,0.89,246576838,848645,247425483,0.34
20141204,3798545753,43400998,3841946751,1.13,185005334,493219,185498553,0.27
20141205,3840887838,33308797,3874196635,0.86,183468515,466135,183934650,0.25
20141206,3575220931,31060147,3606281078,0.86,174128681,418455,174547136,0.24
20141207,3185810789,25259451,3211070240,0.79,172456649,412656,172869305,0.24
20141208,3590003573,27324791,3617328364,0.76,192979162,478010,193457172,0.25
20141209,4121188968,37587490,4158776458,0.9,195651972,482676,196134648,0.25
20141210,4287177297,40619192,4327796489,0.94,210628881,554396,211183277,0.26
20141211,3651322937,33196681,3684519618,0.9,212708265,482332,213190597,0.23
20141212,3352314482,29813567,3382128049,0.88,190169813,481764,190651577,0.25
20141213,3250484027,29230599,3279714626,0.89,176771663,424598,177196261,0.24
20141214,3090629229,24896797,3115526026,0.8,177132462,426757,177559219,0.24
20141215,3281424913,27334985,3308759898,0.83,192810486,485229,193295715,0.25
20141216,3290656748,27256841,3317913589,0.82,196627318,471318,197098636,0.24
20141217,3593247727,28671468,3621919195,0.79,196941148,485572,197426720,0.25
20141218,3568263184,27681481,3595944665,0.77,199423322,468522,199891844,0.23
20141219,3309550830,29005123,3338555953,0.87,198380867,465039,198845906,0.23
20141220,3574633775,27691838,3602325613,0.77,174917045,424369,175341414,0.24
20141221,3428786679,26135795,3454922474,0.76,177031693,412607,177444300,0.23
20141222,3585568193,29386745,3614954938,0.81,193868682,445144,194313826,0.23
20141223,3590484829,29744719,3620229548,0.82,206434510,427972,206862482,0.21
20141224,3229967665,26867908,3256835573,0.82,192009622,404451,192414073,0.21
20141225,3172194899,27096000,3199290899,0.85,180705316,396021,181101337,0.22
20141226,3324680619,30431784,3355112403,0.91,187160128,418216,187578344,0.22
20141227,3005184557,29939621,3035124178,0.99,186667743,418568,187086311,0.22
20141228,3077947474,29556748,3107504222,0.95,189246986,405434,189652420,0.21
20141229,3492899548,32922309,3525821857,0.93,204871214,420969,205292183,0.21
20141230,3427325725,31359236,3458684961,0.91,206914295,454331,207368626,0.22
20141231,3052368225,34618651,3086986876,1.12,200007334,424707,200432041,0.21
20150101,3339435256,39111561,3378546817,1.16,211752526,566456,212318982,0.27
20150102,3364324334,29439748,3393764082,0.87,208309494,417035,208726529,0.2
20150103,3266888503,29813635,3296702138,0.9,201695220,408486,202103706,0.2
20150104,3164696582,35358632,3200055214,1.1,208024445,408280,208432725,0.2
20150105,3465134678,29676388,3494811066,0.85,220441474,438445,220879919,0.2
20150106,3737675010,28935859,3766610869,0.77,227419081,437086,227856167,0.19
20150107,3724205903,29483831,3753689734,0.79,224608258,449753,225058011,0.2
20150108,3588872615,31262795,3620135410,0.86,225365279,453416,225818695,0.2
20150109,3486820370,33096035,3519916405,0.94,216975480,432046,217407526,0.2
20150110,3341180248,31274260,3372454508,0.93,199340800,412355,199753155,0.21
20150111,3150900491,28211763,3179112254,0.89,197850430,412186,198262616,0.21
20150112,4588854155,53565254,4642419409,1.15,265117772,797379,265915151,0.3
20150113,3452552026,34049006,3486601032,0.98,219098343,482640,219580983,0.22
20150114,8211833676,108341329,8320175005,1.3,425922805,1934476,427857281,0.45
20150115,3565239190,30026587,3595265777,0.84,222317732,470166,222787898,0.21
20150116,3325569889,29764044,3355333933,0.89,222825114,449819,223274933,0.2
20150117,3053089628,27196558,3080286186,0.88,208141517,427292,208568809,0.2
20150118,3246701771,27128689,3273830460,0.83,207698409,412662,208111071,0.2
20150119,3686721205,29790607,3716511812,0.8,224333509,450816,224784325,0.2
20150120,3441587585,27954888,3469542473,0.81,220301278,472261,220773539,0.21
20150121,3414932402,28852360,3443784762,0.84,221894348,474694,222369042,0.21
20150122,3705301594,29311296,3734612890,0.78,236188238,592171,236780409,0.25
20150123,3509652434,25718127,3535370561,0.73,221242566,486740,221729306,0.22
20150124,3174848427,33519665,3208368092,1.04,214571955,463431,215035386,0.22
20150125,3170325740,37154537,3207480277,1.16,210346125,466930,210813055,0.22
20150126,3608376379,28393720,3636770099,0.78,223778250,478850,224257100,0.21
20150127,3549152823,29436552,3578589375,0.82,227878503,481363,228359866,0.21
20150128,3423907956,29689056,3453597012,0.86,235392364,498242,235890606,0.21
20150129,3424538898,28541521,3453080419,0.83,235624704,490961,236115665,0.21
20150130,3481315552,28686752,3510002304,0.82,226882793,475531,227358324,0.21
20150131,3149921709,26464785,3176386494,0.83,212760804,465981,213226785,0.22
20150201,3001923526,26186463,3028109989,0.86,220976979,447798,221424777,0.2
20150202,3256394375,29120000,3285514375,0.89,234155676,495435,234651111,0.21
20150203,3461913990,30036683,3491950673,0.86,239400562,510360,239910922,0.21
20150204,3659736249,30328439,3690064688,0.82,220319802,531213,220851015,0.24
20150205,3379095396,31026857,3410122253,0.91,218075231,541582,218616813,0.25
20150206,3333238952,31511884,3364750836,0.94,211837989,507499,212345488,0.24
20150207,3279051683,29501059,3308552742,0.89,189647987,406922,190054909,0.21
20150208,3286234821,38444109,3324678930,1.16,189152770,445975,189598745,0.24
20150209,3486335538,42369559,3528705097,1.2,204771786,521229,205293015,0.25
20150210,3465578879,47673829,3513252708,1.36,207778076,522645,208300721,0.25
20150211,3675873473,54265918,3730139391,1.45,208895702,575202,209470904,0.27
20150212,3650114730,90199760,3740314490,2.41,212143379,765981,212909360,0.36
20150213,3477316894,102704668,3580021562,2.87,202617397,564489,203181886,0.28
20150214,3205463275,71532580,3276995855,2.18,180871021,450749,181321770,0.25
20150215,3323099311,92904655,3416003966,2.72,187517022,471371,187988393,0.25
20150216,3197782094,64881685,3262663779,1.99,199697755,480594,200178349,0.24
20150217,3200182309,76548644,3276730953,2.34,199507264,475261,199982525,0.24
20150218,3486782476,76219980,3563002456,2.14,201819537,468959,202288496,0.23
20150219,3533221981,64500993,3597722974,1.79,230143637,485048,230628685,0.21
20150220,3307448691,49912569,3357361260,1.49,233339613,465489,233805102,0.2
20150221,3057689073,87185004,3144874077,2.77,215884508,424198,216308706,0.2
20150222,3211329293,64536042,3275865335,1.97,217161160,436993,217598153,0.2
20150223,3517514558,82710920,3600225478,2.3,217758748,493302,218252050,0.23
20150224,3237763234,81208230,3318971464,2.45,209443649,482089,209925738,0.23
20150225,3266782048,81696510,3348478558,2.44,214315150,494963,214810113,0.23
20150226,3575002948,89829447,3664832395,2.45,226767687,462822,227230509,0.2
20150227,3594330200,92952043,3687282243,2.52,220352802,457988,220810790,0.21
20150228,3242567869,117264753,3359832622,3.49,221714048,387501,222101549,0.17
20150301,3106934888,86913928,3193848816,2.72,237643303,388082,238031385,0.16
20150302,3603610556,56626680,3660237236,1.55,249627000,433180,250060180,0.17
20150303,3722002081,93696952,3815699033,2.46,260074631,459524,260534155,0.18
20150304,3568627318,85689967,3654317285,2.34,263631222,473260,264104482,0.18
20150305,3522151278,79314190,3601465468,2.2,266106221,500264,266606485,0.19
20150306,3803084622,87346932,3890431554,2.25,267184336,468032,267652368,0.17
20150307,3530926816,79601876,3610528692,2.2,243989399,442173,244431572,0.18
20150308,3196617081,61767278,3258384359,1.9,244979754,429517,245409271,0.18
20150309,3556592279,99894957,3656487236,2.73,271774387,479595,272253982,0.18
20150310,3836027201,91700763,3927727964,2.33,270887738,540311,271428049,0.2
20150311,3893793110,71509826,3965302936,1.8,278090713,521034,278611747,0.19
20150312,3637598061,76038365,3713636426,2.05,261949820,505919,262455739,0.19
20150313,3883568747,84053275,3967622022,2.12,274832449,561048,275393497,0.2
20150314,3548429026,73206700,3621635726,2.02,253012880,458294,253471174,0.18
20150315,3517373962,74818418,3592192380,2.08,255141389,454444,255595833,0.18
20150316,3668241370,85359490,3753600860,2.27,269304074,525980,269830054,0.19
20150317,3735937816,64254122,3800191938,1.69,271188477,655687,271844164,0.24
20150318,4367474966,96326186,4463801152,2.16,288093666,675267,288768933,0.23
20150319,3864194804,68836163,3933030967,1.75,269927362,498944,270426306,0.18
20150320,3551019009,70171938,3621190947,1.94,265025484,477808,265503292,0.18
20150321,3295385416,60451533,3355836949,1.8,245354186,427248,245781434,0.17
20150322,3478134695,75727501,3553862196,2.13,244436915,426199,244863114,0.17
20150323,3696181251,73433958,3769615209,1.95,256633713,478189,257111902,0.19
20150324,3615195595,84302242,3699497837,2.28,263402736,506813,263909549,0.19
20150325,4019089374,88495986,4107585360,2.15,300241573,1028798,301270371,0.34
20150326,3739843894,70640219,3810484113,1.85,263631331,498522,264129853,0.19
20150327,3648487415,73406651,3721894066,1.97,265217417,499140,265716557,0.19
20150328,3573644909,101170521,3674815430,2.75,255259103,744062,256003165,0.29
20150329,3320193323,55733223,3375926546,1.65,245856983,424846,246281829,0.17
20150330,3837668163,75786340,3913454503,1.94,256140678,506023,256646701,0.2
20150331,3850646520,58129171,3908775691,1.49,266406912,499152,266906064,0.19
20150401,3727844276,78919271,3806763547,2.07,259363732,512382,259876114,0.2
20150402,3690873706,70520151,3761393857,1.87,249567425,495217,250062642,0.2
20150403,3659082953,55336570,3714419523,1.49,253549431,434715,253984146,0.17
20150404,3440026815,52918982,3492945797,1.52,235099805,436602,235536407,0.19
20150405,3194190649,54574832,3248765481,1.68,229831273,430682,230261955,0.19
20150406,3634800299,58039741,3692840040,1.57,245988082,497156,246485238,0.2
20150407,3901752630,69546726,3971299356,1.75,247600948,531836,248132784,0.21
20150408,3960644873,91518635,4052163508,2.26,248340660,504297,248844957,0.2
20150409,3890213645,79337268,3969550913,2.0,241532764,534657,242067421,0.22
20150410,4029377692,93773569,4123151261,2.27,236073657,506438,236580095,0.21
20150411,3671523073,80496888,3752019961,2.15,227288351,453821,227742172,0.2
20150412,3604293508,87448724,3691742232,2.37,225196320,441497,225637817,0.2
20150413,3852841807,69636341,3922478148,1.78,240499766,528668,241028434,0.22
20150414,4061465900,67584551,4129050451,1.64,262052308,528296,262580604,0.2
20150415,4200918186,77504087,4278422273,1.81,275108578,510247,275618825,0.19
20150416,4079186367,83139837,4162326204,2.0,269357538,452530,269810068,0.17
20150417,3921860650,83627501,4005488151,2.09,263041604,478902,263520506,0.18
20150418,3655325646,80305412,3735631058,2.15,233824304,716430,234540734,0.31
20150419,3812723252,82332166,3895055418,2.11,241669793,435878,242105671,0.18
20150420,4253403295,94280453,4347683748,2.17,262851451,465326,263316777,0.18
20150421,4074911570,91244827,4166156397,2.19,261776071,839815,262615886,0.32
20150422,4138453871,93862102,4232315973,2.22,258719500,1262308,259981808,0.49
20150423,4102439952,79680661,4182120613,1.91,247264419,1278175,248542594,0.51
20150424,4022222519,98339171,4120561690,2.39,211384108,1309066,212693174,0.62
20150425,3512948160,76559940,3589508100,2.13,198013395,1273640,199287035,0.64
20150426,3511262390,71654895,3582917285,2.0,199825635,1285914,201111549,0.64
20150427,4310086074,85988044,4396074118,1.96,217393095,1384266,218777361,0.63
20150428,4394444043,105736645,4500180688,2.35,220304995,1420447,221725442,0.64
20150429,4240121906,86763121,4326885027,2.01,229035454,1431615,230467069,0.62
20150430,3998420673,72079042,4070499715,1.77,225526309,1339951,226866260,0.59
20150501,3752840647,65683873,3818524520,1.72,212655730,1311605,213967335,0.61
20150502,3623378719,72249382,3695628101,1.95,198380684,1288318,199669002,0.65
20150503,3513930866,79099836,3593030702,2.2,197355119,1309259,198664378,0.66
20150504,4080495865,102081838,4182577703,2.44,219237404,1419776,220657180,0.64
20150505,4261374705,85145143,4346519848,1.96,234293813,1333261,235627074,0.57
20150506,4069577193,83127929,4152705122,2.0,229914450,1346258,231260708,0.58
20150507,4115230065,95930292,4211160357,2.28,224238689,1328036,225566725,0.59
20150508,4126000870,113178059,4239178929,2.67,219735605,1313812,221049417,0.59
20150509,3858556917,102837534,3961394451,2.6,203545657,1247871,204793528,0.61
20150510,3865928944,100040023,3965968967,2.52,207092618,1294182,208386800,0.62
20150511,3949612674,92911332,4042524006,2.3,213313380,1327867,214641247,0.62
20150512,4202342532,82531182,4284873714,1.93,218006241,1344529,219350770,0.61
20150513,5545011088,92438482,5637449570,1.64,219670821,1332209,221003030,0.6
20150514,6402042051,148026103,6550068154,2.26,288402275,2325559,290727834,0.8
20150515,4200486365,102711556,4303197921,2.39,238135407,1547419,239682826,0.65
20150516,3926772441,115948969,4042721410,2.87,200590292,1296211,201886503,0.64
20150517,4173098093,93203017,4266301110,2.18,197298559,1292982,198591541,0.65
20150518,4587358239,63498357,4650856596,1.37,217752270,1323123,219075393,0.6
20150519,4170807469,63834224,4234641693,1.51,231828049,1334907,233162956,0.57
20150520,4561503755,64218121,4625721876,1.39,225692994,1357244,227050238,0.6
20150521,4982599280,72308665,5054907945,1.43,227555254,5207573,232762827,2.24
20150522,4795558633,89094641,4884653274,1.82,217952981,3186137,221139118,1.44
20150523,3520198395,63866692,3584065087,1.78,192170651,1320889,193491540,0.68
20150524,3524685679,77009058,3601694737,2.14,195834408,1331363,197165771,0.68
20150525,4307804835,84222537,4392027372,1.92,203985379,1368853,205354232,0.67
20150526,4607472659,100979725,4708452384,2.14,216552586,1392980,217945566,0.64
20150527,4217490834,90615509,4308106343,2.1,228907889,1368076,230275965,0.59
20150528,3888720075,66257030,3954977105,1.68,227725689,1356247,229081936,0.59
20150529,4243642350,85402215,4329044565,1.97,223891063,1347763,225238826,0.6
20150530,3819949710,67008961,3886958671,1.72,205790260,1312230,207102490,0.63
20150531,3502334691,70872596,3573207287,1.98,204408980,1289882,205698862,0.63
20150601,3701802037,59491225,3761293262,1.58,221926480,1364945,223291425,0.61
20150602,4243924032,69091168,4313015200,1.6,221504450,2093887,223598337,0.94
20150603,4129312208,84561526,4213873734,2.01,228368906,2222614,230591520,0.96
20150604,3547144866,58186486,3605331352,1.61,226703308,2183867,228887175,0.95
20150605,4226987995,104942087,4331930082,2.42,235223498,2183871,237407369,0.92
20150606,3430560809,55376406,3485937215,1.59,234128246,2137423,236265669,0.9
20150607,3926060340,78119207,4004179547,1.95,233567673,2148395,235716068,0.91
20150608,3857964502,75213102,3933177604,1.91,255496969,2328686,257825655,0.9
20150609,4138538029,80138880,4218676909,1.9,258168608,2296262,260464870,0.88
20150610,3994797831,69147764,4063945595,1.7,261217852,2262866,263480718,0.86
20150611,3855827883,73667985,3929495868,1.87,254483346,2147596,256630942,0.84
20150612,4069149744,100568378,4169718122,2.41,237195587,1365695,238561282,0.57
20150613,3667300688,83901875,3751202563,2.24,230030729,1303902,231334631,0.56
20150614,3734631832,76870476,3811502308,2.02,230147822,1296396,231444218,0.56
20150615,4398017717,65704416,4463722133,1.47,236101767,1352244,237454011,0.57
20150616,4515362660,67657412,4583020072,1.48,228858772,1358463,230217235,0.59
20150617,4357108079,86094409,4443202488,1.94,235291815,1327528,236619343,0.56
20150618,4399445186,83627612,4483072798,1.87,236073875,1336579,237410454,0.56
20150619,4218637493,60538534,4279176027,1.41,223601510,1313350,224914860,0.58
20150620,3496084552,70173534,3566258086,1.97,204926202,1269252,206195454,0.62
20150621,3817884342,80183237,3898067579,2.06,204668965,1265817,205934782,0.61
20150622,4339650360,86006259,4425656619,1.94,219249610,1325969,220575579,0.6
20150623,4063545238,96147143,4159692381,2.31,230453420,1347546,231800966,0.58
20150624,4098950877,90693148,4189644025,2.16,265841438,1333698,267175136,0.5
20150625,4377343932,89743680,4467087612,2.01,254231160,1343863,255575023,0.53
20150626,4102290227,62614824,4164905051,1.5,222864669,1381103,224245772,0.62
20150627,3581382046,52167875,3633549921,1.44,200702061,1288151,201990212,0.64
20150628,3547615285,55859087,3603474372,1.55,202725248,1278131,204003379,0.63
20150629,4238606399,79624113,4318230512,1.84,222838756,1331054,224169810,0.59
20150630,4307857134,90202043,4398059177,2.05,225029787,1372690,226402477,0.61
20150701,3970683862,81386744,4052070606,2.01,228425633,1370616,229796249,0.6
20150702,4166605832,93856250,4260462082,2.2,225527079,1379387,226906466,0.61
20150703,4959935598,106188107,5066123705,2.1,244356327,1498159,245854486,0.61
20150704,4230814632,90966863,4321781495,2.1,259340677,1664777,261005454,0.64
20150705,3213585519,42238085,3255823604,1.3,212799563,1351790,214151353,0.63
20150706,3747325312,61441398,3808766710,1.61,229176617,1356535,230533152,0.59
20150707,4383267929,77313279,4460581208,1.73,238269436,1364535,239633971,0.57
20150708,4519360195,85196640,4604556835,1.85,243470402,1377116,244847518,0.56
20150709,4165860661,105838090,4271698751,2.48,238820909,1397568,240218477,0.58
20150710,4261122409,84207937,4345330346,1.94,232454045,1368863,233822908,0.59
20150711,4833999746,99785541,4933785287,2.02,212808742,1299551,214108293,0.61
20150712,4635951554,70989909,4706941463,1.51,208727323,1317679,210045002,0.63
20150713,4693398249,65942222,4759340471,1.39,236078500,1386949,237465449,0.58
20150714,4736262505,73943325,4810205830,1.54,243756497,1391424,245147921,0.57
20150715,5053828054,84022575,5137850629,1.64,245737720,1398519,247136239,0.57
20150716,4173901369,50406022,4224307391,1.19,241328002,1379434,242707436,0.57
20150717,4696520313,113690900,4810211213,2.36,235158707,1358141,236516848,0.57
20150718,4192674350,65058409,4257732759,1.53,216550484,1313347,217863831,0.6
20150719,4590084932,57264722,4647349654,1.23,218299582,1322204,219621786,0.6
20150720,5023560448,62830169,5086390617,1.24,257146138,1386252,258532390,0.54
20150721,4690797373,65032083,4755829456,1.37,243908459,1410518,245318977,0.57
20150722,4569395114,68692753,4638087867,1.48,240056755,1401424,241458179,0.58
20150723,4980756618,59301248,5040057866,1.18,240740877,1443432,242184309,0.6
20150724,4948954091,56846479,5005800570,1.14,233208115,1448289,234656404,0.62
20150725,4205383667,47519804,4252903471,1.12,212298075,1336358,213634433,0.63
20150726,4049916819,51141528,4101058347,1.25,210328078,1333083,211661161,0.63
20150727,4911572233,69884075,4981456308,1.4,231122284,1390791,232513075,0.6
20150728,5045318639,53887953,5099206592,1.06,242844697,1408161,244252858,0.58
20150729,4572411312,59951407,4632362719,1.29,239966293,1390089,241356382,0.58
20150730,4487324646,57814542,4545139188,1.27,236152721,1383958,237536679,0.58
20150731,4843891423,60149053,4904040476,1.23,251539735,1387077,252926812,0.55
20150801,4613941432,54453982,4668395414,1.17,229534135,1349464,230883599,0.58
20150802,4253256271,50394424,4303650695,1.17,222678862,1349484,224028346,0.6
20150803,4703267551,54992557,4758260108,1.16,255335471,1430035,256765506,0.56
20150804,5000459864,63214772,5063674636,1.25,265671866,1449189,267121055,0.54
20150805,5174971350,62579884,5237551234,1.19,258309346,1437203,259746549,0.55
20150806,4970923865,61643744,5032567609,1.22,256325285,1434834,257760119,0.56
20150807,4744942370,63319214,4808261584,1.32,252651356,1422605,254073961,0.56
20150808,4559623706,48177607,4607801313,1.05,228314450,1371699,229686149,0.6
20150809,4598615742,45769904,4644385646,0.99,224147651,1371828,225519479,0.61
20150810,4718323301,58738535,4777061836,1.23,249405961,1434822,250840783,0.57
20150811,4757702119,57213967,4814916086,1.19,274941410,1462117,276403527,0.53
20150812,5058117614,56329761,5114447375,1.1,260230309,1432326,261662635,0.55
20150813,5141284907,56579588,5197864495,1.09,263120162,1449794,264569956,0.55
20150814,4680145739,50055741,4730201480,1.06,248590905,1413316,250004221,0.57
20150815,4254207747,46043238,4300250985,1.07,216895930,1354563,218250493,0.62
20150816,4604708852,46295472,4651004324,1.0,218777217,1338587,220115804,0.61
20150817,5165376719,61883558,5227260277,1.18,235192201,1401672,236593873,0.59
20150818,4751726852,57241742,4808968594,1.19,244726585,1460213,246186798,0.59
20150819,4722325724,52373376,4774699100,1.1,249179267,1465359,250644626,0.58
20150820,5161545017,62393897,5223938914,1.19,244785207,1465980,246251187,0.6
20150821,5182667009,65930020,5248597029,1.26,238952540,1454733,240407273,0.61
20150822,4479396412,56409031,4535805443,1.24,223318583,1403020,224721603,0.62
20150823,4376420114,54325379,4430745493,1.23,222528751,1396038,223924789,0.62
20150824,5123293223,61366125,5184659348,1.18,244359311,1466962,245826273,0.6
20150825,5179428892,64280495,5243709387,1.23,247782557,1429523,249212080,0.57
20150826,4840752291,68113597,4908865888,1.39,244462281,1438353,245900634,0.58
20150827,4834440304,73325873,4907766177,1.49,250963869,1497080,252460949,0.59
20150828,5121120935,85522913,5206643848,1.64,247945529,1473844,249419373,0.59
20150829,4754692522,65433416,4820125938,1.36,227212461,1417723,228630184,0.62
20150830,4441993919,61943261,4503937180,1.38,224212338,1413508,225625846,0.63
20150831,4836505999,82382612,4918888611,1.67,246853745,1501950,248355695,0.6
20150901,5070575107,61550125,5132125232,1.2,251411123,1453069,252864192,0.57
20150902,4879345219,59560426,4938905645,1.21,252842952,1492720,254335672,0.59
20150903,4506971230,55097435,4562068665,1.21,246060201,1517210,247577411,0.61
20150904,4353321258,52150342,4405471600,1.18,243931460,1537772,245469232,0.63
20150905,4406291172,49471004,4455762176,1.11,225394120,1509123,226903243,0.67
20150906,4439852381,52985489,4492837870,1.18,220099247,1468486,221567733,0.66
20150907,4499727902,62706308,4562434210,1.37,242644736,1517761,244162497,0.62
20150908,4571068304,58892714,4629961018,1.27,252387295,1561239,253948534,0.61
20150909,5255019485,59209343,5314228828,1.11,269117168,1602112,270719280,0.59
20150910,5192238856,71459053,5263697909,1.36,339784679,1608226,341392905,0.47
20150911,4638147432,58907539,4697054971,1.25,316213588,1608410,317821998,0.51
20150912,4679738826,55740764,4735479590,1.18,268440198,1502902,269943100,0.56
20150913,4621599075,49767541,4671366616,1.07,261462041,1506395,262968436,0.57
20150914,4886008751,68287936,4954296687,1.38,283125535,1609637,284735172,0.57
20150915,5027701313,83213664,5110914977,1.63,293845718,1594749,295440467,0.54
20150916,4967712067,70577671,5038289738,1.4,243133094,1554388,244687482,0.64
20150917,5030064519,72332665,5102397184,1.42,300274222,1565551,301839773,0.52
20150918,4573999717,76407375,4650407092,1.64,276255876,1508525,277764401,0.54
20150919,4263970138,68036530,4332006668,1.57,277028884,1430561,278459445,0.51
20150920,4589470530,62647438,4652117968,1.35,282076133,1439574,283515707,0.51
20150921,4796839421,71039965,4867879386,1.46,301706062,1474308,303180370,0.49
20150922,3845658449,74036361,3919694810,1.89,288705966,1490893,290196859,0.51
20150923,3738317746,74087750,3812405496,1.94,283676862,1480524,285157386,0.52
20150924,4096963386,72621283,4169584669,1.74,282593258,1480371,284073629,0.52
20150925,4067809901,70391976,4138201877,1.7,279492379,1506530,280998909,0.54
20150926,3401569868,66112352,3467682220,1.91,245898899,1449844,247348743,0.59
20150927,3389517213,64350453,3453867666,1.86,268008777,1420600,269429377,0.53
20150928,4076953541,73460723,4150414264,1.77,291630021,1475640,293105661,0.5
20150929,4215494246,74609839,4290104085,1.74,267165575,1481943,268647518,0.55
20150930,4012672656,72579519,4085252175,1.78,293177175,1462461,294639636,0.5
20151001,4042378272,70384660,4112762932,1.71,326749278,1462363,328211641,0.45
20151002,4104351160,64602114,4168953274,1.55,306383448,1402367,307785815,0.46
20151003,3885716743,62109493,3947826236,1.57,284315549,1349805,285665354,0.47
20151004,3575027518,59372919,3634400437,1.63,280709747,1342924,282052671,0.48
20151005,3935180135,65979084,4001159219,1.65,308858722,1392751,310251473,0.45
20151006,4177540451,67723228,4245263679,1.6,321049038,1431284,322480322,0.44
20151007,4295201065,70919302,4366120367,1.62,316722455,1421437,318143892,0.45
20151008,4641406799,75821438,4717228237,1.61,312155430,1413881,313569311,0.45
20151009,4431247577,83024540,4514272117,1.84,314174264,1429023,315603287,0.45
20151010,4411409025,74940212,4486349237,1.67,294342027,1385456,295727483,0.47
20151011,4660357838,83166724,4743524562,1.75,288038407,1382036,289420443,0.48
20151012,4501521683,81957991,4583479674,1.79,316990879,1463787,318454666,0.46
20151013,4400545104,75556184,4476101288,1.69,316150720,1484373,317635093,0.47
20151014,4613332785,70128447,4683461232,1.5,311277214,1452288,312729502,0.46
20151015,4725257646,68101049,4793358695,1.42,317561128,1471702,319032830,0.46
20151016,4443192482,67959170,4511151652,1.51,322621501,1483443,324104944,0.46
20151017,4180799223,71633039,4252432262,1.68,295865573,1434543,297300116,0.48
20151018,4196674269,61173952,4257848221,1.44,304297243,1415570,305712813,0.46
20151019,4671685037,66634854,4738319891,1.41,329158908,1502857,330661765,0.45
20151020,4915316797,74661612,4989978409,1.5,335812599,1576914,337389513,0.47
20151021,4908709686,75593933,4984303619,1.52,333309109,1508616,334817725,0.45
20151022,5310210338,70891242,5381101580,1.32,337097950,1570791,338668741,0.46
20151023,5149160887,72802327,5221963214,1.39,328623573,1592679,330216252,0.48
20151024,4676249028,83199637,4759448665,1.75,299728841,1484199,301213040,0.49
20151025,4438793563,71591405,4510384968,1.59,309410001,1493449,310903450,0.48
20151026,5056113766,80697018,5136810784,1.57,334116629,1587068,335703697,0.47
20151027,4987110748,80689095,5067799843,1.59,342336703,1609983,343946686,0.47
20151028,4847850187,77409056,4925259243,1.57,345825148,1659035,347484183,0.48
20151029,4911661216,84655164,4996316380,1.69,340707196,1694302,342401498,0.49
20151030,5158419229,88314377,5246733606,1.68,334692082,1664133,336356215,0.49
20151031,4328342858,72208966,4400551824,1.64,310476479,1677150,312153629,0.54
20151101,4413099554,68295036,4481394590,1.52,309815178,1657777,311472955,0.53
20151102,5003338388,79979146,5083317534,1.57,339250335,1615748,340866083,0.47
20151103,5415877776,75485127,5491362903,1.37,342186955,1508276,343695231,0.44
20151104,5396109022,75111221,5471220243,1.37,341147734,1483653,342631387,0.43
20151105,5040090452,75302923,5115393375,1.47,349310641,1508228,350818869,0.43
20151106,4875079087,76556126,4951635213,1.55,346268876,1501391,347770267,0.43
20151107,5092847026,74013614,5166860640,1.43,315812975,1447567,317260542,0.46
20151108,5039230675,79470608,5118701283,1.55,329746903,1428850,331175753,0.43
20151109,5166639502,76025778,5242665280,1.45,350002772,1499900,351502672,0.43
20151110,5047371189,81238001,5128609190,1.58,359909145,1505945,361415090,0.42
20151111,5427611639,87436627,5515048266,1.59,360474418,1460351,361934769,0.4
20151112,5454548869,83790868,5538339737,1.51,366045452,1470727,367516179,0.4
20151113,5267550903,81122507,5348673410,1.52,356049918,1470882,357520800,0.41
20151114,4701640699,77738862,4779379561,1.63,328826310,1499318,330325628,0.45
20151115,5196772325,77188691,5273961016,1.46,332640020,1478023,334118043,0.44
20151116,5789871847,103703124,5893574971,1.76,354294682,1517777,355812459,0.43
20151117,5119518474,89831394,5209349868,1.72,365367475,1468646,366836121,0.4
20151118,4929630408,86450139,5016080547,1.72,370353060,1838106,372191166,0.49
20151119,5016992652,82347863,5099340515,1.61,368982251,1741381,370723632,0.47
20151120,5378441124,84010651,5462451775,1.54,342238701,1922679,344161380,0.56
20151121,5152147961,89221382,5241369343,1.7,313698519,1689835,315388354,0.54
20151122,4701762210,91112586,4792874796,1.9,313960185,1836844,315797029,0.58
20151123,5145087869,84938787,5230026656,1.62,337174517,1697132,338871649,0.5
20151124,4968018837,76884482,5044903319,1.52,341615574,1859001,343474575,0.54
20151125,5297661368,99909173,5397570541,1.85,353145187,1741098,354886285,0.49
20151126,4875916150,90996812,4966912962,1.83,337092437,1902078,338994515,0.56
20151127,5048232999,90229686,5138462685,1.76,344146827,1893851,346040678,0.55
20151128,5111497718,85898171,5197395889,1.65,322543159,1797927,324341086,0.55
20151129,5221979462,84094711,5306074173,1.58,332131897,1841298,333973195,0.55
20151130,5612174465,103288568,5715463033,1.81,384890055,2122711,387012766,0.55
20151201,5452615419,95145780,5547761199,1.72,380567557,1839420,382406977,0.48
20151202,5556804266,94947314,5651751580,1.68,374167867,2075774,376243641,0.55
20151203,5599718062,97585737,5697303799,1.71,364070635,1999956,366070591,0.55
20151204,5566229728,99846637,5666076365,1.76,360023145,1921076,361944221,0.53
20151205,5066205060,99165501,5165370561,1.92,333702084,2122943,335825027,0.63
20151206,5447478625,91282513,5538761138,1.65,335090852,1862098,336952950,0.55
20151207,4744151386,83998210,4828149596,1.74,353135067,1982442,355117509,0.56
20151208,4325246205,72949937,4398196142,1.66,355344507,1989218,357333725,0.56
20151209,4870911058,94897423,4965808481,1.91,359741464,2087037,361828501,0.58
20151210,5993824612,143176010,6137000622,2.33,370481105,1896448,372377553,0.51
20151211,4790773039,102180707,4892953746,2.09,368492203,1830759,370322962,0.49
20151212,4028186254,75889702,4104075956,1.85,344106633,1891047,345997680,0.55
20151213,3967816837,70106936,4037923773,1.74,349911862,2138580,352050442,0.61
20151214,5582621731,131231566,5713853297,2.3,375882606,1928442,377811048,0.51
20151215,5851343921,168450372,6019794293,2.8,372465715,1907495,374373210,0.51
20151216,5626751109,160008654,5786759763,2.77,370118413,1976197,372094610,0.53
20151217,5567148887,136671136,5703820023,2.4,359925466,1979488,361904954,0.55
20151218,5422258835,109896312,5532155147,1.99,351458155,2084801,353542956,0.59
20151219,3858038517,69419885,3927458402,1.77,334290636,1790824,336081460,0.53
20151220,3751811500,64499393,3816310893,1.69,330357316,1791388,332148704,0.54
20151221,4327565888,79142767,4406708655,1.8,400685221,1918745,402603966,0.48
20151222,4280572823,70457801,4351030624,1.62,387255415,1802739,389058154,0.46
20151223,4012748588,66613772,4079362360,1.63,346252634,2058461,348311095,0.59
20151224,3727785610,61479058,3789264668,1.62,332325090,1818415,334143505,0.54
20151225,3513865183,60850781,3574715964,1.7,309375734,1777570,311153304,0.57
20151226,3519237390,61050636,3580288026,1.71,314173570,1647931,315821501,0.52
20151227,3557912875,60763695,3618676570,1.68,317122043,1722154,318844197,0.54
20151228,4345541231,82285065,4427826296,1.86,340930429,1810708,342741137,0.53
20151229,4315760587,107737485,4423498072,2.44,342451832,2016929,344468761,0.59
20151230,3841169010,72659484,3913828494,1.86,335576551,1762533,337339084,0.52
20151231,3842645671,73692851,3916338522,1.88,325935410,1661125,327596535,0.51
20160101,3625375033,67439368,3692814401,1.83,310920267,2009094,312929361,0.64
20160102,3652172381,65690411,3717862792,1.77,323378932,1773004,325151936,0.55
20160103,3585284381,63061846,3648346227,1.73,331394123,1749080,333143203,0.53
20160104,4507867344,84946516,4592813860,1.85,353732682,1930020,355662702,0.54
20160105,4726201665,98914042,4825115707,2.05,354862252,2067078,356929330,0.58
20160106,4581654894,91238954,4672893848,1.95,353928197,1810568,355738765,0.51
20160109,5132384083,92437000,5224821083,1.77,351263616,1743796,353007412,0.49
20160110,4622129971,63996893,4686126864,1.37,351551806,1664638,353216444,0.47
20160111,6110857446,170578531,6281435977,2.72,383124942,2016369,385141311,0.52
20160112,5314114431,109789402,5423903833,2.02,380496533,2005713,382502246,0.52
20160113,5021510006,94753572,5116263578,1.85,366650276,1983918,368634194,0.54
20160114,4949203176,125507046,5074710222,2.47,367795769,1954652,369750421,0.53
20160115,4646036294,106731622,4752767916,2.25,354637905,1848426,356486331,0.52
20160116,4573688630,102910250,4676598880,2.2,342370147,1754440,344124587,0.51
20160117,4385500068,87008057,4472508125,1.95,339293375,1753847,341047222,0.51
20160118,4832040654,101477894,4933518548,2.06,364654739,2064259,366718998,0.56
20160119,4922456026,99324243,5021780269,1.98,363489688,2012397,365502085,0.55
20160120,5425022068,155880625,5580902693,2.79,345739602,1973905,347713507,0.57
20160121,5395877330,133220074,5529097404,2.41,331836407,2007543,333843950,0.6
20160122,4966194743,107686868,5073881611,2.12,322127729,1782753,323910482,0.55
20160123,4479130050,90976928,4570106978,1.99,313731336,1905323,315636659,0.6
20160124,4753747527,96676542,4850424069,1.99,314005966,1778801,315784767,0.56
20160125,4419463936,77886105,4497350041,1.73,330663792,1753596,332417388,0.53
20160126,4307756007,68348302,4376104309,1.56,346660488,1969626,348630114,0.56
20160127,4273399488,70240886,4343640374,1.62,349574517,1888677,351463194,0.54
20160128,4442898009,82680229,4525578238,1.83,338076765,1804896,339881661,0.53
20160129,4231241515,74864712,4306106227,1.74,329969469,1930394,331899863,0.58
20160130,4434158962,83833959,4517992921,1.86,310728246,1749631,312477877,0.56
20160131,5253077925,135411573,5388489498,2.51,317143110,1793006,318936116,0.56
20160201,5030242645,106812465,5137055110,2.08,343849612,1857716,345707328,0.54
20160202,4408766805,65690124,4474456929,1.47,352786720,1872045,354658765,0.53
20160203,4376710559,70098398,4446808957,1.58,361195044,1984762,363179806,0.55
20160204,4675320576,101238900,4776559476,2.12,358190710,1786136,359976846,0.5
20160205,4299184905,72614036,4371798941,1.66,352837324,1804383,354641707,0.51
20160206,3900741955,64424963,3965166918,1.62,328880890,1777698,330658588,0.54
20160207,5195438751,88067163,5283505914,1.67,324726961,1705873,326432834,0.52
20160208,5750111675,124050023,5874161698,2.11,346443655,1738557,348182212,0.5
20160209,5582355979,113957489,5696313468,2.0,352371576,1990460,354362036,0.56
20160210,5943232690,120751451,6063984141,1.99,355402875,2110127,357513002,0.59
20160211,5890204272,111939046,6002143318,1.86,331588773,2074330,333663103,0.62
20160212,5746280515,120562893,5866843408,2.05,327797345,1886504,329683849,0.57
20160213,5490836426,128838972,5619675398,2.29,302655271,1797316,304452587,0.59
20160214,5403528015,126972034,5530500049,2.3,298243626,1813751,300057377,0.6
20160215,5868885464,131924807,6000810271,2.2,329332302,1827069,331159371,0.55
20160216,5173696567,98029068,5271725635,1.86,354022033,1898975,355921008,0.53
20160217,6030621687,161969514,6192591201,2.62,358565680,1915692,360481372,0.53
20160218,4829999945,75796085,4905796030,1.55,361849989,2040533,363890522,0.56
20160219,4455648627,71759877,4527408504,1.59,355728831,2081927,357810758,0.58
20160220,3902540381,51143912,3953684293,1.29,331605619,1909257,333514876,0.57
20160221,3816428962,50253885,3866682847,1.3,328959925,1883904,330843829,0.57
20160222,4903353456,84716188,4988069644,1.7,348876763,1929966,350806729,0.55
20160223,4494109702,70937183,4565046885,1.55,365904573,1935495,367840068,0.53
20160224,4236371635,48737998,4285109633,1.14,364759848,1900735,366660583,0.52
20160225,4275773841,52273456,4328047297,1.21,369267509,2048899,371316408,0.55
20160226,4585067375,69750564,4654817939,1.5,368591818,1965611,370557429,0.53
20160227,4042669394,70351345,4113020739,1.71,337259360,1901273,339160633,0.56
20160228,3778203519,47311073,3825514592,1.24,336432884,1733748,338166632,0.51
20160229,4253895229,53692392,4307587621,1.25,358057935,1878152,359936087,0.52
20160301,4660010586,72972391,4732982977,1.54,383299910,2078771,385378681,0.54
20160302,4970607420,82889095,5053496515,1.64,385983831,1988044,387971875,0.51
20160303,4605895385,70598548,4676493933,1.51,389822996,2013100,391836096,0.51
20160304,4705817434,84314636,4790132070,1.76,380855097,1959986,382815083,0.51
20160305,4179788531,66274849,4246063380,1.56,354678647,1874349,356552996,0.53
20160306,3971436983,64826421,4036263404,1.61,352623310,1820442,354443752,0.51
20160307,4288710525,60976249,4349686774,1.4,374675839,2035131,376710970,0.54
20160308,4374407161,59345167,4433752328,1.34,383608189,2256121,385864310,0.58
20160309,4746029484,75232301,4821261785,1.56,386751545,2218027,388969572,0.57
20160310,3918767059,52283030,3971050089,1.32,284399533,1369572,285769105,0.48
20160311,5564631907,59705186,5624337093,1.06,335035740,1773861,336809601,0.53
20160312,5946677873,70397021,6017074894,1.17,373787449,2075548,375862997,0.55
20160313,5683455480,65535362,5748990842,1.14,368737288,1939590,370676878,0.52
20160314,6274121368,72301391,6346422759,1.14,401490370,2097953,403588323,0.52
20160315,6191205883,81838146,6273044029,1.3,420427417,2134569,422561986,0.51
20160316,6226768426,83491077,6310259503,1.32,445524616,2251706,447776322,0.5
20160317,6448862853,73179688,6522042541,1.12,425046784,2180360,427227144,0.51
20160318,5966171572,75166406,6041337978,1.24,415007502,2283513,417291015,0.55
20160319,4710095965,56538111,4766634076,1.19,370286870,2050579,372337449,0.55
20160320,3753705801,41993771,3795699572,1.11,364827799,1996624,366824423,0.54
20160321,4823976811,56141981,4880118792,1.15,399013248,2233562,401246810,0.56
20160322,6335041379,77763487,6412804866,1.21,415247076,2486741,417733817,0.6
20160323,6487356976,75962869,6563319845,1.16,418308727,2118872,420427599,0.5
20160324,6441172615,71025942,6512198557,1.09,396775991,1998698,398774689,0.5
20160325,6006105371,78255537,6084360908,1.29,380767095,2004858,382771953,0.52
20160326,5896409361,80944733,5977354094,1.35,374038784,1786908,375825692,0.48
20160327,5806375457,76749092,5883124549,1.3,364598315,1718273,366316588,0.47
20160328,6172083714,87578233,6259661947,1.4,401143897,1859988,403003885,0.46
20160329,6505639050,88240457,6593879507,1.34,414823958,2040979,416864937,0.49
20160330,6437269658,86089278,6523358936,1.32,416194942,2129875,418324817,0.51
20160331,6403310497,87657994,6490968491,1.35,405551827,2019096,407570923,0.5
20160401,6491999601,82654514,6574654115,1.26,390719667,1960459,392680126,0.5
20160402,5444176368,71287208,5515463576,1.29,354380316,1922500,356302816,0.54
20160403,4838162353,63563688,4901726041,1.3,332445961,1492625,333938586,0.45
20160404,6008927884,81898783,6090826667,1.34,418172414,2127750,420300164,0.51
20160405,6139825161,86480271,6226305432,1.39,421024586,2009473,423034059,0.48
20160406,6492193535,80156084,6572349619,1.22,407194934,1963048,409157982,0.48
20160407,6044667374,75747077,6120414451,1.24,406044835,2102486,408147321,0.52
20160408,4726197856,59980975,4786178831,1.25,399111103,2070826,401181929,0.52
20160409,3972199994,55563424,4027763418,1.38,375819572,1919948,377739520,0.51
20160410,3905467552,51704157,3957171709,1.31,391180408,1824197,393004605,0.46
20160411,6321990527,82269243,6404259770,1.28,412831089,2089519,414920608,0.5
20160412,6177161702,87808245,6264969947,1.4,409163043,2111516,411274559,0.51
20160413,6150006503,75619080,6225625583,1.21,409979145,2134745,412113890,0.52
20160414,6274960082,83430226,6358390308,1.31,421471844,2877721,424349565,0.68
20160415,6161101254,84223024,6245324278,1.35,421469969,2011314,423481283,0.47
20160416,5870426617,75469364,5945895981,1.27,398260120,2164137,400424257,0.54
20160417,5653345153,73011917,5726357070,1.28,391015900,2232436,393248336,0.57
20160418,6073531154,81129656,6154660810,1.32,418006574,2200677,420207251,0.52
20160419,6122716405,86698495,6209414900,1.4,425105004,2174763,427279767,0.51
20160420,5992998650,90681162,6083679812,1.49,419195462,2167224,421362686,0.51
20160421,6211377075,107762532,6319139607,1.71,439513986,2349486,441863472,0.53
20160422,6411030709,93803136,6504833845,1.44,394847857,2314641,397162498,0.58
20160423,6154909551,88697882,6243607433,1.42,369143604,2077443,371221047,0.56
20160424,5983748514,82411587,6066160101,1.36,375172163,2344606,377516769,0.62
20160425,6717251000,99359924,6816610924,1.46,445797806,9549738,455347544,2.1
20160426,6380215984,98661468,6478877452,1.52,404518506,2197107,406715613,0.54
20160427,6637082360,96944859,6734027219,1.44,410495402,2205331,412700733,0.53
20160428,6664638361,92427555,6757065916,1.37,421785335,2192187,423977522,0.52
20160429,6269522965,89667282,6359190247,1.41,417345564,1589032,418934596,0.38
20160430,6053927777,85505318,6139433095,1.39,380737645,1046625,381784270,0.27
20160501,5877460714,82172089,5959632803,1.38,380165851,1115973,381281824,0.29
20160502,6450761096,91446138,6542207234,1.4,400641470,1143485,401784955,0.28
20160503,7388675919,79665494,7468341413,1.07,443070441,559787,443630228,0.13
20160504,8316659121,67560397,8384219518,0.81,469917944,612167,470530111,0.13
20160505,8169182953,69824826,8239007779,0.85,480932755,604610,481537365,0.13
20160506,8130711794,70684422,8201396216,0.86,473298563,590184,473888747,0.12
20160507,7352152547,68835551,7420988098,0.93,417376218,556306,417932524,0.13
20160508,7119308117,62765114,7182073231,0.87,421292201,545237,421837438,0.13
20160509,8081150437,67828862,8148979299,0.83,465988178,588878,466577056,0.13
20160510,8566774160,66961756,8633735916,0.78,475821358,598690,476420048,0.13
20160511,8502597390,67117346,8569714736,0.78,480390167,642207,481032374,0.13
20160512,8524201657,71757919,8595959576,0.83,477185589,669680,477855269,0.14
20160513,9968627768,199181274,10167809042,1.96,572383636,664654,573048290,0.12
20160514,11844183099,73252325,11917435424,0.61,752828072,615694,753443766,0.08
20160515,11828687805,64588817,11893276622,0.54,714421225,690708,715111933,0.1
20160516,11633213936,63785957,11696999893,0.55,696067895,743159,696811054,0.11
20160517,11043161082,64626211,11107787293,0.58,644034491,729821,644764312,0.11
20160518,10741963020,73211488,10815174508,0.68,610073066,757671,610830737,0.12
20160519,10425428963,108208537,10533637500,1.03,594602988,788970,595391958,0.13
20160520,9697911094,197365240,9895276334,1.99,570552929,726154,571279083,0.13
20160521,8863739876,171481843,9035221719,1.9,528438419,680574,529118993,0.13
20160522,8493945990,165808896,8659754886,1.91,523903143,670664,524573807,0.13
20160523,9078212843,168987398,9247200241,1.83,579460056,760358,580220414,0.13
20160524,9079134527,167527341,9246661868,1.81,583956937,731005,584687942,0.13
20160525,8935384300,163735238,9099119538,1.8,572923063,761473,573684536,0.13
20160526,8486410382,154652465,8641062847,1.79,550954494,714765,551669259,0.13
20160527,8587473141,144261026,8731734167,1.65,539226759,733867,539960626,0.14
20160528,7870341856,141537771,8011879627,1.77,496484282,645150,497129432,0.13
20160529,7586175741,135633579,7721809320,1.76,499915489,669525,500585014,0.13
20160530,8307174292,146307476,8453481768,1.73,542180833,755443,542936276,0.14
20160531,8317077539,142824814,8459902353,1.69,565833208,716605,566549813,0.13
20160601,8293503069,130473770,8423976839,1.55,558603708,716741,559320449,0.13
20160602,8275353396,143429390,8418782786,1.7,547982066,731688,548713754,0.13
20160603,8180984749,136935610,8317920359,1.65,545061060,663961,545725021,0.12
20160604,7774805107,130657273,7905462380,1.65,513672059,638609,514310668,0.12
20160605,7469836659,130630703,7600467362,1.72,510634561,624974,511259535,0.12
20160606,7974625956,155414988,8130040944,1.91,547874688,677912,548552600,0.12
20160607,8340402547,135708068,8476110615,1.6,551435598,702084,552137682,0.13
20160608,8540358018,136608666,8676966684,1.57,559645234,710017,560355251,0.13
20160611,7538257858,127318034,7665575892,1.66,508787242,1024879,509812121,0.2
20160612,7778464829,122916536,7901381365,1.56,483275488,661641,483937129,0.14
20160613,8057399842,132130418,8189530260,1.61,516184367,707733,516892100,0.14
20160614,7958920987,134935606,8093856593,1.67,538825544,736172,539561716,0.14
20160615,8264064260,133902237,8397966497,1.59,538621215,726511,539347726,0.13
20160616,7727911023,126133369,7854044392,1.61,543291758,785342,544077100,0.14
20160617,7153111958,81468396,7234580354,1.13,533270503,838682,534109185,0.16
20160618,6745497086,70768313,6816265399,1.04,497347316,773697,498121013,0.16
20160619,6583782564,68755341,6652537905,1.03,492477966,734032,493211998,0.15
20160620,7177164492,76426326,7253590818,1.05,527817093,746074,528563167,0.14
20160621,7516153311,81519959,7597673270,1.07,537749949,780615,538530564,0.14
20160622,7430218315,83372838,7513591153,1.11,560512088,755777,561267865,0.13
20160623,7479827279,80834911,7560662190,1.07,560031620,719311,560750931,0.13
20160624,7373674807,74569049,7448243856,1.0,547438380,835281,548273661,0.15
20160625,6925976277,79228980,7005205257,1.13,541972786,1111172,543083958,0.2
20160626,6641453502,74885161,6716338663,1.11,515153189,795829,515949018,0.15
20160627,7660754466,77920528,7738674994,1.01,568639499,778639,569418138,0.14
20160628,7432355363,74280057,7506635420,0.99,581106634,848728,581955362,0.15
20160629,7448423435,76127609,7524551044,1.01,589166055,835494,590001549,0.14
20160630,7677213711,79734463,7756948174,1.03,589313152,804997,590118149,0.14
20160701,7268167810,76068071,7344235881,1.04,578171605,792204,578963809,0.14
20160702,6769638049,73673347,6843311396,1.08,534971747,730158,535701905,0.14
20160703,6521119664,72511638,6593631302,1.1,524778464,700679,525479143,0.13
20160704,7259224618,76458924,7335683542,1.04,554589628,1132179,555721807,0.2
20160705,7580072282,70263412,7650335694,0.92,565219037,837267,566056304,0.15
20160706,7550814020,76511678,7627325698,1.0,572263131,859983,573123114,0.15
20160707,7379901582,80084593,7459986175,1.07,592211209,843238,593054447,0.14
20160708,7367416095,79471190,7446887285,1.07,579118394,856397,579974791,0.15
20160709,7042275332,71308437,7113583769,1.0,528960506,801543,529762049,0.15
20160710,6799677621,70295586,6869973207,1.02,508698679,826766,509525445,0.16
20160711,7776564869,75178721,7851743590,0.96,545161163,845285,546006448,0.15
20160712,7839445034,70094898,7909539932,0.89,561703938,924188,562628126,0.16
20160713,7707961872,70903797,7778865669,0.91,554960081,862942,555823023,0.16
20160714,7820186355,78217345,7898403700,0.99,561337224,913023,562250247,0.16
20160715,7877592616,79180515,7956773131,1.0,577874076,835563,578709639,0.14
20160716,6962480271,67216389,7029696660,0.96,500198307,732901,500931208,0.15
20160717,6423435572,69673494,6493109066,1.07,487530283,715579,488245862,0.15
20160718,7223336233,71184521,7294520754,0.98,546460894,839921,547300815,0.15
20160719,7506054301,80019899,7586074200,1.05,561249805,912432,562162237,0.16
20160720,7678249482,78930994,7757180476,1.02,547164969,932298,548097267,0.17
20160721,7716486528,75571910,7792058438,0.97,567653614,867787,568521401,0.15
20160722,7675565495,74946744,7750512239,0.97,544544498,1026534,545571032,0.19
20160723,7087860271,73527120,7161387391,1.03,495576730,981028,496557758,0.2
20160724,6900417104,75798777,6976215881,1.09,561068381,922556,561990937,0.16
20160725,7589579997,79006968,7668586965,1.03,539212673,1021643,540234316,0.19
20160726,7654175245,81621071,7735796316,1.06,571258455,1081380,572339835,0.19
20160727,7668985690,78441303,7747426993,1.01,593911324,1512676,595424000,0.25
20160728,7547264518,81113118,7628377636,1.06,589191114,1498261,590689375,0.25
20160729,7309984679,80081378,7390066057,1.08,572182855,958553,573141408,0.17
20160730,6665595258,72071941,6737667199,1.07,546369378,822424,547191802,0.15
20160731,6662043937,76319335,6738363272,1.13,550879363,810288,551689651,0.15
20160801,7423919164,80144048,7504063212,1.07,592587857,856167,593444024,0.14
20160802,7545248932,79193185,7624442117,1.04,600322562,940163,601262725,0.16
20160803,7586447009,80046941,7666493950,1.04,605244896,874297,606119193,0.14
20160804,7610414254,79892977,7690307231,1.04,608418150,916813,609334963,0.15
20160805,7377749823,81074020,7458823843,1.09,597948080,872279,598820359,0.15
20160806,6631975382,75324855,6707300237,1.12,553878035,753789,554631824,0.14
20160807,6510115062,71981042,6582096104,1.09,559383153,730925,560114078,0.13
20160808,7302158927,78666126,7380825053,1.07,587798846,856138,588654984,0.15
20160809,7366353365,83774734,7450128099,1.12,580489462,869358,581358820,0.15
20160810,7434344801,77574409,7511919210,1.03,573730585,1431153,575161738,0.25
20160811,7630233362,72418377,7702651739,0.94,580846187,875717,581721904,0.15
20160812,7473804112,75418854,7549222966,1.0,583289280,856594,584145874,0.15
20160813,6947592549,73364411,7020956960,1.04,533402517,824566,534227083,0.15
20160814,6826302121,73155868,6899457989,1.06,532181819,790385,532972204,0.15
20160815,7247321393,72315574,7319636967,0.99,555891255,859974,556751229,0.15
20160816,7430985384,70040104,7501025488,0.93,565138360,835904,565974264,0.15
20160817,7527777418,72027501,7599804919,0.95,581098089,846758,581944847,0.15
20160818,7499488378,74572285,7574060663,0.98,596194645,847905,597042550,0.14
20160819,7271053786,76644644,7347698430,1.04,581195652,831331,582026983,0.14
20160820,6884757226,74323231,6959080457,1.07,546697846,774713,547472559,0.14
20160821,6745223574,73197969,6818421543,1.07,547027744,771134,547798878,0.14
20160822,7388811722,73819567,7462631289,0.99,569553912,856684,570410596,0.15
20160823,7499286087,75803550,7575089637,1.0,587982980,844040,588827020,0.14
20160824,7676200609,79640128,7755840737,1.03,601618178,891887,602510065,0.15
20160825,7576281629,74034839,7650316468,0.97,588381514,874616,589256130,0.15
20160826,7297908502,72846697,7370755199,0.99,555663632,1257947,556921579,0.23
20160827,6852294057,74719798,6927013855,1.08,532445198,934677,533379875,0.18
20160828,6715904263,70220621,6786124884,1.03,530969456,927625,531897081,0.17
20160829,7415741942,75613727,7491355669,1.01,552866365,1368601,554234966,0.25
20160830,7910950978,84880981,7995831959,1.06,571986091,1887670,573873761,0.33
20160831,7969205135,76489236,8045694371,0.95,581503610,879765,582383375,0.15
20160901,7601762043,72560891,7674322934,0.95,586188465,932379,587120844,0.16
20160902,7390704730,73587430,7464292160,0.99,585830907,805520,586636427,0.14
20160903,6913565123,75199174,6988764297,1.08,567647295,620108,568267403,0.11
20160904,6888645867,56917467,6945563334,0.82,559048986,649054,559698040,0.12
20160905,6809874982,52312235,6862187217,0.76,544775874,738185,545514059,0.14
20160906,7024446708,55342685,7079789393,0.78,567146847,778426,567925273,0.14
20160907,7498788467,66730841,7565519308,0.88,588800171,693545,589493716,0.12
20160908,7837183421,71868743,7909052164,0.91,584543490,803590,585347080,0.14
20160909,7490020818,64442786,7554463604,0.85,565182140,914998,566097138,0.16
20160910,7050600816,96668793,7147269609,1.35,568872293,2916780,571789073,0.51
20160911,6415405448,123168244,6538573692,1.88,608978192,8674360,617652552,1.4
20160912,7349057681,76133600,7425191281,1.03,618836068,3452155,622288223,0.55
20160913,7895783782,72970492,7968754274,0.92,630289433,906589,631196022,0.14
20160914,7809358319,71975665,7881333984,0.91,622322345,1072649,623394994,0.17
20160915,7867140961,69755665,7936896626,0.88,631769085,987960,632757045,0.16
20160916,7659614325,73881649,7733495974,0.96,631052803,1073048,632125851,0.17
20160917,6876343051,73156109,6949499160,1.05,590049654,752508,590802162,0.13
20160918,6841313743,75656475,6916970218,1.09,602161754,804160,602965914,0.13
20160919,7522460188,78650217,7601110405,1.03,636789607,1103215,637892822,0.17
20160920,7430394515,82721404,7513115919,1.1,637554010,1041456,638595466,0.16
20160921,7327080274,74261010,7401341284,1.0,631725951,1076777,632802728,0.17
20160922,7434893222,79339678,7514232900,1.06,632272692,1077875,633350567,0.17
20160923,7219900188,77385353,7297285541,1.06,616272167,1091291,617363458,0.18
20160924,6874326018,67631167,6941957185,0.97,582698191,873258,583571449,0.15
20160925,7653437694,67560584,7720998278,0.88,598439897,929894,599369791,0.16
20160926,7982331196,73470234,8055801430,0.91,621419719,1166619,622586338,0.19
20160927,8055724801,74300876,8130025677,0.91,623378019,1121452,624499471,0.18
20160928,8165461257,75987634,8241448891,0.92,625000861,1228281,626229142,0.2
20160929,10149544140,104081853,10253625993,1.02,741426297,1411482,742837779,0.19
20160930,8887529575,85849481,8973379056,0.96,695606885,1446772,697053657,0.21
20161001,7757461267,139808320,7897269587,1.77,653546852,4295749,657842601,0.65
20161002,7000604477,162012327,7162616804,2.26,595001374,6922896,601924270,1.15
20161003,7336615178,177313787,7513928965,2.36,641882037,7855627,649737664,1.21
20161004,7398600918,188450059,7587050977,2.48,639667533,7652891,647320424,1.18
20161005,7188186779,198862383,7387049162,2.69,641091400,7606289,648697689,1.17
20161006,7317872453,187385517,7505257970,2.5,636859089,7739990,644599079,1.2
20161007,7529935771,178160373,7708096144,2.31,630018464,7890929,637909393,1.24
20161008,6631906868,163662439,6795569307,2.41,543149228,7024419,550173647,1.28
20161009,6535296771,161082947,6696379718,2.41,540211765,7098537,547310302,1.3
20161010,7039518395,183802708,7223321103,2.54,572602543,7535459,580138002,1.3
20161011,7386658819,181476279,7568135098,2.4,596524510,7779186,604303696,1.29
20161012,7367400259,175180699,7542580958,2.32,599919937,8138874,608058811,1.34
20161013,7358351343,179765857,7538117200,2.38,609750086,8727897,618477983,1.41
20161014,7171498008,184326916,7355824924,2.51,631683863,8215197,639899060,1.28
20161015,6645518102,169301559,6814819661,2.48,597924259,7869617,605793876,1.3
20161016,6762965259,160734188,6923699447,2.32,602724019,7875588,610599607,1.29
20161017,7534745711,180348730,7715094441,2.34,616587550,8920076,625507626,1.43
20161018,7373804968,180519913,7554324881,2.39,629113733,9079713,638193446,1.42
20161019,7216135872,193166033,7409301905,2.61,577439934,8429608,585869542,1.44
20161020,7083325884,184501085,7267826969,2.54,555516418,8614911,564131329,1.53
20161021,7029657295,183823276,7213480571,2.55,572515821,9386537,581902358,1.61
20161022,6742046282,156498354,6898544636,2.27,566437103,7675597,574112700,1.34
20161023,6665399520,151271691,6816671211,2.22,547039907,7881958,554921865,1.42
20161024,7416043478,184551392,7600594870,2.43,589816561,8507807,598324368,1.42
20161025,7324672880,182518590,7507191470,2.43,581469910,8739444,590209354,1.48
20161026,7260707782,179177695,7439885477,2.41,589211212,8999340,598210552,1.5
20161027,7319665148,194070529,7513735677,2.58,607754272,8754606,616508878,1.42
20161028,7350304552,191202281,7541506833,2.54,613239047,8644650,621883697,1.39
20161029,6665537061,167253643,6832790704,2.45,588239009,8165462,596404471,1.37
20161030,6474346349,162048340,6636394689,2.44,568471387,7905611,576376998,1.37
20161031,7122800106,188559257,7311359363,2.58,610824205,8811611,619635816,1.42
20161101,7328973383,193134653,7522108036,2.57,649714957,9098392,658813349,1.38
20161102,7421845127,186030710,7607875837,2.45,582537228,9070301,591607529,1.53
20161103,7242891191,188617574,7431508765,2.54,578526889,8883494,587410383,1.51
20161104,7416670206,189160365,7605830571,2.49,607797282,8708839,616506121,1.41
20161105,6712809765,170003954,6882813719,2.47,568888122,7755374,576643496,1.34
20161106,6669106380,162543174,6831649554,2.38,565934072,8019891,573953963,1.4
20161107,7297962099,196924880,7494886979,2.63,592869426,8902662,601772088,1.48
20161108,7471608224,201299137,7672907361,2.62,612211925,9514181,621726106,1.53
20161109,7612095393,206000544,7818095937,2.63,633339929,9552009,642891938,1.49
20161110,7658012618,200324402,7858337020,2.55,630660250,9072082,639732332,1.42
20161111,7470877109,203012067,7673889176,2.65,615219862,8930401,624150263,1.43
20161112,6782108615,182394744,6964503359,2.62,580555899,8137800,588693699,1.38
20161113,6944482760,178760961,7123243721,2.51,593896992,8232621,602129613,1.37
20161114,7483451168,186201793,7669652961,2.43,615478663,9743269,625221932,1.56
20161115,7379796811,201286222,7581083033,2.66,629790967,10144480,639935447,1.59
20161116,7458015179,201923530,7659938709,2.64,626739726,9756827,636496553,1.53
20161117,7329918631,198985260,7528903891,2.64,668242858,9857613,678100471,1.45
20161118,7383707419,203275506,7586982925,2.68,663008531,9631530,672640061,1.43
20161119,6840580955,190281201,7030862156,2.71,646388942,9045986,655434928,1.38
20161120,6729772969,177000906,6906773875,2.56,643741866,9059462,652801328,1.39
20161121,7326706060,203192676,7529898736,2.7,687649680,10267831,697917511,1.47
20161122,7589442374,217085326,7806527700,2.78,720840958,10243093,731084051,1.4
20161123,7709676664,221734644,7931411308,2.8,757435226,10279301,767714527,1.34
20161124,7632224868,218868994,7851093862,2.79,732025195,10146880,742172075,1.37
20161125,7790679345,213368458,8004047803,2.67,732585713,9879881,742465594,1.33
20161126,7152544111,194030996,7346575107,2.64,680170185,9569786,689739971,1.39
20161127,7056897613,184670822,7241568435,2.55,680399077,9689682,690088759,1.4
20161128,8014001676,215370025,8229371701,2.62,757767418,10522828,768290246,1.37
20161129,8134414789,227554469,8361969258,2.72,772679220,8248049,780927269,1.06
20161130,7802837792,194319600,7997157392,2.43,759836826,8223606,768060432,1.07
20161201,7538689592,188558887,7727248479,2.44,750911355,8726235,759637590,1.15
20161202,8217297702,224222269,8441519971,2.66,776605802,8905686,785511488,1.13
20161203,7865589873,193516726,8059106599,2.4,739169755,7668505,746838260,1.03
20161204,7791196002,183687772,7974883774,2.3,735346623,7885048,743231671,1.06
20161205,8622343467,219099182,8841442649,2.48,789039463,9953185,798992648,1.25
20161206,8899787611,235810524,9135598135,2.58,813348818,10606752,823955570,1.29
20161207,8895064318,209934095,9104998413,2.31,804335667,9666104,814001771,1.19
20161208,8093811634,143246034,8237057668,1.74,756152566,9486724,765639290,1.24
20161209,8212957696,178274018,8391231714,2.12,786780602,8723923,795504525,1.1
20161210,7990588385,207760564,8198348949,2.53,782092972,8415497,790508469,1.06
20161211,7726391569,191536990,7917928559,2.42,759871482,7382139,767253621,0.96
20161212,8516954986,185454749,8702409735,2.13,822997525,8439567,831437092,1.02
20161213,8794339984,192287894,8986627878,2.14,817773540,9443720,827217260,1.14
20161214,8373862258,135419921,8509282179,1.59,797814500,9480270,807294770,1.17
20161215,8217683430,146951582,8364635012,1.76,786576904,9699061,796275965,1.22
20161216,7672762791,227392844,7900155635,2.88,812776606,9003576,821780182,1.1
20161217,6976579618,203383516,7179963134,2.83,755211766,7680611,762892377,1.01
20161218,6666174020,184978716,6851152736,2.7,735593594,7547698,743141292,1.02
20161219,7257314454,203671487,7460985941,2.73,772402423,8613151,781015574,1.1
20161220,7558491711,226614415,7785106126,2.91,780653622,8561936,789215558,1.08
20161221,7361624611,224148850,7585773461,2.95,765698361,8146251,773844612,1.05
20161222,7287397223,207824853,7495222076,2.77,751154523,7951308,759105831,1.05
20161223,7069120099,196333850,7265453949,2.7,727834682,8307785,736142467,1.13
20161224,6581949850,179112412,6761062262,2.65,672199146,7259391,679458537,1.07
20161225,6509317500,176127680,6685445180,2.63,679821096,7238579,687059675,1.05
20161226,6912908378,188667633,7101576011,2.66,709097653,7316202,716413855,1.02
20161227,6975055841,192988300,7168044141,2.69,721773381,7462430,729235811,1.02
20161228,7018937643,186482260,7205419903,2.59,736873770,7696378,744570148,1.03
20161229,7091520030,191415220,7282935250,2.63,737561278,7849090,745410368,1.05
20161230,6928908082,183893026,7112801108,2.59,730256451,7814301,738070752,1.06
20161231,6695754669,177063098,6872817767,2.58,715051269,7793563,722844832,1.08
20170101,6551586343,166834531,6718420874,2.48,693107276,7720085,700827361,1.1
20170102,6934140196,174199359,7108339555,2.45,721060300,7421652,728481952,1.02
20170103,7036830582,186540311,7223370893,2.58,668809436,8189131,676998567,1.21
20170104,6999554630,189623996,7189178626,2.64,659714357,8501383,668215740,1.27
20170105,7066205548,188535570,7254741118,2.6,662256959,8121938,670378897,1.21
20170106,8347865218,229695757,8577560975,2.68,841091818,9318307,850410125,1.1
20170107,6582427424,174524460,6756951884,2.58,609740507,7145322,616885829,1.16
20170108,6581330621,168311548,6749642169,2.49,665432516,7246724,672679240,1.08
20170109,11266576713,318290492,11584867205,2.75,1067667634,12915950,1080583584,1.2
20170110,11368143254,384969832,11753113086,3.28,1024881715,14469453,1039351168,1.39
20170111,7367103161,201689874,7568793035,2.66,746407699,20687307,767095006,2.7
20170112,7340765511,201544923,7542310434,2.67,742259311,20047888,762307199,2.63
20170113,7188751046,190191748,7378942794,2.58,728607938,20227376,748835314,2.7
20170114,6710269237,185283949,6895553186,2.69,704483791,16259080,720742871,2.26
20170115,6590372743,181822631,6772195374,2.68,713802100,16275437,730077537,2.23
20170116,7154816832,188458279,7343275111,2.57,745889611,17064836,762954447,2.24
20170117,7277541210,205493262,7483034472,2.75,774017167,19493282,793510449,2.46
20170118,7469248757,212207980,7681456737,2.76,779094231,17094331,796188562,2.15
20170119,7506636408,211436212,7718072620,2.74,784085426,13855879,797941305,1.74
20170120,7365739304,201759673,7567498977,2.67,763090292,16890966,779981258,2.17
20170121,7020238692,186304675,7206543367,2.59,689698161,9832880,699531041,1.41
20170122,6970498773,177659211,7148157984,2.49,703443851,9306917,712750768,1.31
20170123,7482080752,189331719,7671412471,2.47,745255986,10010836,755266822,1.33
20170124,7360605062,199174785,7559779847,2.63,749773663,9183669,758957332,1.21
20170125,7293353824,201043120,7494396944,2.68,758826404,9190126,768016530,1.2
20170126,7243033549,186584263,7429617812,2.51,768339865,10412885,778752750,1.34
20170127,7113692314,180724809,7294417123,2.48,720026578,9361006,729387584,1.28
20170128,6663966587,169582937,6833549524,2.48,696822393,8953182,705775575,1.27
20170129,6595040653,157732089,6752772742,2.34,710767828,8560470,719328298,1.19
20170130,7023717220,164986805,7188704025,2.3,711834950,9470218,721305168,1.31
20170131,7278334430,171100197,7449434627,2.3,723907970,10083546,733991516,1.37
20170201,7244072912,202513702,7446586614,2.72,763136363,11073461,774209824,1.43
20170202,7189418217,194901706,7384319923,2.64,769790828,11365362,781156190,1.45
20170203,6988506992,182914643,7171421635,2.55,726937596,11622554,738560150,1.57
20170204,6840775103,171575244,7012350347,2.45,673050294,8757768,681808062,1.28
20170205,6664022118,167995272,6832017390,2.46,667365045,9715826,677080871,1.43
20170206,7181810477,187927578,7369738055,2.55,710763414,11779427,722542841,1.63
20170207,7343152979,188795769,7531948748,2.51,710255057,11390197,721645254,1.58
20170208,7328185270,185342712,7513527982,2.47,722963773,11049984,734013757,1.51
20170209,7441759928,190850106,7632610034,2.5,739296625,11263263,750559888,1.5
20170210,7319947945,174746383,7494694328,2.33,737585351,10985898,748571249,1.47
20170211,6833902924,158763899,6992666823,2.27,678148431,9373692,687522123,1.36
20170212,6754349685,154242328,6908592013,2.23,693717111,9027825,702744936,1.28
20170213,7276237508,171544146,7447781654,2.3,731371804,10970026,742341830,1.48
20170214,7415776357,176169487,7591945844,2.32,744613182,11268199,755881381,1.49
20170215,7392956370,174706764,7567663134,2.31,734005406,10774386,744779792,1.45
20170216,7409172778,163404026,7572576804,2.16,733764519,10351578,744116097,1.39
20170217,7354700604,159488638,7514189242,2.12,732046611,10175589,742222200,1.37
20170218,6806866350,147863564,6954729914,2.13,696383089,8595665,704978754,1.22
20170219,6702833783,139887465,6842721248,2.04,689118793,9409436,698528229,1.35
20170220,7481085502,161679332,7642764834,2.12,757286196,11302574,768588770,1.47
20170221,10761280648,239444136,11000724784,2.18,1007630982,13498147,1021129129,1.32
20170222,7329158679,160090727,7489249406,2.14,741775234,10916398,752691632,1.45
20170223,7505868225,163216447,7669084672,2.13,745848285,9704117,755552402,1.28
20170224,7237479625,159863052,7397342677,2.16,747095012,10613885,757708897,1.4
20170225,6826904802,150620054,6977524856,2.16,704352661,9176545,713529206,1.29
20170226,6822946596,143134350,6966080946,2.05,689636488,8515741,698152229,1.22
20170227,7151848217,134084851,7285933068,1.84,740460999,9910617,750371616,1.32
20170228,7243087240,136563068,7379650308,1.85,746111914,10005562,756117476,1.32
20170301,7477687336,137523562,7615210898,1.81,748454204,10299015,758753219,1.36
20170302,7713961915,133490006,7847451921,1.7,760389617,10294464,770684081,1.34
20170303,7453209354,134830901,7588040255,1.78,733111364,10059626,743170990,1.35
20170304,6900673857,125355342,7026029199,1.78,703709129,9025612,712734741,1.27
20170305,6897020670,122730536,7019751206,1.75,710918228,8592946,719511174,1.19
20170306,13754050419,268494447,14022544866,1.91,1264376695,15896106,1280272801,1.24
20170307,7647698802,137807466,7785506268,1.77,767431963,10537608,777969571,1.35
20170308,7774495310,139587093,7914082403,1.76,784390341,10329477,794719818,1.3
20170309,7621434283,139076311,7760510594,1.79,763317981,10986710,774304691,1.42
20170310,7749846741,154182592,7904029333,1.95,769523445,10934598,780458043,1.4
20170311,7342173396,131908784,7474082180,1.76,719118319,9507584,728625903,1.3
20170312,7193279886,129992416,7323272302,1.78,718362037,9026586,727388623,1.24
20170313,7733836766,141738747,7875575513,1.8,750505800,10278038,760783838,1.35
20170314,7806499037,141290684,7947789721,1.78,756992685,10666887,767659572,1.39
20170315,7755179579,141857035,7897036614,1.8,775220096,10108870,785328966,1.29
20170316,7726647431,148263688,7874911119,1.88,745428153,9784129,755212282,1.3
20170317,7817160401,137204925,7954365326,1.72,767126630,9995631,777122261,1.29
20170318,7196423703,139898113,7336321816,1.91,727801680,8555925,736357605,1.16
20170319,7030113777,139318697,7169432474,1.94,712525245,8789062,721314307,1.22
20170320,7676949060,151879997,7828829057,1.94,749969035,9734644,759703679,1.28
20170321,7558746675,149431076,7708177751,1.94,761365225,10486557,771851782,1.36
20170322,7647746429,154364199,7802110628,1.98,759859678,10594537,770454215,1.38
20170323,7672746643,157147388,7829894031,2.01,765239028,10564946,775803974,1.36
20170324,7599669567,151296689,7750966256,1.95,759324036,10565961,769889997,1.37
20170325,7207722738,137473458,7345196196,1.87,693087281,9324135,702411416,1.33
20170326,7008696630,129207127,7137903757,1.81,695483279,9779465,705262744,1.39
20170327,8035590652,148476363,8184067015,1.81,753376171,10831909,764208080,1.42
20170328,7955428603,141760172,8097188775,1.75,757387114,10363781,767750895,1.35
20170329,7539122888,135675393,7674798281,1.77,750907254,10996593,761903847,1.44
20170330,7462430453,134465645,7596896098,1.77,749875393,10730578,760605971,1.41
20170331,7110229967,135136765,7245366732,1.87,757752883,10642578,768395461,1.39
20170402,6524912020,115568851,6640480871,1.74,645468131,9484570,654952701,1.45
20170403,6947480369,131350588,7078830957,1.86,677975548,10137042,688112590,1.47
20170404,6955210399,127566526,7082776925,1.8,642295420,10840036,653135456,1.66
20170405,6939257350,139892337,7079149687,1.98,662474002,10658920,673132922,1.58
20170406,6973264942,139082770,7112347712,1.96,680919965,10550262,691470227,1.53
20170407,7089533134,136019819,7225552953,1.88,665913616,10656129,676569745,1.58
20170408,6612381141,122569056,6734950197,1.82,634352560,9365420,643717980,1.45
20170409,6456785074,120456767,6577241841,1.83,624610666,9498379,634109045,1.5
20170410,6964377090,136446930,7100824020,1.92,670089656,10903527,680993183,1.6
20170411,7148340779,138136819,7286477598,1.9,696590872,10765859,707356731,1.52
20170412,6989934251,137401144,7127335395,1.93,711383181,11382475,722765656,1.57
20170413,6971302831,131034170,7102337001,1.84,711694480,10980062,722674542,1.52
20170414,6695566299,124712004,6820278303,1.83,691582304,9962959,701545263,1.42
20170415,5959052886,96626831,6055679717,1.6,648986664,9315959,658302623,1.42
20170416,5698417231,91512796,5789930027,1.58,633562948,9912477,643475425,1.54
20170417,6143077805,104090059,6247167864,1.67,672252520,10085191,682337711,1.48
20170418,6841594105,131062401,6972656506,1.88,690901379,11096108,701997487,1.58
20170419,7030110539,142882833,7172993372,1.99,695091959,11809596,706901555,1.67
20170420,7010673365,140988331,7151661696,1.97,687383394,12007491,699390885,1.72
20170421,6655907874,132125794,6788033668,1.95,668692184,11681007,680373191,1.72
20170422,6262233652,121845759,6384079411,1.91,625619130,10177189,635796319,1.6
20170423,6261511666,116700842,6378212508,1.83,614681359,10257640,624938999,1.64
20170424,6881783391,129119967,7010903358,1.84,684642306,11990847,696633153,1.72
20170425,8321832928,165876333,8487709261,1.95,771885909,12335432,784221341,1.57
20170426,6826084403,133016169,6959100572,1.91,703065921,11137602,714203523,1.56
20170427,6597104912,129853331,6726958243,1.93,673831788,11228012,685059800,1.64
20170428,6476778477,128340108,6605118585,1.94,676503485,11151030,687654515,1.62
20170429,6300810901,118247552,6419058453,1.84,639535976,9618926,649154902,1.48
20170430,6164226159,114453686,6278679845,1.82,612285216,9412235,621697451,1.51
20170501,6381313371,118396409,6499709780,1.82,653456543,9761777,663218320,1.47
20170502,6489333647,131171292,6620504939,1.98,683951858,11040708,694992566,1.59
20170503,6663309834,136714621,6800024455,2.01,703230977,11024407,714255384,1.54
20170504,6528415057,136222988,6664638045,2.04,694657650,11391673,706049323,1.61
20170505,6585852900,134604900,6720457800,2.0,677509346,10375979,687885325,1.51
20170506,6145248936,125244261,6270493197,2.0,638300504,8996930,647297434,1.39
20170507,5978690371,122510497,6101200868,2.01,649580548,8685265,658265813,1.32
20170508,6520683024,134757215,6655440239,2.02,682000553,10800344,692800897,1.56
20170509,6428630573,127931326,6556561899,1.95,704064212,11061171,715125383,1.55
20170510,6379836545,123017980,6502854525,1.89,693370177,11135748,704505925,1.58
20170511,6331560626,118940607,6450501233,1.84,692798884,11174248,703973132,1.59
20170512,6237504871,118420088,6355924959,1.86,675282506,9862840,685145346,1.44
20170513,5780867640,108462713,5889330353,1.84,652770269,8664608,661434877,1.31
20170514,5742488874,107824294,5850313168,1.84,641350908,8388561,649739469,1.29
20170515,6354336680,121771436,6476108116,1.88,688716441,9924988,698641429,1.42
20170516,6338702239,123193884,6461896123,1.91,698644784,10037350,708682134,1.42
20170517,6255551813,120233274,6375785087,1.89,699940930,9843010,709783940,1.39
20170518,6283188121,122659107,6405847228,1.91,695564080,10498827,706062907,1.49
20170519,6186185666,120929506,6307115172,1.92,678880755,10443426,689324181,1.52
20170520,5837182409,112373041,5949555450,1.89,639192947,9289470,648482417,1.43
20170521,5810002571,111497823,5921500394,1.88,642970187,9088636,652058823,1.39
20170522,6269696770,119832390,6389529160,1.88,663110897,10582531,673693428,1.57
20170523,6565498054,120276991,6685775045,1.8,672725340,10821152,683546492,1.58
20170524,6513128314,119625053,6632753367,1.8,661059052,11319138,672378190,1.68
20170525,6402586117,122741221,6525327338,1.88,645715073,11131216,656846289,1.69
20170527,5945127194,114866777,6059993971,1.9,620708691,9467752,630176443,1.5
20170528,5829580560,113534778,5943115338,1.91,605352037,9391872,614743909,1.53
20170529,6197742752,122098255,6319841007,1.93,649035506,10825470,659860976,1.64
20170530,6366894764,127634486,6494529250,1.97,671584402,11112734,682697136,1.63
20170531,6370418931,128446886,6498865817,1.98,685312877,11238589,696551466,1.61
20170601,6518044657,127634304,6645678961,1.92,689782928,11394550,701177478,1.63
20170602,6415791934,126235314,6542027248,1.93,663532125,11828724,675360849,1.75
20170603,6039409521,119124669,6158534190,1.93,631932122,9593103,641525225,1.5
20170604,5912683647,114642106,6027325753,1.9,633846213,9218750,643064963,1.43
20170605,6248377853,122795887,6371173740,1.93,669692398,10934485,680626883,1.61
20170606,6324641854,123348615,6447990469,1.91,675311757,11267166,686578923,1.64
20170607,6461475569,127111273,6588586842,1.93,689046895,11557865,700604760,1.65
20170608,6347928573,131876430,6479805003,2.04,700531395,12085503,712616898,1.7
20170609,6323864052,129970033,6453834085,2.01,693760247,12624368,706384615,1.79
20170610,6102381581,121240224,6223621805,1.95,665832460,11573268,677405728,1.71
20170611,5937901526,120133490,6058035016,1.98,657728994,11078549,668807543,1.66
20170612,6556366733,129692540,6686059273,1.94,703003081,12757776,715760857,1.78
20170613,6610910081,130834354,6741744435,1.94,745004231,13529741,758533972,1.78
20170614,6490170991,127500426,6617671417,1.93,721235781,13554068,734789849,1.84
20170615,6433784750,134076076,6567860826,2.04,713015059,14030787,727045846,1.93
20170616,6498264369,135931373,6634195742,2.05,694985683,14802630,709788313,2.09
20170617,6107205051,123065998,6230271049,1.98,644489757,10731755,655221512,1.64
20170618,5974481736,121270332,6095752068,1.99,642489193,10308838,652798031,1.58
20170619,6565356519,136964462,6702320981,2.04,709793755,11582571,721376326,1.61
20170620,6586539524,128651518,6715191042,1.92,722076472,12049682,734126154,1.64
20170621,6611778194,134888255,6746666449,2.0,719914604,11761734,731676338,1.61
20170622,6491395181,128697107,6620092288,1.94,710503537,11432900,721936437,1.58
20170623,6331700629,125465767,6457166396,1.94,703088834,11111220,714200054,1.56
20170624,5922089701,118439196,6040528897,1.96,662989548,9992326,672981874,1.48
20170625,5870550374,116426065,5986976439,1.94,658050971,9997813,668048784,1.5
20170626,6271464352,120731736,6392196088,1.89,718696417,11601944,730298361,1.59
20170627,6607494141,133832404,6741326545,1.99,749191483,11246145,760437628,1.48
20170628,6415093967,131452168,6546546135,2.01,731729872,11381981,743111853,1.53
20170629,6601745316,137913185,6739658501,2.05,728627042,11550863,740177905,1.56
20170630,6565840386,137481666,6703322052,2.05,723448368,11179449,734627817,1.52
20170701,6030349475,126798627,6157148102,2.06,679238767,10171771,689410538,1.48
20170702,5869018868,120321875,5989340743,2.01,659210207,10225418,669435625,1.53
20170703,6292685610,132225982,6424911592,2.06,705315009,11060192,716375201,1.54
20170704,6294845353,135354644,6430199997,2.1,700461633,11413361,711874994,1.6
20170705,6321457927,133308566,6454766493,2.07,698437071,11200325,709637396,1.58
20170706,6309344674,132783164,6442127838,2.06,696594548,11114990,707709538,1.57
20170707,6265261614,132703042,6397964656,2.07,685508635,10861291,696369926,1.56
20170708,5928457848,122654893,6051112741,2.03,626148682,9950851,636099533,1.56
20170709,5812193375,118375803,5930569178,2.0,629707960,10429923,640137883,1.63
20170710,6297370451,134168190,6431538641,2.09,681601349,11028350,692629699,1.59
20170711,6363039405,134193876,6497233281,2.07,727159167,11087475,738246642,1.5
20170712,6364798676,128123430,6492922106,1.97,741486260,11147445,752633705,1.48
20170713,6355790021,134797628,6490587649,2.08,766463356,11746246,778209602,1.51
20170714,6224303551,130441079,6354744630,2.05,745120587,11130273,756250860,1.47
20170715,5769642827,122025258,5891668085,2.07,664478227,10377587,674855814,1.54
20170716,5739350084,121001443,5860351527,2.06,646364135,10076658,656440793,1.54
20170717,6298496740,132897172,6431393912,2.07,697355268,11870572,709225840,1.67
20170718,6310664396,135767759,6446432155,2.11,718701687,11517812,730219499,1.58
20170719,6300254868,140570470,6440825338,2.18,723078180,11790492,734868672,1.6
20170720,6386992856,137510784,6524503640,2.11,719068453,11869589,730938042,1.62
20170721,6270600916,129691638,6400292554,2.03,720198400,11611904,731810304,1.59
20170722,5829577055,124198728,5953775783,2.09,666832658,10427734,677260392,1.54
20170723,5808980840,121985467,5930966307,2.06,653038521,10165109,663203630,1.53
20170724,6368087977,132969121,6501057098,2.05,690233409,11022782,701256191,1.57
20170725,6456015942,128213757,6584229699,1.95,677796545,11355760,689152305,1.65
20170726,6657732152,131785222,6789517374,1.94,642301398,11360548,653661946,1.74
20170727,6629507158,129104356,6758611514,1.91,654010225,11963066,665973291,1.8
20170728,6470375673,121517459,6591893132,1.84,651581731,11862711,663444442,1.79
20170729,6049091453,115917141,6165008594,1.88,618611164,11207433,629818597,1.78
20170730,5964023995,114917368,6078941363,1.89,604668823,10869704,615538527,1.77
20170731,6522942503,126245602,6649188105,1.9,665869340,13009554,678878894,1.92
20170801,6746344847,132366555,6878711402,1.92,677439967,13105146,690545113,1.9
20170802,6627335558,133635841,6760971399,1.98,669950197,13021282,682971479,1.91
20170803,6597442164,131760584,6729202748,1.96,677019016,12921480,689940496,1.87
20170804,6565065894,131929886,6696995780,1.97,731601936,12788290,744390226,1.72
20170805,6149554100,123361184,6272915284,1.97,669711835,10942148,680653983,1.61
20170806,6054290967,120172652,6174463619,1.95,660455893,10952912,671408805,1.63
20170807,7352199880,149548505,7501748385,1.99,790476244,14137353,804613597,1.76
20170808,6757897143,131926003,6889823146,1.91,719793817,13408417,733202234,1.83
20170809,6690860798,131447832,6822308630,1.93,721209688,12689622,733899310,1.73
20170810,6714537326,133457833,6847995159,1.95,750222974,13377979,763600953,1.75
20170811,6560388504,136022330,6696410834,2.03,781711999,12310356,794022355,1.55
20170812,6122706349,124734048,6247440397,2.0,727912329,10458110,738370439,1.42
20170813,5984232253,119565735,6103797988,1.96,723041607,10241517,733283124,1.4
20170814,6383960926,128324559,6512285485,1.97,765343966,12332383,777676349,1.59
20170815,6288450233,128665049,6417115282,2.01,759698646,12672256,772370902,1.64
20170816,6584977498,132924937,6717902435,1.98,756878517,12631513,769510030,1.64
20170817,6615962128,133620389,6749582517,1.98,734321060,13274261,747595321,1.78
20170818,6354619508,126782398,6481401906,1.96,725537857,13499320,739037177,1.83
20170819,5587083579,111864494,5698948073,1.96,708865910,11390236,720256146,1.58
20170820,5567918721,108825185,5676743906,1.92,708345708,11018623,719364331,1.53
20170821,6115766306,120356916,6236123222,1.93,734820232,11743807,746564039,1.57
20170822,6266862424,126169864,6393032288,1.97,765924119,12457627,778381746,1.6
20170823,6166457183,126663838,6293121021,2.01,760527620,12315536,772843156,1.59
20170824,6214989149,129516574,6344505723,2.04,780988483,13075726,794064209,1.65
20170825,6804778599,136884431,6941663030,1.97,767643888,12615218,780259106,1.62
20170826,7142003477,144772526,7286776003,1.99,763542823,11748069,775290892,1.52
20170827,6585582772,132700416,6718283188,1.98,740069798,11499937,751569735,1.53
20170828,6305931631,128010425,6433942056,1.99,756360019,12198596,768558615,1.59
20170829,6572361226,146989357,6719350583,2.19,772593051,12330020,784923071,1.57
20170830,6518858481,139641290,6658499771,2.1,724221593,12676458,736898051,1.72
20170831,6781524540,143666040,6925190580,2.07,713452497,12398301,725850798,1.71
20170901,6896349687,139601184,7035950871,1.98,717259290,12028473,729287763,1.65
20170902,6381055182,130662243,6511717425,2.01,673884796,11094398,684979194,1.62
20170903,6300448826,130677826,6431126652,2.03,664105372,10770184,674875556,1.6
20170904,6652224925,139296308,6791521233,2.05,702993572,11689040,714682612,1.64
20170905,6721320594,147290163,6868610757,2.14,729688712,11953606,741642318,1.61
20170906,6920673136,151123466,7071796602,2.14,765136939,12591521,777728460,1.62
20170907,6541631629,143909885,6685541514,2.15,738666449,12413906,751080355,1.65
20170908,6497653061,140658568,6638311629,2.12,732454131,12471738,744925869,1.67
20170909,6114645706,133639835,6248285541,2.14,723101601,11376550,734478151,1.55
20170910,6358442795,136856582,6495299377,2.11,736648837,11427069,748075906,1.53
20170911,6719246207,144953097,6864199304,2.11,729733450,12471149,742204599,1.68
20170912,6538739779,135716861,6674456640,2.03,737070966,12702990,749773956,1.69
20170913,6596920259,133513157,6730433416,1.98,731961224,13159820,745121044,1.77
20170914,6591488763,136571683,6728060446,2.03,740419003,13318523,753737526,1.77
20170915,6788960410,158081823,6947042233,2.28,714606955,12863905,727470860,1.77
20170916,6293677511,151809826,6445487337,2.36,692624242,11727591,704351833,1.67
20170917,6278384436,148301641,6426686077,2.31,704592862,11590794,716183656,1.62
20170918,6643348631,154974157,6798322788,2.28,722860352,13208797,736069149,1.79
20170919,6925245277,154171953,7079417230,2.18,746100987,13520895,759621882,1.78
20170920,6974687042,172513294,7147200336,2.41,758268674,13282622,771551296,1.72
20170921,6955451005,165432082,7120883087,2.32,763530833,13226950,776757783,1.7
20170922,6809373831,163455335,6972829166,2.34,755174454,13076735,768251189,1.7
20170923,6328477788,153571756,6482049544,2.37,704853110,11636274,716489384,1.62
20170924,6563905149,148540313,6712445462,2.21,703747521,11952851,715700372,1.67
20170925,7341626254,159555098,7501181352,2.13,739745174,13425662,753170836,1.78
20170926,7328411613,166095122,7494506735,2.22,771922414,14072159,785994573,1.79
20170927,7063999192,159954535,7223953727,2.21,771727381,13932982,785660363,1.77
20170928,7222038500,164728770,7386767270,2.23,781758545,14305064,796063609,1.8
20170929,7157630484,177841346,7335471830,2.42,761470128,14423953,775894081,1.86
20170930,6911390723,179918319,7091309042,2.54,733503361,12539121,746042482,1.68
20171001,6673649013,178809771,6852458784,2.61,730363010,12467595,742830605,1.68
20171002,7289030433,193200774,7482231207,2.58,765814698,14121581,779936279,1.81
20171003,7333364032,169648723,7503012755,2.26,775392526,14626387,790018913,1.85
20171004,7272824368,172290313,7445114681,2.31,741235237,14265320,755500557,1.89
20171005,7348779773,161863527,7510643300,2.16,751112727,13291039,764403766,1.74
20171006,7570801977,164813895,7735615872,2.13,787004603,14371878,801376481,1.79
20171007,7244834024,154211619,7399045643,2.08,760463078,12946932,773410010,1.67
20171008,7108007815,159150144,7267157959,2.19,746228910,12491507,758720417,1.65
20171009,7768580590,171004953,7939585543,2.15,799361666,14337959,813699625,1.76
20171010,8062094458,173329957,8235424415,2.1,806959582,14898753,821858335,1.81
20171011,8206640560,194491607,8401132167,2.32,843000247,14029740,857029987,1.64
20171012,8440799534,200039431,8640838965,2.32,906928130,14479150,921407280,1.57
20171013,7674255792,188339597,7862595389,2.4,788550549,13557557,802108106,1.69
20171014,7316412130,178973194,7495385324,2.39,740729758,12238616,752968374,1.63
20171015,7266557266,173734149,7440291415,2.34,743135624,12053048,755188672,1.6
20171016,7840664244,183081251,8023745495,2.28,771330037,13526033,784856070,1.72
20171017,7795734429,167539277,7963273706,2.1,790302680,13766219,804068899,1.71
20171018,7932988067,170286775,8103274842,2.1,785445789,14397287,799843076,1.8
20171019,8021805630,170762026,8192567656,2.08,764602519,14562499,779165018,1.87
20171020,7776535882,161704039,7938239921,2.04,733593172,14422134,748015306,1.93
20171021,7253126812,148833401,7401960213,2.01,688548192,12684207,701232399,1.81
20171022,7222177521,149264212,7371441733,2.02,716459358,12283739,728743097,1.69
20171023,7998110858,164697605,8162808463,2.02,758226556,14219638,772446194,1.84
20171024,7954438263,163691711,8118129974,2.02,767983008,15109196,783092204,1.93
20171025,7779425186,160282004,7939707190,2.02,754669249,14752752,769422001,1.92
20171026,7621630073,164712571,7786342644,2.12,752336349,15200857,767537206,1.98
20171027,7175882660,165654446,7341537106,2.26,744185842,14402333,758588175,1.9
20171028,6897307251,159940421,7057247672,2.27,724384691,13593043,737977734,1.84
20171029,6840648622,157827233,6998475855,2.26,728333927,13460048,741793975,1.81
20171030,7103390063,169190904,7272580967,2.33,768921756,15178756,784100512,1.94
20171031,7211135152,171096359,7382231511,2.32,761785374,15235602,777020976,1.96
20171101,7083041704,166926211,7249967915,2.3,749709480,14645021,764354501,1.92
20171102,7157463529,179020171,7336483700,2.44,741874526,15639607,757514133,2.06
20171103,7258842027,170747768,7429589795,2.3,745264639,15808999,761073638,2.08
20171104,6626479458,160932249,6787411707,2.37,688094843,14005967,702100810,1.99
20171105,6443773020,155156362,6598929382,2.35,696851404,13446048,710297452,1.89
20171106,6935277950,166610128,7101888078,2.35,738161922,15789080,753951002,2.09
20171107,7192067267,175504659,7367571926,2.38,761434594,15971860,777406454,2.05
20171108,7225215898,175926750,7401142648,2.38,760340219,16115255,776455474,2.08
20171109,7356317271,182351672,7538668943,2.42,772375347,16379786,788755133,2.08
20171110,7187685022,179795636,7367480658,2.44,766752379,16270971,783023350,2.08
20171111,6594175828,158545559,6752721387,2.35,686919058,14400599,701319657,2.05
20171112,6527449709,153371323,6680821032,2.3,679612336,13554462,693166798,1.96
20171113,6856900506,160902259,7017802765,2.29,727602774,15293098,742895872,2.06
20171114,6755260050,155789710,6911049760,2.25,698251787,15506841,713758628,2.17
20171115,6730686937,156125774,6886812711,2.27,706089847,15353727,721443574,2.13
20171116,6864510122,163835252,7028345374,2.33,711837044,16298122,728135166,2.24
20171117,6755017029,157911516,6912928545,2.28,714676173,15958477,730634650,2.18
20171118,6695083328,128324834,6823408162,1.88,670383302,13413091,683796393,1.96
20171119,6529649693,125290726,6654940419,1.88,656295526,13131016,669426542,1.96
20171120,7171194952,143048435,7314243387,1.96,717028520,15514474,732542994,2.12
20171121,7325491947,146645300,7472137247,1.96,718182157,17150482,735332639,2.33
20171122,7374453171,140436531,7514889702,1.87,707367262,15911418,723278680,2.2
20171123,7401612405,145894517,7547506922,1.93,717660670,15363824,733024494,2.1
20171124,7368497148,139389322,7507886470,1.86,697052431,14323385,711375816,2.01
20171125,6898998523,132510691,7031509214,1.88,686673495,13147493,699820988,1.88
20171126,6756560591,132962442,6889523033,1.93,690616302,13188434,703804736,1.87
20171127,7228027376,140682308,7368709684,1.91,721530652,14150362,735681014,1.92
20171128,7042204067,141918729,7184122796,1.98,682062076,13954299,696016375,2.0
20171129,6948967623,139884668,7088852291,1.97,662381397,14435827,676817224,2.13
20171130,6968483481,135234415,7103717896,1.9,655596058,14924229,670520287,2.23
20171201,6852633695,138989176,6991622871,1.99,659803029,14668501,674471530,2.17
20171202,6664902279,135502316,6800404595,1.99,653294184,13387712,666681896,2.01
20171203,6595124462,133543055,6728667517,1.98,654029735,13854614,667884349,2.07
20171204,6991662365,153046490,7144708855,2.14,687201192,14599300,701800492,2.08
20171205,7117184340,144365094,7261549434,1.99,678996750,14034756,693031506,2.03
20171206,7161455448,138203428,7299658876,1.89,678948840,13983150,692931990,2.02
20171207,6983075592,145110507,7128186099,2.04,704406459,14239492,718645951,1.98
20171208,6340455711,133281192,6473736903,2.06,755577870,13847156,769425026,1.8
20171209,5993233846,127935982,6121169828,2.09,708949953,13357494,722307447,1.85
20171210,6389974793,126486336,6516461129,1.94,713805045,13539101,727344146,1.86
20171211,7421841883,138940695,7560782578,1.84,755638018,15634000,771272018,2.03
20171212,8159724113,138156157,8297880270,1.66,775177760,15854160,791031920,2.0
20171213,7549237839,133035490,7682273329,1.73,795932647,14513639,810446286,1.79
20171214,7254565224,151659306,7406224530,2.05,787804552,14530230,802334782,1.81
20171215,6703390349,133644929,6837035278,1.95,778147120,13900650,792047770,1.76
20171216,6340494853,130329328,6470824181,2.01,731809272,13043621,744852893,1.75
20171217,5988726667,123263201,6111989868,2.02,705946080,12810097,718756177,1.78
20171218,6573459746,135164820,6708624566,2.01,729975580,13875592,743851172,1.87
20171219,6636201087,138754960,6774956047,2.05,731607133,14091462,745698595,1.89
20171220,6745329291,138030810,6883360101,2.01,681427857,13709077,695136934,1.97
20171221,6663660095,140685029,6804345124,2.07,694965174,13995264,708960438,1.97
20171222,6593276308,140308901,6733585209,2.08,679960262,13620177,693580439,1.96
20171223,6422293231,129392056,6551685287,1.97,648752710,12484030,661236740,1.89
20171224,6870042764,139945175,7009987939,2.0,634692252,12175326,646867578,1.88
20171225,7247435799,132812421,7380248220,1.8,656427001,12397511,668824512,1.85
20171226,6908401633,143472199,7051873832,2.03,767565912,12362856,779928768,1.59
20171227,6386068095,120847186,6506915281,1.86,776130259,12848671,788978930,1.63
20171228,6336874427,124684794,6461559221,1.93,779292303,12704439,791996742,1.6
20171229,6279907960,118651564,6398559524,1.85,776780329,12628980,789409309,1.6
20171230,5921447018,109643489,6031090507,1.82,723361941,12294067,735656008,1.67
20171231,6749572461,103745676,6853318137,1.51,693153406,12106885,705260291,1.72
20180101,6759965672,110473719,6870439391,1.61,728417999,12139146,740557145,1.64
20180102,7354360543,120387194,7474747737,1.61,785922178,12666130,798588308,1.59
20180103,6998388817,128322819,7126711636,1.8,821509103,13260796,834769899,1.59
20180104,6623008129,119373932,6742382061,1.77,772562786,13611825,786174611,1.73
20180105,6687086278,112077632,6799163910,1.65,822406275,13832945,836239220,1.65
20180106,6406480406,101009725,6507490131,1.55,746354367,12823545,759177912,1.69
20180107,6060656576,99291555,6159948131,1.61,746526413,13007691,759534104,1.71
20180108,6512956507,140197803,6653154310,2.11,808838697,13684461,822523158,1.66
20180109,7215658074,139657749,7355315823,1.9,837665691,14349471,852015162,1.68
20180110,7141392257,139300551,7280692808,1.91,802591801,15807826,818399627,1.93
20180111,6979536895,144148849,7123685744,2.02,800803298,15671346,816474644,1.92
20180112,6654748568,143283844,6798032412,2.11,799661153,15231716,814892869,1.87
20180113,6149672460,127557403,6277229863,2.03,756073154,13749701,769822855,1.79
20180114,6046044826,130498707,6176543533,2.11,756025504,13677206,769702710,1.78
20180115,6679123659,144424666,6823548325,2.12,852366172,15665508,868031680,1.8
20180116,7012946786,145031561,7157978347,2.03,845676633,15999209,861675842,1.86
20180117,6902121844,148250523,7050372367,2.1,834058350,15916056,849974406,1.87
20180118,6978746241,146775982,7125522223,2.06,853695814,15773422,869469236,1.81
20180119,6935186298,138071771,7073258069,1.95,829896684,15537382,845434066,1.84
20180120,6464072830,125889215,6589962045,1.91,790632230,14007461,804639691,1.74
20180121,6378870788,123637755,6502508543,1.9,776517167,13882021,790399188,1.76
20180122,7065565856,141733086,7207298942,1.97,826890605,15813873,842704478,1.88
20180123,7264746551,144440709,7409187260,1.95,829497079,16042333,845539412,1.9
20180124,7368058772,145138796,7513197568,1.93,849868449,15656040,865524489,1.81
20180125,7270566011,144411018,7414977029,1.95,825327379,16170276,841497655,1.92
20180126,7032976073,140486889,7173462962,1.96,806907262,15754061,822661323,1.92
20180127,6609524512,130648445,6740172957,1.94,794248721,14073227,808321948,1.74
20180128,6423848399,131351307,6555199706,2.0,760809460,14281746,775091206,1.84
20180129,6989987814,147297396,7137285210,2.06,810383868,16272185,826656053,1.97
20180130,7105333041,152376158,7257709199,2.1,813477194,16606884,830084078,2.0
20180131,7260963704,153777978,7414741682,2.07,819065257,16613263,835678520,1.99
20180201,7459708304,160674437,7620382741,2.11,837455642,17166323,854621965,2.01
20180202,7309004277,158324000,7467328277,2.12,821446103,17217552,838663655,2.05
20180203,6683463781,144313167,6827776948,2.11,773922768,14736669,788659437,1.87
20180204,6547075918,141853102,6688929020,2.12,749578102,14100861,763678963,1.85
20180205,6939007153,149329776,7088336929,2.11,783574378,16154953,799729331,2.02
20180206,6978763396,158297782,7137061178,2.22,814003095,16235658,830238753,1.96
20180207,7003057351,157243659,7160301010,2.2,821915737,16180101,838095838,1.93
20180208,6946260585,153959551,7100220136,2.17,781603724,16671163,798274887,2.09
20180209,7122163321,149091654,7271254975,2.05,764435955,16264758,780700713,2.08
20180210,6662322877,135136240,6797459117,1.99,731911241,14705299,746616540,1.97
20180211,6591746081,133414684,6725160765,1.98,710032652,14623286,724655938,2.02
20180212,6945391350,139380501,7084771851,1.97,753731149,15267839,768998988,1.99
20180213,6894238590,141718314,7035956904,2.01,794502569,15101492,809604061,1.87
20180214,6895864279,136143384,7032007663,1.94,816564841,15563181,832128022,1.87
20180215,6821986424,142098254,6964084678,2.04,794995097,15685911,810681008,1.93
20180216,6565406387,137791707,6703198094,2.06,747223721,15413152,762636873,2.02
20180217,6244681184,129528018,6374209202,2.03,717067663,14184990,731252653,1.94
20180218,6143163579,128305662,6271469241,2.05,713839065,14318174,728157239,1.97
20180219,6622276738,133880849,6756157587,1.98,737340149,15739664,753079813,2.09
20180220,6961678986,138836556,7100515542,1.96,759041635,15710245,774751880,2.03
20180221,7014168308,143439690,7157607998,2.0,783675057,15728167,799403224,1.97
20180222,6889775201,143869108,7033644309,2.05,771835846,15052834,786888680,1.91
20180223,6936360732,147374080,7083734812,2.08,735188273,14805381,749993654,1.97
20180224,6566650719,146409385,6713060104,2.18,710778687,14078150,724856837,1.94
20180225,6512502030,150708971,6663211001,2.26,702416916,13960979,716377895,1.95
20180226,7166459804,150454072,7316913876,2.06,740139685,14895056,755034741,1.97
20180227,7144969927,142504613,7287474540,1.96,742986143,15192363,758178506,2.0
20180228,7050937482,143566453,7194503935,2.0,717946475,15101944,733048419,2.06
20180301,6870662547,146481492,7017144039,2.09,718798104,15347283,734145387,2.09
20180302,6791880742,147242768,6939123510,2.12,711679421,15317479,726996900,2.11
20180303,6439997055,137289086,6577286141,2.09,698120971,14281201,712402172,2.0
20180304,6290877762,135835298,6426713060,2.11,699918798,14376855,714295653,2.01
20180305,6881177907,145510449,7026688356,2.07,744950740,15453724,760404464,2.03
20180306,7070156936,148006483,7218163419,2.05,741882465,15642264,757524729,2.06
20180307,7162694423,148885886,7311580309,2.04,733241359,15851958,749093317,2.12
20180308,7149890647,156288840,7306179487,2.14,747579513,15757245,763336758,2.06
20180314,7492086891,162284602,7654371493,2.12,792712774,15664215,808376989,1.94
20180315,7218423224,161187469,7379610693,2.18,765859659,15005275,780864934,1.92
20180316,6985573883,156551206,7142125089,2.19,720413436,15065346,735478782,2.05
20180317,6654325455,150091588,6804417043,2.21,671890642,14506820,686397462,2.11
20180318,6798199051,155748343,6953947394,2.24,689362136,14700506,704062642,2.09
20180319,7205582887,154536452,7360119339,2.1,709926267,15197543,725123810,2.1
20180320,7017662046,163317807,7180979853,2.27,742683889,15803463,758487352,2.08
20180321,7277557509,166556228,7444113737,2.24,741807007,15804920,757611927,2.09
20180322,7376470995,160665890,7537136885,2.13,740883884,16188581,757072465,2.14
20180323,7114505434,152722166,7267227600,2.1,736934358,16095718,753030076,2.14
20180324,6756862177,147912171,6904774348,2.14,709320505,15319921,724640426,2.11
20180325,6575450671,150105767,6725556438,2.23,715586560,14571586,730158146,2.0
20180326,7225136111,161165583,7386301694,2.18,753193660,15582517,768776177,2.03
20180327,7422406121,169489296,7591895417,2.23,771327404,15899246,787226650,2.02
20180328,7272664322,170339500,7443003822,2.29,780774546,16096034,796870580,2.02
20180329,6466857362,189396437,6656253799,2.85,768676910,16598978,785275888,2.11
20180330,6313334262,187537967,6500872229,2.88,751625696,15940997,767566693,2.08
20180331,6016501499,178811008,6195312507,2.89,721500832,15348683,736849515,2.08
20180401,5973675594,190545137,6164220731,3.09,722435204,15221777,737656981,2.06
20180402,6400541270,192752309,6593293579,2.92,774802556,15625337,790427893,1.98
20180403,6559748036,194704903,6754452939,2.88,799405471,16478239,815883710,2.02
20180404,6494995187,192604676,6687599863,2.88,844246669,16466117,860712786,1.91
20180405,6479977836,175646045,6655623881,2.64,900002927,16637267,916640194,1.82
20180406,6380567339,170030531,6550597870,2.6,909079204,17166823,926246027,1.85
20180407,6051867821,166010274,6217878095,2.67,858914598,16583249,875497847,1.89
20180408,5976286160,167723983,6144010143,2.73,856566929,16547046,873113975,1.9
20180424,471308171,12402969,483711140,2.56,65652275,1188020,66840295,1.78
20180425,6976799132,165053971,7141853103,2.31,939346124,17301118,956647242,1.81
20180426,6644371818,164287911,6808659729,2.41,910146296,17311367,927457663,1.87
20180427,6598990980,164439398,6763430378,2.43,896262569,17196033,913458602,1.88
20180428,6460283968,161015539,6621299507,2.43,869068294,16422569,885490863,1.85
20180429,6217174230,159888780,6377063010,2.51,892729444,15863006,908592450,1.75
20180430,6382418233,160218843,6542637076,2.45,914862434,16549422,931411856,1.78
20180501,6246996192,163501390,6410497582,2.55,900357200,16674665,917031865,1.82
20180502,6670021894,168872099,6838893993,2.47,955041270,17531970,972573240,1.8
20180503,6804401751,180231055,6984632806,2.58,957058483,17962614,975021097,1.84
20180504,6758298370,172607613,6930905983,2.49,935031511,18048631,953080142,1.89
20180505,6479569156,173588934,6653158090,2.61,893111346,17487843,910599189,1.92
20180506,6960670852,168811625,7129482477,2.37,894367073,16975407,911342480,1.86
20180507,7458334143,175248319,7633582462,2.3,884076856,17925770,902002626,1.99
20180508,7737304186,192963917,7930268103,2.43,916414652,18400520,934815172,1.97
20180509,7021071977,193785356,7214857333,2.69,1062918915,17766995,1080685910,1.64
20180510,7024090634,196661520,7220752154,2.72,1112837868,17816223,1130654091,1.58
20180511,6787948869,199079856,6987028725,2.85,1114158509,18081532,1132240041,1.6
20180512,6394795405,193529056,6588324461,2.94,1072102301,17181640,1089283941,1.58
20180513,6305768236,193133489,6498901725,2.97,1075421193,17323657,1092744850,1.59
20180514,6838700488,189986367,7028686855,2.7,1165021250,18098022,1183119272,1.53
20180515,7028130350,198585229,7226715579,2.75,1213624895,17973022,1231597917,1.46
20180516,6995107198,205027521,7200134719,2.85,1235469783,18156105,1253625888,1.45
20180517,6815619200,204196350,7019815550,2.91,1174525462,18127939,1192653401,1.52
20180518,6682089463,196209351,6878298814,2.85,1159258879,18913538,1178172417,1.61
20180519,6386497222,196847486,6583344708,2.99,1123658284,18317410,1141975694,1.6
20180520,6271371911,188062929,6459434840,2.91,1065215674,18317160,1083532834,1.69
20180521,6973811639,200616365,7174428004,2.8,1097636835,21268513,1118905348,1.9
20180522,7136833181,190067541,7326900722,2.59,1132415287,18063344,1150478631,1.57
20180523,6990162034,193512163,7183674197,2.69,1147219043,18132797,1165351840,1.56
20180524,6886892608,200453820,7087346428,2.83,1128691763,18059223,1146750986,1.57
20180525,6671951188,195586327,6867537515,2.85,1158075455,17621491,1175696946,1.5
20180526,6226729495,192732528,6419462023,3.0,1124081193,17140769,1141221962,1.5
20180527,6087271725,188677742,6275949467,3.01,1096764694,17148660,1113913354,1.54
20180528,6582924671,183405883,6766330554,2.71,1151592037,17626174,1169218211,1.51
20180529,6840229636,195146885,7035376521,2.77,1206441338,18213565,1224654903,1.49
20180530,6949992536,197055800,7147048336,2.76,1242721452,18290838,1261012290,1.45
20180531,6974672053,186203252,7160875305,2.6,1250132137,18255548,1268387685,1.44
20180601,6852825791,192941368,7045767159,2.74,1231936090,18042215,1249978305,1.44
20180602,6431761151,187337171,6619098322,2.83,1183098886,17273601,1200372487,1.44
20180603,6368202894,185141615,6553344509,2.83,1174789251,17199055,1191988306,1.44
20180604,7176249046,186208774,7362457820,2.53,1254472782,18120320,1272593102,1.42
20180605,7401074961,194181285,7595256246,2.56,1241835040,18279840,1260114880,1.45
20180606,7155349386,192640765,7347990151,2.62,1250395430,18361720,1268757150,1.45
20180607,6920770375,190107320,7110877695,2.67,1212305341,18126172,1230431513,1.47
20180608,7080199356,192693620,7272892976,2.65,1232511709,18287795,1250799504,1.46
20180609,6746388025,205984536,6952372561,2.96,1184821502,17842057,1202663559,1.48
20180610,6630868406,220293305,6851161711,3.22,1166442692,17872961,1184315653,1.51
20180611,7058967721,207846075,7266813796,2.86,1231352112,19058402,1250410514,1.52
20180612,7397968160,201063321,7599031481,2.65,1314957910,19285927,1334243837,1.45
20180613,7001591849,196514415,7198106264,2.73,1246573394,19391076,1265964470,1.53
20180614,6995177023,197232313,7192409336,2.74,1288772866,19283660,1308056526,1.47
20180615,6830908667,196951715,7027860382,2.8,1271071263,19046007,1290117270,1.48
20180616,6364350038,193759639,6558109677,2.95,1190840149,18763349,1209603498,1.55
20180617,6307964796,199949041,6507913837,3.07,1160550576,18863796,1179414372,1.6
20180618,6816976611,206764361,7023740972,2.94,1192265081,19692977,1211958058,1.62
20180619,7123809993,234629212,7358439205,3.19,1232964742,20531824,1253496566,1.64
20180620,7073480348,211061056,7284541404,2.9,1287721284,20248126,1307969410,1.55
20180621,7071522740,201532257,7273054997,2.77,1238991111,20312792,1259303903,1.61
20180622,7082555386,204431677,7286987063,2.81,1235596310,22873050,1258469360,1.82
20180623,6654968220,214761222,6869729442,3.13,1161247233,21084611,1182331844,1.78
20180624,6396687798,201045575,6597733373,3.05,1164122482,20753338,1184875820,1.75
20180625,6960299851,204301583,7164601434,2.85,1242289386,21875570,1264164956,1.73
20180626,7085717550,199056441,7284773991,2.73,1238608209,22354080,1260962289,1.77
20180627,7167022709,204583390,7371606099,2.78,1216472426,21433570,1237905996,1.73
20180628,7175098938,229230627,7404329565,3.1,1239665859,23673682,1263339541,1.87
20180629,7156619460,221181787,7377801247,3.0,1223220496,20687419,1243907915,1.66
20180630,6751376626,228806699,6980183325,3.28,1199696488,23990655,1223687143,1.96
20180701,6533995212,215153352,6749148564,3.19,1178630612,22675563,1201306175,1.89
20180702,7031006795,214896719,7245903514,2.97,1317297285,23077063,1340374348,1.72
20180703,7006737268,213147783,7219885051,2.95,1329150602,27374578,1356525180,2.02
20180704,6888076133,219960682,7108036815,3.09,1250991024,23597694,1274588718,1.85
20180705,7017792575,231536250,7249328825,3.19,1302258227,19548056,1321806283,1.48
20180706,6841252261,230630325,7071882586,3.26,1168247855,19501814,1187749669,1.64
20180707,6453798009,215773616,6669571625,3.24,1100352227,18606878,1118959105,1.66
20180708,6283955925,213326399,6497282324,3.28,1075323247,18606164,1093929411,1.7
20180709,6763993349,220827529,6984820878,3.16,1179256944,19473190,1198730134,1.62
20180710,6979336610,219850098,7199186708,3.05,1205913732,20245553,1226159285,1.65
20180711,6972464085,224099588,7196563673,3.11,1185990780,20788133,1206778913,1.72
20180712,6977278172,234591420,7211869592,3.25,1169143499,20451254,1189594753,1.72
20180713,6938360066,237167159,7175527225,3.31,1135427547,19805989,1155233536,1.71
20180714,6518624152,225705248,6744329400,3.35,1158959311,19293139,1178252450,1.64
20180715,6474553747,223302437,6697856184,3.33,1166447747,19521924,1185969671,1.65
20180716,7036270375,233831612,7270101987,3.22,1196012448,20102788,1216115236,1.65
20180717,7105505382,233306973,7338812355,3.18,1155352860,20128776,1175481636,1.71
20180718,7027498697,240996729,7268495426,3.32,1164741585,19763552,1184505137,1.67
20180719,6882407029,229131990,7111539019,3.22,1107084505,19363665,1126448170,1.72
20180720,6821562457,234044840,7055607297,3.32,1063509636,19467987,1082977623,1.8
20180721,6432059870,242865335,6674925205,3.64,999970556,18966375,1018936931,1.86
20180722,6276751592,239745484,6516497076,3.68,989258907,19151723,1008410630,1.9
20180723,6811722249,255439230,7067161479,3.61,1072180669,20007747,1092188416,1.83
20180724,6843967387,245809613,7089777000,3.47,1047439470,20179083,1067618553,1.89
20180725,6777565633,247223478,7024789111,3.52,1055625105,20396509,1076021614,1.9
20180726,6799008890,243089770,7042098660,3.45,1061400243,21053757,1082454000,1.95
20180727,6694424452,243964345,6938388797,3.52,1054334770,20662109,1074996879,1.92
20180728,6577980215,239160802,6817141017,3.51,1083188455,19994011,1103182466,1.81
20180729,7137426358,250233764,7387660122,3.39,1168434947,20652695,1189087642,1.74
20180730,7885777999,264972238,8150750237,3.25,1243903915,22117124,1266021039,1.75
20180731,7957419057,265879156,8223298213,3.23,1274909140,21985991,1296895131,1.7
20180801,8094609560,280693163,8375302723,3.35,1371276849,21460402,1392737251,1.54
20180802,7095154754,260429917,7355584671,3.54,1210230365,20967249,1231197614,1.7
20180803,6787718473,260701825,7048420298,3.7,1157764726,21032390,1178797116,1.78
20180804,6368260715,257675769,6625936484,3.89,1104672184,19949741,1124621925,1.77
20180805,6334805401,250356682,6585162083,3.8,1134064991,19936957,1154001948,1.73
20180806,6789457979,259471695,7048929674,3.68,1138487966,21219368,1159707334,1.83
20180807,6922908551,258939400,7181847951,3.61,1184542669,21453840,1205996509,1.78
20180808,7369574166,278562728,7648136894,3.64,1284703869,21718738,1306422607,1.66
20180809,6718240243,281763374,7000003617,4.03,1183560953,20894084,1204455037,1.73
20180810,6492762843,273015124,6765777967,4.04,1139859205,20984308,1160843513,1.81
20180811,6090547664,265149120,6355696784,4.17,1073129366,19940496,1093069862,1.82
20180812,6012860182,264285181,6277145363,4.21,1090908058,20070080,1110978138,1.81
20180813,6528809698,276379169,6805188867,4.06,1152237641,20909211,1173146852,1.78
20180814,6680997040,274413894,6955410934,3.95,1220491346,22390223,1242881569,1.8
20180815,7101841435,267301700,7369143135,3.63,1286824279,22151841,1308976120,1.69
20180816,7114483315,261798783,7376282098,3.55,1264427445,23166063,1287593508,1.8
20180817,6986954572,267963404,7254917976,3.69,1225859854,23545669,1249405523,1.88
20180818,6578096809,265100835,6843197644,3.87,1202655390,22988899,1225644289,1.88
20180819,6471702513,250213631,6721916144,3.72,1156275806,22674504,1178950310,1.92
20180820,6932687466,244995697,7177683163,3.41,1217268412,23806889,1241075301,1.92
20180821,6979276956,259174333,7238451289,3.58,1241697655,26100573,1267798228,2.06
20180822,6965231787,279465846,7244697633,3.86,1285448475,24711194,1310159669,1.89
20180823,6900985465,283169590,7184155055,3.94,1307452142,24149366,1331601508,1.81
20180824,6891740063,269461118,7161201181,3.76,1282886424,24210760,1307097184,1.85
20180825,6353567655,259299333,6612866988,3.92,1266963085,23120318,1290083403,1.79
20180826,6329155770,248039766,6577195536,3.77,1275240210,22869435,1298109645,1.76
20180827,6832429365,242052623,7074481988,3.42,1318736823,23940678,1342677501,1.78
20180828,6988547265,268636130,7257183395,3.7,1290311165,23744460,1314055625,1.81
20180829,7024025576,267574875,7291600451,3.67,1406884386,22799959,1429684345,1.59
20180830,7152670200,266529121,7419199321,3.59,1444558894,24675724,1469234618,1.68
20180831,7030196199,269722264,7299918463,3.69,1476272133,24490517,1500762650,1.63
20180901,6502392944,264932780,6767325724,3.91,1422304302,22523472,1444827774,1.56
20180902,6431029055,265562497,6696591552,3.97,1407211886,22535954,1429747840,1.58
20180903,6894377569,260023339,7154400908,3.63,1529064014,24117283,1553181297,1.55
20180904,6896139815,255417681,7151557496,3.57,1543594109,25293213,1568887322,1.61
20180905,7006423907,266272957,7272696864,3.66,1497432484,24369322,1521801806,1.6
20180906,7016522061,264202504,7280724565,3.63,1534202508,24177306,1558379814,1.55
20180907,6943484594,263113841,7206598435,3.65,1527800385,24315914,1552116299,1.57
20180908,6590262682,262573864,6852836546,3.83,1480445342,22100809,1502546151,1.47
20180909,6462745013,254243377,6716988390,3.79,1473287158,22028842,1495316000,1.47
20180910,6996181024,246743091,7242924115,3.41,1513735875,24090229,1537826104,1.57
20180911,7051100981,249900397,7301001378,3.42,1520389170,24494535,1544883705,1.59
20180912,7223915549,268697528,7492613077,3.59,1531045804,25020606,1556066410,1.61
20180913,7432217518,290510505,7722728023,3.76,1498382701,25475566,1523858267,1.67
20180914,7255678882,293592930,7549271812,3.89,1482821528,26039976,1508861504,1.73
20180915,6732837654,298001031,7030838685,4.24,1450300481,26215013,1476515494,1.78
20180916,7066942038,318295480,7385237518,4.31,1444770309,26105339,1470875648,1.77
20180917,7491159614,309050863,7800210477,3.96,1477545681,27477478,1505023159,1.83
20180918,7575140352,301743786,7876884138,3.83,1524801228,28766155,1553567383,1.85
20180919,7694491238,326679330,8021170568,4.07,1520326827,29323467,1549650294,1.89
20180920,7736860441,324057939,8060918380,4.02,1528826534,29320777,1558147311,1.88
20180921,7919541041,312690321,8232231362,3.8,1624542053,32637848,1657179901,1.97
20180922,7466613443,294150658,7760764101,3.79,1595354423,30250305,1625604728,1.86
20180923,7335807445,290107790,7625915235,3.8,1568870866,30025242,1598896108,1.88
20180924,7158002755,281984797,7439987552,3.79,1506979001,29165385,1536144386,1.9
20180925,8179717631,308203709,8487921340,3.63,1534208682,30091308,1564299990,1.92
20180926,8084486631,310721695,8395208326,3.7,1537442036,29803063,1567245099,1.9
20180927,8029588889,322212050,8351800939,3.86,1553649204,29822984,1583472188,1.88
20180928,7654591695,311450544,7966042239,3.91,1518722234,30514941,1549237175,1.97
20180929,7437209805,321832899,7759042704,4.15,1494308544,29297407,1523605951,1.92
20180930,7222394770,318401283,7540796053,4.22,1486719226,29515041,1516234267,1.95
20181001,7615274411,305832888,7921107299,3.86,1548138846,29788103,1577926949,1.89
20181002,7581635048,299769334,7881404382,3.8,1516579267,29175294,1545754561,1.89
20181003,7572477142,298025368,7870502510,3.79,1522459608,28205082,1550664690,1.82
20181004,7580328151,298645804,7878973955,3.79,1556830983,28871159,1585702142,1.82
20181005,7563318869,304571880,7867890749,3.87,1565706181,28529823,1594236004,1.79
20181006,7576906035,315631234,7892537269,4.0,1529567883,27233105,1556800988,1.75
20181007,7382754030,296185215,7678939245,3.86,1521557033,27855623,1549412656,1.8
20181008,7603254416,298152820,7901407236,3.77,1579233208,30137068,1609370276,1.87
20181009,7687390590,286477156,7973867746,3.59,1594284378,30321347,1624605725,1.87
20181010,7888413175,287723244,8176136419,3.52,1606649455,29916545,1636566000,1.83
20181011,7833231995,288142791,8121374786,3.55,1569994948,30211884,1600206832,1.89
20181012,7247886187,220926491,7468812678,2.96,1572751797,30468693,1603220490,1.9
20181013,6794362548,204510782,6998873330,2.92,1551528412,28503981,1580032393,1.8
20181014,6839836533,206246471,7046083004,2.93,1493719466,27510408,1521229874,1.81
20181015,7247866781,217668482,7465535263,2.92,1553020426,29413086,1582433512,1.86
20181016,7380700200,213136959,7593837159,2.81,1564420533,29043309,1593463842,1.82
20181017,7501708400,218576733,7720285133,2.83,1559977673,28113536,1588091209,1.77
20181018,7467006519,229994644,7697001163,2.99,1566412975,28204775,1594617750,1.77
20181019,7581000922,228708290,7809709212,2.93,1581910532,28019048,1609929580,1.74
20181020,7246046241,225608798,7471655039,3.02,1601276948,27281097,1628558045,1.68
20181021,6980775233,218994133,7199769366,3.04,1584346326,28488558,1612834884,1.77
20181022,7582221775,222402994,7804624769,2.85,1626633087,29671444,1656304531,1.79
20181026,7359293236,224741237,7584034473,2.96,1561344142,29541858,1590886000,1.86
20181027,6940828964,221116394,7161945358,3.09,1567669156,27928921,1595598077,1.75
20181028,6771863044,213978052,6985841096,3.06,1493059840,27422224,1520482064,1.8
20181029,7340993049,214057735,7555050784,2.83,1619596354,29255964,1648852318,1.77
20181030,7479950204,220707145,7700657349,2.87,1657150578,30280150,1687430728,1.79
20181031,7427436900,239834113,7667271013,3.13,1632906633,33040301,1665946934,1.98
20181101,7403588176,233501505,7637089681,3.06,1638492320,32744986,1671237306,1.96
20181102,7458998507,249129430,7708127937,3.23,1641981144,33176345,1675157489,1.98
20181103,7134361412,237005950,7371367362,3.22,1584483551,31832808,1616316359,1.97
20181104,7062339828,220835167,7283174995,3.03,1568880598,32029656,1600910254,2.0
20181105,7403505267,216417742,7619923009,2.84,1646994203,32878388,1679872591,1.96
20181106,7526227818,220650353,7746878171,2.85,1723805161,33198344,1757003505,1.89
20181107,7523598958,219966748,7743565706,2.84,1731762963,32473022,1764235985,1.84
20181108,7734573769,222548707,7957122476,2.8,1714007225,32727346,1746734571,1.87
20181110,7560737341,234607908,7795345249,3.01,1667657154,31432064,1699089218,1.85
20181111,7491173134,234609004,7725782138,3.04,1672422221,31844189,1704266410,1.87
20181112,7701523761,227695817,7929219578,2.87,1734051996,32201547,1766253543,1.82
20181113,7846186367,243316434,8089502801,3.01,1751159527,33002739,1784162266,1.85
20181114,7832372903,251616885,8083989788,3.11,1732665770,31744354,1764410124,1.8
20181115,7451122047,220432825,7671554872,2.87,1698600911,30749810,1729350721,1.78
20181116,7557612005,232063015,7789675020,2.98,1639366223,30849156,1670215379,1.85
20181117,7233327405,227326205,7460653610,3.05,1583410552,30598903,1614009455,1.9
20181118,7155030098,217234723,7372264821,2.95,1571916244,30831348,1602747592,1.92
20181119,7675344276,218251220,7893595496,2.76,1694046759,31652379,1725699138,1.83
20181121,7809883164,212765475,8022648639,2.65,1736763214,31733597,1768496811,1.79
20181124,7803498967,240387495,8043886462,2.99,1651577401,31897549,1683474950,1.89
20181125,7832044087,241049717,8073093804,2.99,1644878010,32147482,1677025492,1.92
20181126,8074602548,238787350,8313389898,2.87,1625395902,33105258,1658501160,2.0
20181127,8184921522,248107871,8433029393,2.94,1542788143,32830765,1575618908,2.08
20181128,8087548488,259924459,8347472947,3.11,1722769240,30775924,1753545164,1.76
20181129,7893871146,235645167,8129516313,2.9,1684331434,31012613,1715344047,1.81
20181130,7832442090,243813794,8076255884,3.02,1694996480,31972432,1726968912,1.85
20181201,7687465347,252542879,7940008226,3.18,1665659464,31194475,1696853939,1.84
20181202,7542885758,244753461,7787639219,3.14,1604698488,30813567,1635512055,1.88
20181203,8141545108,251931163,8393476271,3.0,1708651039,32670960,1741321999,1.88
20181204,8145859980,258603180,8404463160,3.08,1737679530,32169678,1769849208,1.82
20181205,7983476282,252815367,8236291649,3.07,1763170877,32140585,1795311462,1.79
20181206,8049403029,260379700,8309782729,3.13,1749425053,30098845,1779523898,1.69
20181207,8017268499,265714576,8282983075,3.21,1680097936,28813429,1708911365,1.69
20181208,7522862293,262255541,7785117834,3.37,1612141753,27596887,1639738640,1.68
20181209,7377305825,258234623,7635540448,3.38,1580548920,27228100,1607777020,1.69
20181210,7947488669,263837295,8211325964,3.21,1620887692,29865919,1650753611,1.81
20181211,8241884546,264251990,8506136536,3.11,1676757780,29471905,1706229685,1.73
20181212,8057368368,258124065,8315492433,3.1,1632117013,29397530,1661514543,1.77
20181213,7899301947,260431439,8159733386,3.19,1650267168,29138519,1679405687,1.74
20181214,7951836988,266711779,8218548767,3.25,1650000743,30055771,1680056514,1.79
20181215,7651335368,264547244,7915882612,3.34,1618264090,28737759,1647001849,1.74
20181216,7521970455,254264766,7776235221,3.27,1571384165,27953016,1599337181,1.75
20181217,7954343347,254388057,8208731404,3.1,1623492330,29851625,1653343955,1.81
20181218,8139919375,257857897,8397777272,3.07,1580684448,30205762,1610890210,1.88
20181219,8378524362,268915271,8647439633,3.11,1617527725,30619257,1648146982,1.86
20181220,8144318733,264632254,8408950987,3.15,1636970423,31321462,1668291885,1.88
20181221,8075270700,262669023,8337939723,3.15,1621092837,31010962,1652103799,1.88
20181222,7624200052,253012937,7877212989,3.21,1589482628,29588387,1619071015,1.83
20181223,7339206604,246817614,7586024218,3.25,1587452637,28950149,1616402786,1.79
20181224,7703281649,248576124,7951857773,3.13,1609787038,28654018,1638441056,1.75
20181225,7482675948,241330327,7724006275,3.12,1579673468,29616811,1609290279,1.84
20181226,7841760797,251835232,8093596029,3.11,1638194646,29941012,1668135658,1.79
20181227,7958970464,257348355,8216318819,3.13,1637597630,30211623,1667809253,1.81
20181228,7791080758,250274460,8041355218,3.11,1662815245,29385023,1692200268,1.74
20181229,7478726158,250950697,7729676855,3.25,1638688594,28662080,1667350674,1.72
20181230,7420921005,249205882,7670126887,3.25,1605054996,27683784,1632738780,1.7
20181231,7645930862,254302793,7900233655,3.22,1622492690,27893186,1650385876,1.69
20190103,8024095680,252156058,8276251738,3.05,1671589927,29928499,1701518426,1.76
20190104,8063107841,259136663,8322244504,3.11,1680699549,30263521,1710963070,1.77
20190105,7560817332,251234223,7812051555,3.22,1643609250,28642814,1672252064,1.71
20190106,7429734242,246432315,7676166557,3.21,1632695391,28469687,1661165078,1.71
20190107,7869292998,259912480,8129205478,3.2,1687075322,29963265,1717038587,1.75
20190108,8521551399,263463874,8785015273,3.0,1664556436,30229428,1694785864,1.78
20190109,8140945700,263789624,8404735324,3.14,1708616329,31127474,1739743803,1.79
20190110,8186817200,272465361,8459282561,3.22,1670234760,31093554,1701328314,1.83
20190111,8081252801,264620972,8345873773,3.17,1704221841,30973230,1735195071,1.78
20190112,7810622555,256620253,8067242808,3.18,1672598860,29366672,1701965532,1.73
20190113,7725913259,251276486,7977189745,3.15,1667269797,29152094,1696421891,1.72
20190114,8292070821,256889722,8548960543,3.0,1777382756,31483724,1808866480,1.74
20190115,8158167253,260246542,8418413795,3.09,1756678265,31995103,1788673368,1.79
20190116,8256118313,262511149,8518629462,3.08,1802647213,30674016,1833321229,1.67
20190117,8239805878,264324427,8504130305,3.11,1787792113,30603137,1818395250,1.68
20190118,7984470221,268604758,8253074979,3.25,1782576959,29901889,1812478848,1.65
20190119,7559047126,260544952,7819592078,3.33,1728639522,28245531,1756885053,1.61
20190120,7538796510,253969409,7792765919,3.26,1751489923,28116742,1779606665,1.58
20190121,7881042786,260212145,8141254931,3.2,1790484717,29131149,1819615866,1.6
20190122,7821517585,260205649,8081723234,3.22,1757895259,29514477,1787409736,1.65
20190123,7866123619,266958634,8133082253,3.28,1811017246,28546961,1839564207,1.55
20190124,7709218969,267027867,7976246836,3.35,1791195237,28735321,1819930558,1.58
20190125,7684973112,268470353,7953443465,3.38,1809506043,30227231,1839733274,1.64
20190126,7269632887,261091956,7530724843,3.47,1737039164,27884441,1764923605,1.58
20190127,7156875247,255219206,7412094453,3.44,1707447485,27873926,1735321411,1.61
20190128,7758904304,255036778,8013941082,3.18,1787473723,30222243,1817695966,1.66
20190129,7806659799,247129513,8053789312,3.07,1768148557,28445745,1796594302,1.58
20190130,8012218243,280723482,8292941725,3.39,1844244800,33931272,1878176072,1.81
20190131,8115389683,278178993,8393568676,3.31,1857191083,31678151,1888869234,1.68
20190201,8124108638,263967383,8388076021,3.15,1902155518,27578459,1929733977,1.43
20190202,7708234123,254539204,7962773327,3.2,1798487273,26516268,1825003541,1.45
20190203,7509242414,249619000,7758861414,3.22,1746649120,26377830,1773026950,1.49
20190204,8043649371,252979079,8296628450,3.05,1833998637,27130137,1861128774,1.46
20190205,8104981700,251935030,8356916730,3.01,1798814427,27384422,1826198849,1.5
20190206,8050920229,246111826,8297032055,2.97,1801612129,26873609,1828485738,1.47
20190207,8158399469,241369993,8399769462,2.87,1866748691,27474040,1894222731,1.45
20190208,8245120488,246324223,8491444711,2.9,1865961278,27517234,1893478512,1.45
20190215,8408840034,258674990,8667515024,2.98,1843589369,28313699,1871903068,1.51
20190216,7827903419,249464529,8077367948,3.09,1771037550,26579015,1797616565,1.48
20190217,7729253407,245094693,7974348100,3.07,1747326293,26067413,1773393706,1.47
20190218,8416982450,250906331,8667888781,2.89,1804211180,27403313,1831614493,1.5
20190219,8488708066,251535765,8740243831,2.88,1809154153,29091915,1838246068,1.58
20190220,8573261255,251612908,8824874163,2.85,1829999361,28157669,1858157030,1.52
20190221,8433306381,249508588,8682814969,2.87,1841537316,27880357,1869417673,1.49
20190307,8663841041,229879427,8893720468,2.58,1904063721,27484597,1931548318,1.42
20190315,4870759,570363,5441122,10.48,1109,3,1112,0.27
20190316,5416920,621315,6038235,10.29,260,0,260,0.0
20190317,5315474,663031,5978505,11.09,164,32,196,16.33
20190318,313048157,8826877,321875034,2.74,76593610,1038475,77632085,1.34
20190319,8826079922,216866432,9042946354,2.4,2081648420,28620793,2110269213,1.36
20190320,187284,441,187725,0.23,0,0,0,NA
20190321,9979140,17385,9996525,0.17,15325829,28537,15354366,0.19
20190322,282591338,41309316,323900654,12.75,35178114,180480,35358594,0.51
20190323,1887266602,148005775,2035272377,7.27,609929526,15370651,625300177,2.46
20190324,4012395949,183489409,4195885358,4.37,1387678829,19985162,1407663991,1.42
20190325,6980598403,210075016,7190673419,2.92,1970668547,26493765,1997162312,1.33
20190326,8424251994,260948853,8685200847,3.0,2097206914,29526491,2126733405,1.39
20190327,8502312468,270727244,8773039712,3.09,2088706221,30636126,2119342347,1.45
20190328,8218111721,257031891,8475143612,3.03,2040608182,29866151,2070474333,1.44
20190329,8333137679,268578649,8601716328,3.12,2050949755,29821944,2080771699,1.43
20190330,7701345041,257675521,7959020562,3.24,1970667537,27626422,1998293959,1.38
20190331,7657925218,258450246,7916375464,3.26,1938806207,27775781,1966581988,1.41
20190401,8235154542,257270993,8492425535,3.03,1962815759,28313645,1991129404,1.42
20190402,8355705298,283501685,8639206983,3.28,1924683256,29160045,1953843301,1.49
20190403,8386432295,272583916,8659016211,3.15,1888330329,29364530,1917694859,1.53
20190404,8352746335,270527831,8623274166,3.14,1866877255,30311640,1897188895,1.6
20190405,8480671557,259561654,8740233211,2.97,1852089457,29471582,1881561039,1.57
20190406,7861322092,258817877,8120139969,3.19,1777850756,28265163,1806115919,1.56
20190407,7733134414,252588123,7985722537,3.16,1734123125,27881847,1762004972,1.58
20190408,8099704956,253187478,8352892434,3.03,1848396195,29489429,1877885624,1.57
20190409,8207072281,264046449,8471118730,3.12,1883981197,30554014,1914535211,1.6
20190410,8813425562,274870077,9088295639,3.02,1920671700,31558760,1952230460,1.62
20190411,8545191018,276348997,8821540015,3.13,1797026816,30645164,1827671980,1.68
20190412,8576615792,291069824,8867685616,3.28,1721688736,30642297,1752331033,1.75
20190413,8161006513,283721534,8444728047,3.36,1754222533,29453031,1783675564,1.65
20190414,7806476295,266571231,8073047526,3.3,1680932243,29941297,1710873540,1.75
20190415,8237638991,262247650,8499886641,3.09,1688295452,30820749,1719116201,1.79
20190416,8599494565,247778190,8847272755,2.8,1835639175,30824075,1866463250,1.65
20190417,8650803212,263956112,8914759324,2.96,1823288333,31458162,1854746495,1.7
20190418,8597743297,268968308,8866711605,3.03,1804568108,31580464,1836148572,1.72
20190419,8060291098,254805583,8315096681,3.06,1792987655,30787938,1823775593,1.69
20190420,7749240865,249816671,7999057536,3.12,1774966063,30459170,1805425233,1.69
20190421,7808550815,261919661,8070470476,3.25,1824266623,29727723,1853994346,1.6
20190422,8094236911,261665540,8355902451,3.13,1828822516,30875450,1859697966,1.66
20190423,8224662002,241405413,8466067415,2.85,1828564577,31662387,1860226964,1.7
20190424,8150091572,247605035,8397696607,2.95,1797262151,31490019,1828752170,1.72
20190425,8263686859,268718481,8532405340,3.15,1804173753,31528494,1835702247,1.72
20190426,8381998760,253706538,8635705298,2.94,1827583461,31456700,1859040161,1.69
20190427,8252454914,267159832,8519614746,3.14,1819701408,30652430,1850353838,1.66
20190428,8113815585,256503807,8370319392,3.06,1802270063,31111137,1833381200,1.7
20190429,8660633591,255401720,8916035311,2.86,1824647169,32404772,1857051941,1.74
20190430,9133246077,255734991,9388981068,2.72,1852544595,31478949,1884023544,1.67
20190501,8271621111,255743667,8527364778,3.0,1863112565,30045681,1893158246,1.59
20190502,8212534396,232028726,8444563122,2.75,1854828973,29618543,1884447516,1.57
20190503,8316249493,239359973,8555609466,2.8,1898211521,29745359,1927956880,1.54
20190504,8019226563,254469455,8273696018,3.08,1816510735,29023176,1845533911,1.57
20190505,7931390992,260118962,8191509954,3.18,1808528669,29129903,1837658572,1.59
20190506,8695622372,252636797,8948259169,2.82,1819500015,31287561,1850787576,1.69
20190507,8892550642,246705647,9139256289,2.7,1816719236,31587177,1848306413,1.71
20190508,8852389294,251030223,9103419517,2.76,1833912278,32079819,1865992097,1.72
20190509,8732448489,255449788,8987898277,2.84,1844986733,31513216,1876499949,1.68
20190510,8759664364,256274031,9015938395,2.84,1833841664,32239453,1866081117,1.73
20190511,8327285426,259912557,8587197983,3.03,1815042158,29732335,1844774493,1.61
20190512,8452026936,261413451,8713440387,3.0,1859114285,29820072,1888934357,1.58
20190513,8866800063,263789496,9130589559,2.89,1826839922,31623437,1858463359,1.7
20190514,8932823137,275266123,9208089260,2.99,1808595844,32537257,1841133101,1.77
20190515,9463626080,266156663,9729782743,2.74,1861984773,32498067,1894482840,1.72
20190516,9115575086,264070328,9379645414,2.82,1843836600,32418470,1876255070,1.73
20190517,9043522535,263854345,9307376880,2.83,1828988487,32678109,1861666596,1.76
20190518,8619264527,271749152,8891013679,3.06,1807988877,31658412,1839647289,1.72
20190519,8526253475,270651077,8796904552,3.08,1833570914,31674389,1865245303,1.7
20190520,9186705338,259198593,9445903931,2.74,1837204512,33760874,1870965386,1.8
20190521,9415439110,267700592,9683139702,2.76,1861840641,34085813,1895926454,1.8
20190522,9923074913,404675040,10327749953,3.92,1893567523,33631525,1927199048,1.75
20190523,9859739991,405179182,10264919173,3.95,1959348435,34067032,1993415467,1.71
20190524,9332279257,280159522,9612438779,2.91,1850416191,33881501,1884297692,1.8
20190525,8743175471,268432919,9011608390,2.98,1906589477,31980692,1938570169,1.65
20190526,8613296292,279981576,8893277868,3.15,1927015914,31027590,1958043504,1.58
20190527,9039174027,256146914,9295320941,2.76,1987103506,33462116,2020565622,1.66
20190528,9307799322,269979238,9577778560,2.82,1999413752,33574418,2032988170,1.65
20190529,9411330179,276987561,9688317740,2.86,2017950958,34637001,2052587959,1.69
20190530,9272108392,285765411,9557873803,2.99,2039632586,34314478,2073947064,1.65
20190531,9210745552,272892598,9483638150,2.88,2005084480,35637033,2040721513,1.75
20190601,8664754741,270258171,8935012912,3.02,1934243364,35154708,1969398072,1.79
20190602,8294446225,255410635,8549856860,2.99,1902345429,34789329,1937134758,1.8
20190603,8994171156,256604864,9250776020,2.77,1994466995,35349709,2029816704,1.74
20190604,9199962315,262719783,9462682098,2.78,1973560275,34831297,2008391572,1.73
20190605,9251000803,283745362,9534746165,2.98,1995526218,35221289,2030747507,1.73
20190606,9334469632,280214020,9614683652,2.91,1944476542,34590247,1979066789,1.75
20190607,9366830673,271637695,9638468368,2.82,1935463239,33910622,1969373861,1.72
20190608,8842982366,275251688,9118234054,3.02,1895751099,32575310,1928326409,1.69
20190609,8719208390,276593755,8995802145,3.07,1849280518,31892589,1881173107,1.7
20190610,9305681626,302018041,9607699667,3.14,1963375973,33933792,1997309765,1.7
20190611,9327735374,292264374,9619999748,3.04,2046517167,35826543,2082343710,1.72
20190612,9566068881,289620675,9855689556,2.94,1993403422,35633223,2029036645,1.76
20190613,9628224629,297633772,9925858401,3.0,2043220916,36346373,2079567289,1.75
20190614,9573592572,300613222,9874205794,3.04,2038702778,35977598,2074680376,1.73
20190615,8977927838,313445243,9291373081,3.37,1933708097,35211141,1968919238,1.79
20190616,8989815604,316363725,9306179329,3.4,1928629968,35614148,1964244116,1.81
20190617,9566984606,312150844,9879135450,3.16,1990015687,36430663,2026446350,1.8
20190618,9744643536,334572896,10079216432,3.32,2016078066,36183642,2052261708,1.76
20190619,9761908968,338113662,10100022630,3.35,1981551891,36576708,2018128599,1.81
20190620,9833082292,322639329,10155721621,3.18,1993813600,36777318,2030590918,1.81
20190621,9844282668,335707124,10179989792,3.3,1996893611,36435945,2033329556,1.79
20190622,9052235853,359410931,9411646784,3.82,1923650586,35007588,1958658174,1.79
20190623,8904223697,319203092,9223426789,3.46,1938652600,34935037,1973587637,1.77
20190624,9567502655,349911295,9917413950,3.53,2026826366,37142471,2063968837,1.8
20190625,9632948595,351988966,9984937561,3.53,2052419881,36499735,2088919616,1.75
20190626,9657675574,331536873,9989212447,3.32,2018144594,36712581,2054857175,1.79
20190627,9695280715,350489234,10045769949,3.49,2084898615,36971954,2121870569,1.74
20190628,9673972836,337825681,10011798517,3.37,2089442765,36379133,2125821898,1.71
20190629,9115697200,360924406,9476621606,3.81,2025625072,34265711,2059890783,1.66
20190630,8999689692,346227745,9345917437,3.7,1950487642,34325970,1984813612,1.73
20190701,9812316844,347494268,10159811112,3.42,2101775200,35917459,2137692659,1.68
20190702,9795949861,355631774,10151581635,3.5,2037355991,35009096,2072365087,1.69
20190703,10087815557,352066584,10439882141,3.37,2063746622,35161694,2098908316,1.68
20190704,9853424914,354164819,10207589733,3.47,2042744068,35354357,2078098425,1.7
20190705,10029453826,377465550,10406919376,3.63,2043630940,35717095,2079348035,1.72
20190706,9687473875,360658546,10048132421,3.59,1991950438,34510377,2026460815,1.7
20190707,8969364208,347376852,9316741060,3.73,1979475424,34072618,2013548042,1.69
20190708,9754265173,380009708,10134274881,3.75,2103038602,36438310,2139476912,1.7
20190709,9966607441,377835970,10344443411,3.65,2015418672,37714957,2053133629,1.84
20190710,10041914143,376743072,10418657215,3.62,2021838656,37957614,2059796270,1.84
20190711,9703598706,349658016,10053256722,3.48,1998472090,38196463,2036668553,1.88
20190712,9689302698,334005895,10023308593,3.33,1992936987,37995726,2030932713,1.87
20190713,9062555814,331425004,9393980818,3.53,1909195551,36372637,1945568188,1.87
20190714,8993790388,356500355,9350290743,3.81,1870162888,36268622,1906431510,1.9
20190715,9651858293,351782154,10003640447,3.52,1937669434,37746713,1975416147,1.91
20190716,9712906518,362227439,10075133957,3.6,1892400708,38525577,1930926285,2.0
20190717,9781521211,377387543,10158908754,3.71,1878717099,39476769,1918193868,2.06
20190718,9631317922,358117736,9989435658,3.58,1874153470,37772574,1911926044,1.98
20190719,9866037376,348727808,10214765184,3.41,1903843590,35495744,1939339334,1.83
20190720,9205982482,361034735,9567017217,3.77,1825593583,34300759,1859894342,1.84
20190721,9106542721,342206768,9448749489,3.62,1801027265,35812993,1836840258,1.95
20190722,9628907292,361631074,9990538366,3.62,1847252391,38330557,1885582948,2.03
20190723,9775425298,363209421,10138634719,3.58,1938242299,37483624,1975725923,1.9
20190724,9740507908,346409026,10086916934,3.43,1948284468,38552399,1986836867,1.94
20190725,9802845335,385700686,10188546021,3.79,1996229679,38357230,2034586909,1.89
20190726,9751717430,389132227,10140849657,3.84,2008485568,37790554,2046276122,1.85
20190727,9129857159,383581752,9513438911,4.03,1936707089,37159263,1973866352,1.88
20190728,8933559725,363264311,9296824036,3.91,1890769587,37126851,1927896438,1.93
20190729,9588685454,344370346,9933055800,3.47,1964432142,39238822,2003670964,1.96
20190730,9785648851,381357561,10167006412,3.75,2016865983,39805254,2056671237,1.94
20190731,9597033287,366568270,9963601557,3.68,1950553302,38925314,1989478616,1.96
20190801,9906727600,402335950,10309063550,3.9,2066719319,38854178,2105573497,1.85
20190802,9640343153,352603771,9992946924,3.53,1856723563,36121226,1892844789,1.91
20190803,9222479503,412450583,9634930086,4.28,1937732574,35633876,1973366450,1.81
20190804,9096231163,418861875,9515093038,4.4,1959311064,34868178,1994179242,1.75
20190805,9987690018,449563339,10437253357,4.31,2051870593,39109663,2090980256,1.87
20190806,9873659818,425540728,10299200546,4.13,2014682545,39047035,2053729580,1.9
20190807,9664564346,433653176,10098217522,4.29,1986398503,38126784,2024525287,1.88
20190808,9463482149,390368107,9853850256,3.96,1896864793,37796996,1934661789,1.95
20190809,9512774966,389424129,9902199095,3.93,1931851621,38066657,1969918278,1.93
20190810,8734361554,366448076,9100809630,4.03,1703096104,36716961,1739813065,2.11
20190811,8678840694,377320862,9056161556,4.17,1750886104,36062024,1786948128,2.02
20190812,8967688848,311629740,9279318588,3.36,1703121467,36996104,1740117571,2.13
20190813,9193476802,336115298,9529592100,3.53,1792162587,36559701,1828722288,2.0
20190814,9275105791,340782167,9615887958,3.54,1713354489,37120787,1750475276,2.12
20190815,10307151695,352105421,10659257116,3.3,1959712378,39642030,1999354408,1.98
20190816,10973291059,479432765,11452723824,4.19,1963297807,38578859,2001876666,1.93
20190817,9603225330,593418517,10196643847,5.82,2112609841,37108872,2149718713,1.73
20190818,9296226233,577330073,9873556306,5.85,2067784625,36062943,2103847568,1.71
20190819,10111181574,559951140,10671132714,5.25,2141415484,37958487,2179373971,1.74
20190820,9889530970,565299975,10454830945,5.41,2102979315,38136691,2141116006,1.78
20190821,10046569083,593092241,10639661324,5.57,2200067229,38648774,2238716003,1.73
20190822,10016026105,593064515,10609090620,5.59,2218382209,38411688,2256793897,1.7
20190823,10211766545,640409067,10852175612,5.9,2195919319,38362955,2234282274,1.72
20190824,9680775294,612294013,10293069307,5.95,2102962406,36876703,2139839109,1.72
20190825,9473171513,608003980,10081175493,6.03,2060594830,37579298,2098174128,1.79
20190826,10062393262,629806981,10692200243,5.89,2158500283,39687535,2198187818,1.81
20190827,10046049013,567546162,10613595175,5.35,2160532502,39553308,2200085810,1.8
20190828,10130062165,628905306,10758967471,5.85,2213780908,39258070,2253038978,1.74
20190829,9371497297,461698781,9833196078,4.7,2221849365,37226901,2259076266,1.65
20190830,10227828989,541984967,10769813956,5.03,2130828370,36635692,2167464062,1.69
20190831,9669524445,559145379,10228669824,5.47,1943074094,34760579,1977834673,1.76
20190901,9434825754,547664787,9982490541,5.49,1946079039,34595370,1980674409,1.75
20190902,9906799143,550233962,10457033105,5.26,2043257259,35991057,2079248316,1.73
20190903,10634056044,547907527,11181963571,4.9,2018226883,36630671,2054857554,1.78
20190904,10978749721,553062417,11531812138,4.8,1962140899,38933314,2001074213,1.95
20190905,10813391993,565714763,11379106756,4.97,1956432968,40750974,1997183942,2.04
20190906,11002238689,562056142,11564294831,4.86,1992841357,40424681,2033266038,1.99
20190907,10387697399,487513545,10875210944,4.48,1956510862,38956183,1995467045,1.95
20190908,10606235050,472109826,11078344876,4.26,1988230293,41035741,2029266034,2.02
20190909,11123340705,524993173,11648333878,4.51,2022541914,41254072,2063795986,2.0
20190910,10955345385,543168913,11498514298,4.72,1993759117,39401786,2033160903,1.94
20190911,11134651490,581787322,11716438812,4.97,2013537677,41102336,2054640013,2.0
20190912,11001959781,580698948,11582658729,5.01,2023087924,42043688,2065131612,2.04
20190913,11008901298,565721033,11574622331,4.89,2010717626,41218132,2051935758,2.01
20190914,10581018160,550964996,11131983156,4.95,1945752298,40354377,1986106675,2.03
20190915,10509237303,589488833,11098726136,5.31,1922486602,41733516,1964220118,2.12
20190916,10897857846,528738268,11426596114,4.63,1979529803,44414110,2023943913,2.19
20190917,11174028310,564141933,11738170243,4.81,2067402677,43731560,2111134237,2.07
20190918,11208394828,600632012,11809026840,5.09,2102534197,43340331,2145874528,2.02
20190919,11205225761,599618025,11804843786,5.08,2201383682,43718941,2245102623,1.95
20190920,11210393045,563429411,11773822456,4.79,2138217221,43697853,2181915074,2.0
20190921,10564598430,565842284,11130440714,5.08,2123417380,41833480,2165250860,1.93
20190922,10264945175,552537208,10817482383,5.11,1991234761,37386455,2028621216,1.84
20190923,11076072409,624367436,11700439845,5.34,2117684154,47839508,2165523662,2.21
20190924,11255037233,604173619,11859210852,5.09,2139232561,44970705,2184203266,2.06
20190925,11165833240,631504352,11797337592,5.35,2210603601,43804564,2254408165,1.94
20190926,11215572181,643999604,11859571785,5.43,2224805234,43993218,2268798452,1.94
20190927,11208125726,634829913,11842955639,5.36,2164744368,43778284,2208522652,1.98
20190928,10511299668,631518496,11142818164,5.67,2184390085,44919148,2229309233,2.01
20190929,10410135783,552958323,10963094106,5.04,2113675025,68733574,2182408599,3.15
20190930,10745899074,492703325,11238602399,4.38,2026338851,44436966,2070775817,2.15
20191001,10803222739,533941120,11337163859,4.71,2144111657,43377456,2187489113,1.98
20191002,10703403950,603251940,11306655890,5.34,2169324787,49661231,2218986018,2.24
20191003,10314689827,543224445,10857914272,5.0,2082554619,90464302,2173018921,4.16
20191004,10738790866,501098169,11239889035,4.46,1900036332,50027423,1950063755,2.57
20191005,10935873574,576571001,11512444575,5.01,1955727965,43201639,1998929604,2.16
20191006,10763940528,509354055,11273294583,4.52,1822944304,42781137,1865725441,2.29
20191007,11038495627,513557227,11552052854,4.45,1952466536,44344336,1996810872,2.22
20191008,11068554564,619318399,11687872963,5.3,2200110340,44524971,2244635311,1.98
20191009,10308057744,507113556,10815171300,4.69,1928204777,44986284,1973191061,2.28
20191010,10243604032,511785283,10755389315,4.76,1913139639,45334065,1958473704,2.31
20191011,10219818133,507146699,10726964832,4.73,2004829792,118270594,2123100386,5.57
20191012,9950952255,563436576,10514388831,5.36,1939917372,46572978,1986490350,2.34
20191013,9597586145,521451551,10119037696,5.15,1781334770,45626818,1826961588,2.5
20191014,10327725416,550974699,10878700115,5.06,1980052944,47533173,2027586117,2.34
20191015,10239598576,518636840,10758235416,4.82,1830870834,47007491,1877878325,2.5
20191016,10169362970,513433771,10682796741,4.81,2122518283,53497731,2176016014,2.46
20191017,10298856882,496325580,10795182462,4.6,2189988761,54745138,2244733899,2.44
20191018,11602446360,576902552,12179348912,4.74,2478603483,54870900,2533474383,2.17
20191019,10522965248,483613495,11006578743,4.39,1996589790,51920031,2048509821,2.53
20191020,10413761843,472060009,10885821852,4.34,1905756643,51460114,1957216757,2.63
20191021,10711948589,461810977,11173759566,4.13,1980096576,54419867,2034516443,2.67
20191022,10100768904,464150668,10564919572,4.39,2072079236,50368959,2122448195,2.37
20191023,9939824115,427791276,10367615391,4.13,2031954448,55543461,2087497909,2.66
20191024,10078911822,462618044,10541529866,4.39,1990170283,57353669,2047523952,2.8
20191025,10594571037,482868335,11077439372,4.36,1968145427,54591333,2022736760,2.7
20191026,9808329547,473324104,10281653651,4.6,1849401675,54453721,1903855396,2.86
20191027,9579948811,442671258,10022620069,4.42,1870551614,51502795,1922054409,2.68
20191028,10373187857,498473564,10871661421,4.59,2011448983,92755409,2104204392,4.41
20191029,10383117375,502648428,10885765803,4.62,1986957765,56385518,2043343283,2.76
20191030,10530772163,479860049,11010632212,4.36,2059802041,104183007,2163985048,4.81
20191031,10439628199,497185522,10936813721,4.55,2107607214,144328135,2251935349,6.41
20191101,10637669983,498776859,11136446842,4.48,1945288035,75346132,2020634167,3.73
20191102,10555401127,516532095,11071933222,4.67,1920369977,82277525,2002647502,4.11
20191103,10239294160,498023501,10737317661,4.64,1869235989,61330631,1930566620,3.18
20191104,10669921003,496427625,11166348628,4.45,1914821472,59557331,1974378803,3.02
20191105,10729616773,496734805,11226351578,4.42,1999712322,59826939,2059539261,2.9
20191106,10919418878,530164721,11449583599,4.63,1940318108,58790028,1999108136,2.94
