#date,queriesUDP_IPV4,queriesTCP_IPv4,queriesTOTAL_IPv4,ratioTCP_IPv4,queriesUDP_IPV6,queriesTCP_IPv6,queriesTOTAL_IPv6,ratioTCP_IPv6
20151101,2210108926,19833027,2229941953,0.89,205317838,592360,205910198,0.29
20151102,2589565878,17602688,2607168566,0.68,217193487,724808,217918295,0.33
20151103,2679071781,18444561,2697516342,0.68,212113283,566433,212679716,0.27
20151104,2785363801,17970788,2803334589,0.64,208802592,492042,209294634,0.24
20151105,2830195251,19511641,2849706892,0.68,212380648,497953,212878601,0.23
20151106,2685197840,19468144,2704665984,0.72,213801132,543791,214344923,0.25
20151107,2610575489,18310739,2628886228,0.7,200122413,606930,200729343,0.3
20151108,2698666893,17191511,2715858404,0.63,199979466,505164,200484630,0.25
20151109,2739474513,18932375,2758406888,0.69,211119875,609986,211729861,0.29
20151110,2791774562,18292807,2810067369,0.65,217174453,601544,217775997,0.28
20151111,3044457165,19008624,3063465789,0.62,213672720,507111,214179831,0.24
20151112,3112396340,23247281,3135643621,0.74,214411824,509609,214921433,0.24
20151113,2870423409,19795446,2890218855,0.68,218197277,472602,218669879,0.22
20151114,2632604351,20476870,2653081221,0.77,207291003,466284,207757287,0.22
20151115,2789895364,21486525,2811381889,0.76,208380148,415318,208795466,0.2
20151116,3132181374,22491434,3154672808,0.71,219403611,453109,219856720,0.21
20151117,2897917514,23009117,2920926631,0.79,219589327,498390,220087717,0.23
20151118,2873775868,23307640,2897083508,0.8,218881561,522993,219404554,0.24
20151119,3059094683,23471971,3082566654,0.76,217810635,434544,218245179,0.2
20151120,3153056047,22867498,3175923545,0.72,215794967,502165,216297132,0.23
20151121,2956928397,22915330,2979843727,0.77,203252572,403872,203656444,0.2
20151122,2553597166,21322846,2574920012,0.83,205835675,482185,206317860,0.23
20151123,2990573308,22819042,3013392350,0.76,216527396,414435,216941831,0.19
20151124,3212093886,21825222,3233919108,0.67,223009260,435273,223444533,0.19
20151125,2996107165,19785484,3015892649,0.66,218373118,453628,218826746,0.21
20151126,2668304550,21773083,2690077633,0.81,210825547,465877,211291424,0.22
20151127,2662126829,21704175,2683831004,0.81,215589328,457731,216047059,0.21
20151128,2667698660,20290922,2687989582,0.75,203205890,436334,203642224,0.21
20151129,2641696441,20849359,2662545800,0.78,204834264,411282,205245546,0.2
20151130,3374747860,33928256,3408676116,1.0,243877153,647669,244524822,0.26
20151201,3254987114,27373161,3282360275,0.83,243517076,582062,244099138,0.24
20151202,3432005636,23963659,3455969295,0.69,238691817,577609,239269426,0.24
20151203,3163327900,23034748,3186362648,0.72,235023246,570977,235594223,0.24
20151204,3068446446,20742327,3089188773,0.67,237091735,655281,237747016,0.28
20151205,2816691578,19729032,2836420610,0.7,218113202,619846,218733048,0.28
20151206,3021357051,19494157,3040851208,0.64,214548396,606672,215155068,0.28
20151207,3250865937,21654225,3272520162,0.66,226099353,551247,226650600,0.24
20151208,3113144866,22467925,3135612791,0.72,233986683,677103,234663786,0.29
20151209,3136667529,24483039,3161150568,0.77,235143552,748857,235892409,0.32
20151210,3292625793,26882053,3319507846,0.81,237595540,673921,238269461,0.28
20151211,3049399362,39280814,3088680176,1.27,230550133,629333,231179466,0.27
20151212,2701295076,47436284,2748731360,1.73,213307529,612866,213920395,0.29
20151213,2612611759,51135897,2663747656,1.92,218308224,690796,218999020,0.32
20151214,3002297402,58310142,3060607544,1.91,234370771,657165,235027936,0.28
20151215,3022125638,68499328,3090624966,2.22,236259429,1119511,237378940,0.47
20151216,2943405820,69968029,3013373849,2.32,236432977,990352,237423329,0.42
20151217,2818763142,60405596,2879168738,2.1,230500372,596270,231096642,0.26
20151218,3118170653,62449215,3180619868,1.96,229007085,712731,229719816,0.31
20151219,2645221449,54407785,2699629234,2.02,215276697,663767,215940464,0.31
20151220,2527750594,54861319,2582611913,2.12,213130546,757413,213887959,0.35
20151221,2572736205,52829813,2625566018,2.01,224563402,668411,225231813,0.3
20151222,2515211172,50177874,2565389046,1.96,224242430,629827,224872257,0.28
20151223,2461531807,46995239,2508527046,1.87,223972411,608214,224580625,0.27
20151224,2325359996,41963001,2367322997,1.77,215672921,578272,216251193,0.27
20151225,2258932779,36634419,2295567198,1.6,200330579,639456,200970035,0.32
20151226,2310892247,38206080,2349098327,1.63,199950331,532946,200483277,0.27
20151227,2317120508,47110262,2364230770,1.99,202375637,620492,202996129,0.31
20151228,2653630169,48213501,2701843670,1.78,213049145,590623,213639768,0.28
20151229,2544158893,47616967,2591775860,1.84,216715478,630784,217346262,0.29
20151230,2504183767,41307024,2545490791,1.62,209825880,592552,210418432,0.28
20151231,2668004407,46348867,2714353274,1.71,211471347,612995,212084342,0.29
20160101,2433835881,38620786,2472456667,1.56,203171313,623034,203794347,0.31
20160102,2381465972,36400195,2417866167,1.51,201296459,580287,201876746,0.29
20160103,2282059864,32890635,2314950499,1.42,202815914,593648,203409562,0.29
20160104,2694637622,37563130,2732200752,1.37,220026554,600847,220627401,0.27
20160105,2662415997,38588972,2701004969,1.43,222880239,660188,223540427,0.3
20160106,2598478559,40761618,2639240177,1.54,223083289,728251,223811540,0.33
20160107,2717204489,44662325,2761866814,1.62,231198575,622350,231820925,0.27
20160108,2709017528,38053683,2747071211,1.39,224532300,632750,225165050,0.28
20160109,2557407375,43817417,2601224792,1.68,214899742,621159,215520901,0.29
20160110,2431645343,33735441,2465380784,1.37,208044185,546929,208591114,0.26
20160111,2777154846,44990076,2822144922,1.59,225037949,877654,225915603,0.39
20160112,2833480404,47666399,2881146803,1.65,229992187,704188,230696375,0.31
20160113,2708070616,43285521,2751356137,1.57,229900743,621253,230521996,0.27
20160114,2734617148,51351224,2785968372,1.84,228104368,599424,228703792,0.26
20160115,2615467705,41947268,2657414973,1.58,220329814,605741,220935555,0.27
20160116,2337016327,38330438,2375346765,1.61,206961277,586019,207547296,0.28
20160117,2317007483,39497265,2356504748,1.68,207212750,621958,207834708,0.3
20160118,2649226826,40420201,2689647027,1.5,226039508,602093,226641601,0.27
20160119,2869984024,45137207,2915121231,1.55,225946474,645573,226592047,0.28
20160120,2874842561,48702417,2923544978,1.67,220407469,636035,221043504,0.29
20160121,2693153367,42555477,2735708844,1.56,217660841,584232,218245073,0.27
20160122,2632241612,41173941,2673415553,1.54,215111833,601027,215712860,0.28
20160123,2349913916,32975872,2382889788,1.38,205215719,570564,205786283,0.28
20160124,2444810864,34259383,2479070247,1.38,208114489,583981,208698470,0.28
20160125,2799025235,42626792,2841652027,1.5,217813751,583177,218396928,0.27
20160126,2786881115,42959328,2829840443,1.52,229591948,608964,230200912,0.26
20160127,2874489661,43203640,2917693301,1.48,231350160,629256,231979416,0.27
20160128,2819630450,43595081,2863225531,1.52,225704697,662307,226367004,0.29
20160129,2871233433,42152902,2913386335,1.45,224057828,596484,224654312,0.27
20160130,2617259989,43963220,2661223209,1.65,207910409,534780,208445189,0.26
20160131,2610183388,44197881,2654381269,1.67,206729751,532902,207262653,0.26
20160201,3047354411,54559049,3101913460,1.76,221912087,649984,222562071,0.29
20160202,2981038187,48333255,3029371442,1.6,226580817,666809,227247626,0.29
20160203,2906324429,37309875,2943634304,1.27,227807209,665246,228472455,0.29
20160204,2914382319,48816132,2963198451,1.65,229449684,663324,230113008,0.29
20160205,2865829755,38423004,2904252759,1.32,227537038,641989,228179027,0.28
20160206,2604948460,35214279,2640162739,1.33,208047157,555599,208602756,0.27
20160207,2588970998,32485920,2621456918,1.24,200330892,524838,200855730,0.26
20160208,2658992390,34018476,2693010866,1.26,215255541,534553,215790094,0.25
20160209,2777292222,38838257,2816130479,1.38,224172654,660217,224832871,0.29
20160210,2923154591,44383469,2967538060,1.5,229252225,733384,229985609,0.32
20160211,2879747947,44063843,2923811790,1.51,220995270,621294,221616564,0.28
20160212,2771353681,42484283,2813837964,1.51,218442119,612009,219054128,0.28
20160213,2639508050,41289450,2680797500,1.54,204523223,563774,205086997,0.27
20160214,2625941671,39161617,2665103288,1.47,202472984,556040,203029024,0.27
20160215,2924310487,46880409,2971190896,1.58,216198117,593566,216791683,0.27
20160216,2962457418,48677656,3011135074,1.62,231430792,631055,232061847,0.27
20160217,2916484765,45422819,2961907584,1.53,231515457,995476,232510933,0.43
20160218,3031070064,52304215,3083374279,1.7,235083930,1109961,236193891,0.47
20160219,2974299977,45343199,3019643176,1.5,237666930,1744115,239411045,0.73
20160220,2856445312,47684718,2904130030,1.64,221869383,1490146,223359529,0.67
20160221,2692790455,47440696,2740231151,1.73,218343124,1447340,219790464,0.66
20160222,2759029687,48285893,2807315580,1.72,204620743,1474905,206095648,0.72
20160223,1901113558,30030251,1931143809,1.56,135803484,773371,136576855,0.57
20160224,1867995349,31298918,1899294267,1.65,144089456,941592,145031048,0.65
20160225,1907977140,35406042,1943383182,1.82,136832313,751039,137583352,0.55
20160226,1840519702,27773195,1868292897,1.49,136119713,737023,136856736,0.54
20160227,1627191339,31250314,1658441653,1.88,125322983,737243,126060226,0.58
20160228,1678422810,28680907,1707103717,1.68,123883434,652380,124535814,0.52
20160229,1926924281,41575391,1968499672,2.11,133900537,770282,134670819,0.57
20160301,1939569643,45278776,1984848419,2.28,140540977,778683,141319660,0.55
20160302,1925239288,44748242,1969987530,2.27,140529018,691412,141220430,0.49
20160303,1957253725,48352939,2005606664,2.41,149754826,998210,150753036,0.66
20160304,1816168638,44083160,1860251798,2.37,145731478,734410,146465888,0.5
20160305,1765909186,45782963,1811692149,2.53,142043373,765638,142809011,0.54
20160306,1628327985,40144745,1668472730,2.41,138987901,723216,139711117,0.52
20160307,1813520224,47801661,1861321885,2.57,144626127,717253,145343380,0.49
20160308,1864614868,40647064,1905261932,2.13,147197752,933802,148131554,0.63
20160309,1956541321,48102614,2004643935,2.4,146204071,897813,147101884,0.61
20160310,1947709292,44807505,1992516797,2.25,149666234,956219,150622453,0.63
20160311,1879128619,37376356,1916504975,1.95,149600288,977268,150577556,0.65
20160312,1787445180,42686464,1830131644,2.33,138641253,749892,139391145,0.54
20160313,1695175635,41351883,1736527518,2.38,136638323,651340,137289663,0.47
20160314,1748687306,31744716,1780432022,1.78,141763136,814927,142578063,0.57
20160315,1775486864,34633241,1810120105,1.91,131665568,915176,132580744,0.69
20160316,1672592901,31607666,1704200567,1.85,127153903,879214,128033117,0.69
20160317,1695559469,31270698,1726830167,1.81,122545998,869183,123415181,0.7
20160318,1586089622,27221811,1613311433,1.69,125201673,832578,126034251,0.66
20160319,1475865638,31330931,1507196569,2.08,117191964,765531,117957495,0.65
20160320,1585734016,34031730,1619765746,2.1,115179170,643373,115822543,0.56
20160321,1669781862,32318375,1702100237,1.9,125344009,822474,126166483,0.65
20160322,1627439157,26990735,1654429892,1.63,125089857,680998,125770855,0.54
20160323,1677906760,27846503,1705753263,1.63,125538593,269486,125808079,0.21
20160324,1665707881,26633103,1692340984,1.57,122149034,267339,122416373,0.22
20160325,1611247619,29149560,1640397179,1.78,116993594,250828,117244422,0.21
20160326,1539251892,33098133,1572350025,2.11,112626951,243099,112870050,0.22
20160327,1843851801,27436734,1871288535,1.47,108991513,243723,109235236,0.22
20160328,1735473916,29856786,1765330702,1.69,119395337,270094,119665431,0.23
20160329,2768268877,62674881,2830943758,2.21,223793206,543383,224336589,0.24
20160330,3018256946,67030959,3085287905,2.17,249516982,684737,250201719,0.27
20160331,2964344164,62408774,3026752938,2.06,244710164,684260,245394424,0.28
20160401,3007110427,62055160,3069165587,2.02,241487620,636897,242124517,0.26
20160402,2697102642,60239830,2757342472,2.18,225709298,554266,226263564,0.24
20160403,2603901005,59684451,2663585456,2.24,224031813,522847,224554660,0.23
20160404,2751591808,68011705,2819603513,2.41,237157611,576410,237734021,0.24
20160405,2820733734,68674774,2889408508,2.38,241076868,602344,241679212,0.25
20160406,2840114623,77895435,2918010058,2.67,243444298,782809,244227107,0.32
20160407,3039920064,91774802,3131694866,2.93,249761232,912632,250673864,0.36
20160408,2889522321,78612412,2968134733,2.65,242701927,696414,243398341,0.29
20160409,2740796060,76235328,2817031388,2.71,232276557,604919,232881476,0.26
20160410,2676545420,67009555,2743554975,2.44,234009445,603549,234612994,0.26
20160411,2902372967,71956636,2974329603,2.42,248012286,651844,248664130,0.26
20160412,2987499601,75226765,3062726366,2.46,251682483,878267,252560750,0.35
20160413,2875967635,60015121,2935982756,2.04,256382519,802904,257185423,0.31
20160414,2937833911,62436867,3000270778,2.08,260531311,840924,261372235,0.32
20160415,2818800736,62200440,2881001176,2.16,248822340,683208,249505548,0.27
20160416,2621256414,62308447,2683564861,2.32,238669463,922804,239592267,0.39
20160417,2569340610,61213598,2630554208,2.33,237844231,712640,238556871,0.3
20160418,2836742843,68613500,2905356343,2.36,245747069,699222,246446291,0.28
20160419,2843888704,68030744,2911919448,2.34,254946043,759124,255705167,0.3
20160420,2872093100,71791179,2943884279,2.44,259296987,698769,259995756,0.27
20160421,3129752446,92778825,3222531271,2.88,273153378,864150,274017528,0.32
20160422,2980161617,73023696,3053185313,2.39,257633014,777832,258410846,0.3
20160423,2821509691,80983470,2902493161,2.79,246837537,816499,247654036,0.33
20160424,2625233449,78147769,2703381218,2.89,244461146,952424,245413570,0.39
20160425,3145572206,77531196,3223103402,2.41,299075316,933304,300008620,0.31
20160426,2974020182,77260452,3051280634,2.53,262433099,1009358,263442457,0.38
20160427,3097473323,83773578,3181246901,2.63,269314643,1032221,270346864,0.38
20160428,3217701046,88578841,3306279887,2.68,270679714,1241826,271921540,0.46
20160429,3051413804,93353451,3144767255,2.97,261418496,1049908,262468404,0.4
20160430,2720034216,75600126,2795634342,2.7,244594192,775409,245369601,0.32
20160501,2689618892,74529748,2764148640,2.7,242791145,882110,243673255,0.36
20160502,3034227862,82545060,3116772922,2.65,251371351,1154010,252525361,0.46
20160503,3060964175,74015698,3134979873,2.36,268437087,838031,269275118,0.31
20160504,3095325983,82284115,3177610098,2.59,269540121,989409,270529530,0.37
20160505,3024980575,78383213,3103363788,2.53,271784382,876640,272661022,0.32
20160506,3029333334,80411264,3109744598,2.59,264762884,932133,265695017,0.35
20160507,2811996944,78988826,2890985770,2.73,250101330,961326,251062656,0.38
20160508,2848044745,73865028,2921909773,2.53,247426577,927441,248354018,0.37
20160509,3508318768,81319955,3589638723,2.27,265035270,1000189,266035459,0.38
20160510,3586384071,77102708,3663486779,2.1,272810720,878259,273688979,0.32
20160511,3533563736,76158336,3609722072,2.11,280562993,919836,281482829,0.33
20160512,3099515326,70254513,3169769839,2.22,270325295,912177,271237472,0.34
20160513,3643170508,97684819,3740855327,2.61,308188530,1081817,309270347,0.35
20160514,4408963828,120227155,4529190983,2.65,422658373,1445459,424103832,0.34
20160515,4275517400,103890171,4379407571,2.37,408308948,1358970,409667918,0.33
20160516,4432474259,119343023,4551817282,2.62,359022155,1525023,360547178,0.42
20160517,4102639725,107238665,4209878390,2.55,326474183,1146142,327620325,0.35
20160518,3966062232,103804251,4069866483,2.55,312901744,1063461,313965205,0.34
20160519,3982301966,96638233,4078940199,2.37,308626912,1213729,309840641,0.39
20160520,3819363006,102018730,3921381736,2.6,298159558,989754,299149312,0.33
20160521,3451049625,91570671,3542620296,2.58,274122214,801118,274923332,0.29
20160522,3348017981,82433732,3430451713,2.4,266823910,917644,267741554,0.34
20160523,3532032661,86653962,3618686623,2.39,287819753,959425,288779178,0.33
20160524,3600980052,88518493,3689498545,2.4,291383431,1033744,292417175,0.35
20160525,3647521610,85731996,3733253606,2.3,294571058,969881,295540939,0.33
20160526,3478640767,79964923,3558605690,2.25,287047378,841384,287888762,0.29
20160527,3419879907,79191565,3499071472,2.26,284349539,673548,285023087,0.24
20160528,3185444347,76548103,3261992450,2.35,269382129,626030,270008159,0.23
20160529,3130709526,73545805,3204255331,2.3,264994478,646651,265641129,0.24
20160530,3241545344,75100236,3316645580,2.26,279400779,713354,280114133,0.25
20160531,3346168729,78034014,3424202743,2.28,286733226,707428,287440654,0.25
20160601,3367567062,78068916,3445635978,2.27,287774672,699174,288473846,0.24
20160602,3343970648,77777898,3421748546,2.27,293002430,701395,293703825,0.24
20160603,3222944328,75340113,3298284441,2.28,290104642,750801,290855443,0.26
20160604,3018773953,71941793,3090715746,2.33,277708683,654815,278363498,0.24
20160605,2888206663,74453185,2962659848,2.51,270355161,596622,270951783,0.22
20160606,3179535055,83041411,3262576466,2.55,287294357,681221,287975578,0.24
20160607,3237535297,76912770,3314448067,2.32,289279706,683486,289963192,0.24
20160608,3386375589,76470493,3462846082,2.21,292257652,666640,292924292,0.23
20160609,3251442889,72995874,3324438763,2.2,290203887,672963,290876850,0.23
20160610,2976460028,68446011,3044906039,2.25,280912826,630585,281543411,0.22
20160611,2890053445,68318126,2958371571,2.31,273001879,628372,273630251,0.23
20160612,3116613220,73186790,3189800010,2.29,269033100,652022,269685122,0.24
20160613,3161352698,77163151,3238515849,2.38,284088778,720726,284809504,0.25
20160614,3106584918,73245925,3179830843,2.3,288616658,694708,289311366,0.24
20160615,3186036222,73657463,3259693685,2.26,290060663,732658,290793321,0.25
20160616,3083466514,69501583,3152968097,2.2,298939612,736033,299675645,0.25
20160617,2766564793,47880095,2814444888,1.7,292876336,803792,293680128,0.27
20160618,2557802671,45956125,2603758796,1.76,279554799,672164,280226963,0.24
20160619,2517041990,46550399,2563592389,1.82,280656423,679511,281335934,0.24
20160620,2809665979,50361844,2860027823,1.76,297045175,751282,297796457,0.25
20160621,2901738088,48352547,2950090635,1.64,295946291,758813,296705104,0.26
20160622,2923855443,52635390,2976490833,1.77,301140614,730226,301870840,0.24
20160623,2946934686,57212642,3004147328,1.9,296556527,719517,297276044,0.24
20160624,2874188155,58984567,2933172722,2.01,285276034,715300,285991334,0.25
20160625,2392057314,51593074,2443650388,2.11,255534285,621031,256155316,0.24
20160626,2497079258,59456265,2556535523,2.33,262521778,706585,263228363,0.27
20160627,3020740683,68887693,3089628376,2.23,291473424,803097,292276521,0.27
20160628,3050819071,63348496,3114167567,2.03,296419310,792230,297211540,0.27
20160629,2890839497,57758533,2948598030,1.96,294390225,810865,295201090,0.27
20160630,2899477435,59535683,2959013118,2.01,296181499,836592,297018091,0.28
20160701,2756481140,56551646,2813032786,2.01,288266716,711914,288978630,0.25
20160702,2578088322,51553725,2629642047,1.96,273773579,720797,274494376,0.26
20160703,2441637129,47443628,2489080757,1.91,277904722,758320,278663042,0.27
20160704,2811190005,58234386,2869424391,2.03,287857784,813325,288671109,0.28
20160705,2959852283,64149966,3024002249,2.12,296603361,884483,297487844,0.3
20160706,2899690060,56073464,2955763524,1.9,291745785,946101,292691886,0.32
20160707,2784659983,54935518,2839595501,1.93,300802870,1031805,301834675,0.34
20160708,2764705034,56423415,2821128449,2.0,284068839,938855,285007694,0.33
20160709,2683904539,55652440,2739556979,2.03,267927468,1038225,268965693,0.39
20160710,2615694545,50002316,2665696861,1.88,261635811,888087,262523898,0.34
20160711,2938976632,57322483,2996299115,1.91,282743638,942996,283686634,0.33
20160712,2966638901,54896654,3021535555,1.82,293696015,875975,294571990,0.3
20160713,3003969575,55816876,3059786451,1.82,302455856,1084786,303540642,0.36
20160714,2977550387,63274524,3040824911,2.08,299541498,960508,300502006,0.32
20160715,2977958808,58983728,3036942536,1.94,303984891,961373,304946264,0.32
20160716,2664687020,52902728,2717589748,1.95,275002790,792662,275795452,0.29
20160717,2623214312,52416394,2675630706,1.96,269188371,753408,269941779,0.28
20160718,2942195793,63419906,3005615699,2.11,297911023,980734,298891757,0.33
20160719,2839901498,59432749,2899334247,2.05,290805465,768793,291574258,0.26
20160720,2805688234,56453497,2862141731,1.97,289874989,1064779,290939768,0.37
20160721,2838923276,58386491,2897309767,2.02,293072126,1100433,294172559,0.37
20160722,2705529413,54188247,2759717660,1.96,286533858,892584,287426442,0.31
20160723,2397942085,50058886,2448000971,2.04,274392870,755504,275148374,0.27
20160724,2428281308,48747782,2477029090,1.97,270777032,709110,271486142,0.26
20160725,2808749561,56724442,2865474003,1.98,285670216,1179378,286849594,0.41
20160726,2806129582,61395087,2867524669,2.14,296040132,1442374,297482506,0.48
20160727,2836475851,60012766,2896488617,2.07,299336731,822124,300158855,0.27
20160728,2854552153,58818193,2913370346,2.02,297346824,790178,298137002,0.27
20160729,2791947475,54535077,2846482552,1.92,288689733,676690,289366423,0.23
20160730,2433569930,49009995,2482579925,1.97,273450612,780424,274231036,0.28
20160731,2392303422,47504798,2439808220,1.95,269727835,742340,270470175,0.27
20160801,2805490901,53798867,2859289768,1.88,289627622,978178,290605800,0.34
20160802,2877109378,58570581,2935679959,2.0,286660920,945122,287606042,0.33
20160803,2858030139,59079391,2917109530,2.03,280465277,982716,281447993,0.35
20160804,2857910279,62584592,2920494871,2.14,282545597,888590,283434187,0.31
20160805,2697978166,58870455,2756848621,2.14,273868545,1035112,274903657,0.38
20160806,2449548269,51934403,2501482672,2.08,254453835,757106,255210941,0.3
20160807,2357324546,48699526,2406024072,2.02,250897481,742085,251639566,0.29
20160808,2795177553,52140615,2847318168,1.83,271333703,765720,272099423,0.28
20160809,2935967383,64795428,3000762811,2.16,283496323,1986261,285482584,0.7
20160810,2936661275,54051605,2990712880,1.81,283257065,874014,284131079,0.31
20160811,2918615204,58775735,2977390939,1.97,287845827,846356,288692183,0.29
20160812,2782334050,60252642,2842586692,2.12,291831858,1654257,293486115,0.56
20160813,2574932243,56392944,2631325187,2.14,263353362,835798,264189160,0.32
20160814,2579150427,52219583,2631370010,1.98,258882465,735148,259617613,0.28
20160815,2813179417,59357134,2872536551,2.07,280162466,892998,281055464,0.32
20160816,2772213646,59840612,2832054258,2.11,285581127,931013,286512140,0.32
20160817,2776599071,61639553,2838238624,2.17,283901758,849233,284750991,0.3
20160818,2829528050,63640722,2893168772,2.2,295776084,2330134,298106218,0.78
20160819,2770862190,58845218,2829707408,2.08,290365623,811989,291177612,0.28
20160820,2484376443,52552959,2536929402,2.07,276179004,806022,276985026,0.29
20160821,2442209101,51050526,2493259627,2.05,269887653,788352,270676005,0.29
20160822,2890010498,62423004,2952433502,2.11,287594995,859835,288454830,0.3
20160823,2828838133,65848640,2894686773,2.27,286221231,889945,287111176,0.31
20160824,2833722272,62601964,2896324236,2.16,290280285,943491,291223776,0.32
20160825,2845759919,64816894,2910576813,2.23,286219388,979610,287198998,0.34
20160826,2812011210,62358357,2874369567,2.17,279557138,970911,280528049,0.35
20160827,2529302328,53254093,2582556421,2.06,260299276,870584,261169860,0.33
20160828,2521353794,53774657,2575128451,2.09,259159009,860184,260019193,0.33
20160829,2832979165,61777158,2894756323,2.13,278289481,1214447,279503928,0.43
20160830,3066840600,71673520,3138514120,2.28,292142997,1841204,293984201,0.63
20160831,3057039072,73633162,3130672234,2.35,286765583,907944,287673527,0.32
20160901,2798626006,55006152,2853632158,1.93,283729190,867637,284596827,0.3
20160902,2745552310,55504456,2801056766,1.98,280962413,900048,281862461,0.32
20160903,2465171410,51198738,2516370148,2.03,259460716,778462,260239178,0.3
20160904,2553890201,62118272,2616008473,2.37,263818104,832089,264650193,0.31
20160905,2863289026,64477003,2927766029,2.2,272794593,879437,273674030,0.32
20160906,3052490884,68942807,3121433691,2.21,288642127,1044344,289686471,0.36
20160907,2899074193,67852988,2966927181,2.29,284186275,951212,285137487,0.33
20160908,2925039963,70802981,2995842944,2.36,288500886,897705,289398591,0.31
20160909,2856691259,67545200,2924236459,2.31,283906679,898883,284805562,0.32
20160910,2594498364,61528528,2656026892,2.32,272129696,771730,272901426,0.28
20160911,2497206673,57652171,2554858844,2.26,266813898,741055,267554953,0.28
20160912,2821041801,63738081,2884779882,2.21,287346595,852675,288199270,0.3
20160913,2978950897,64801841,3043752738,2.13,297338452,939356,298277808,0.31
20160914,2980438297,70084432,3050522729,2.3,300956570,1052306,302008876,0.35
20160915,2974402529,78128263,3052530792,2.56,301397379,1165607,302562986,0.39
20160916,2868894692,76447999,2945342691,2.6,295534290,977593,296511883,0.33
20160917,2443369946,57343062,2500713008,2.29,270276741,857404,271134145,0.32
20160918,2471313449,57901372,2529214821,2.29,269000440,937987,269938427,0.35
20160919,2763260966,58955603,2822216569,2.09,292082781,999674,293082455,0.34
20160920,2551005049,56329459,2607334508,2.16,304099217,1101089,305200306,0.36
20160921,2377202868,51316113,2428518981,2.11,289732133,947873,290680006,0.33
20160922,2482714755,53727854,2536442609,2.12,289240465,1014234,290254699,0.35
20160923,2380426935,59136686,2439563621,2.42,272031885,946243,272978128,0.35
20160924,2278566977,60578870,2339145847,2.59,262122479,1011826,263134305,0.38
20160925,2534369149,56820223,2591189372,2.19,268878887,931673,269810560,0.35
20160926,2074594876,45882775,2120477651,2.16,245326251,989294,246315545,0.4
20160927,1604524377,33746520,1638270897,2.06,210802410,956412,211758822,0.45
20160928,1738923534,36076519,1775000053,2.03,205719818,1184886,206904704,0.57
20160929,2159390626,39966670,2199357296,1.82,223145172,1559548,224704720,0.69
20160930,1928196218,39381196,1967577414,2.0,213863370,1189706,215053076,0.55
20161001,1581061879,41418168,1622480047,2.55,197957193,2871928,200829121,1.43
20161002,1415212588,51732691,1466945279,3.53,187484707,4904030,192388737,2.55
20161003,1561263028,52024985,1613288013,3.22,197655935,5166439,202822374,2.55
20161004,1516259725,48446861,1564706586,3.1,202534792,4887953,207422745,2.36
20161005,1509047946,44694577,1553742523,2.88,202438447,4571050,207009497,2.21
20161006,1499099194,50948414,1550047608,3.29,215827760,4841954,220669714,2.19
20161007,1531896125,51110223,1583006348,3.23,244549662,4867307,249416969,1.95
20161008,1257229005,42145924,1299374929,3.24,184373110,4605424,188978534,2.44
20161009,1295464347,38906172,1334370519,2.92,182873948,4561271,187435219,2.43
20161010,1426288597,38492976,1464781573,2.63,196474283,4773835,201248118,2.37
20161011,1453895102,40150218,1494045320,2.69,202648790,4911226,207560016,2.37
20161012,1444711452,41339437,1486050889,2.78,207034708,4914684,211949392,2.32
20161013,1489605754,41694626,1531300380,2.72,216254504,5411396,221665900,2.44
20161014,1465874830,38008649,1503883479,2.53,228149744,5452871,233602615,2.33
20161015,1273464113,30439759,1303903872,2.33,213475839,5173116,218648955,2.37
20161016,1247326583,31046492,1278373075,2.43,211971872,5222979,217194851,2.4
20161017,1422168150,34325840,1456493990,2.36,223125898,6073844,229199742,2.65
20161018,1431300258,34893153,1466193411,2.38,224895986,5824610,230720596,2.52
20161019,1443521004,36670808,1480191812,2.48,220039248,6149027,226188275,2.72
20161020,1445251601,36225128,1481476729,2.45,219645805,6326457,225972262,2.8
20161021,2122407880,55340441,2177748321,2.54,270721301,7344001,278065302,2.64
20161022,1378027582,32639100,1410666682,2.31,241678718,5840330,247519048,2.36
20161023,1410891661,33069289,1443960950,2.29,239828823,5678487,245507310,2.31
20161024,3067635811,90473366,3158109177,2.86,306535451,7117897,313653348,2.27
20161025,3042558217,92161275,3134719492,2.94,304221703,6678043,310899746,2.15
20161026,3017186087,85281205,3102467292,2.75,313263262,7113764,320377026,2.22
20161027,3038520039,89316975,3127837014,2.86,312119570,7251284,319370854,2.27
20161028,3028332231,85267828,3113600059,2.74,313976016,7045624,321021640,2.19
20161029,2635883232,70380021,2706263253,2.6,298638307,6850808,305489115,2.24
20161030,2584593385,74774761,2659368146,2.81,300478719,6973466,307452185,2.27
20161031,2932190822,79543484,3011734306,2.64,314935635,7331998,322267633,2.28
20161101,3111871430,82358726,3194230156,2.58,324550249,7469435,332019684,2.25
20161102,3301986497,93688003,3395674500,2.76,333492862,7305645,340798507,2.14
20161103,3208182712,82199447,3290382159,2.5,328916310,7285144,336201454,2.17
20161104,3268702888,92553379,3361256267,2.75,325967214,7016991,332984205,2.11
20161105,2831336820,82566329,2913903149,2.83,308022721,6825709,314848430,2.17
20161106,2758563113,82290949,2840854062,2.9,309954890,6609374,316564264,2.09
20161107,3133018065,91076664,3224094729,2.82,320496727,7271624,327768351,2.22
20161108,3244292491,98505181,3342797672,2.95,333143031,7541924,340684955,2.21
20161109,3285856855,102528030,3388384885,3.03,342807636,7518572,350326208,2.15
20161110,3162310163,95784155,3258094318,2.94,332599855,7022439,339622294,2.07
20161111,3019399455,91845102,3111244557,2.95,331515875,7173772,338689647,2.12
20161112,2674533154,83933485,2758466639,3.04,314555161,7303406,321858567,2.27
20161113,2733291734,93857536,2827149270,3.32,317322350,7207242,324529592,2.22
20161114,2986250130,104340092,3090590222,3.38,328178832,7661787,335840619,2.28
20161115,2997663597,90298574,3087962171,2.92,331173095,7580186,338753281,2.24
20161116,3020714803,92085827,3112800630,2.96,339096186,8245771,347341957,2.37
20161117,2977322610,87485212,3064807822,2.85,337829450,8308372,346137822,2.4
20161118,2991462505,101343026,3092805531,3.28,340149725,8541834,348691559,2.45
20161119,2711393867,91526533,2802920400,3.27,330309550,9180740,339490290,2.7
20161120,2650134656,81421831,2731556487,2.98,326985587,8763179,335748766,2.61
20161121,2953186152,87903484,3041089636,2.89,334376658,8895526,343272184,2.59
20161122,3125812227,94377664,3220189891,2.93,345525174,8907429,354432603,2.51
20161123,3081364733,93968527,3175333260,2.96,352703924,8760099,361464023,2.42
20161124,3068415274,97155567,3165570841,3.07,341436370,8661615,350097985,2.47
20161125,3086685380,95742025,3182427405,3.01,347063421,8602855,355666276,2.42
20161126,2700079427,81090845,2781170272,2.92,332381497,7991675,340373172,2.35
20161127,2843748137,79684794,2923432931,2.73,327894050,8354122,336248172,2.48
20161128,3341699887,92655608,3434355495,2.7,361659184,11554893,373214077,3.1
20161129,3270971769,91373428,3362345197,2.72,356950890,7042938,363993828,1.93
20161130,3043726417,89680675,3133407092,2.86,368177511,7786180,375963691,2.07
20161201,3062408579,89269200,3151677779,2.83,369797305,6912256,376709561,1.83
20161202,3103456163,95170602,3198626765,2.98,376988482,7223514,384211996,1.88
20161203,2798090165,84206774,2882296939,2.92,352257869,6666589,358924458,1.86
20161204,2726295725,86439118,2812734843,3.07,354330374,6754179,361084553,1.87
20161205,3092153592,101606840,3193760432,3.18,371532335,7715231,379247566,2.03
20161206,3250735837,108865306,3359601143,3.24,382472951,8793776,391266727,2.25
20161207,3211565522,104020419,3315585941,3.14,382603780,7784157,390387937,1.99
20161208,3183001232,101580316,3284581548,3.09,383078055,8339334,391417389,2.13
20161209,3118363147,104206367,3222569514,3.23,372005971,7215044,379221015,1.9
20161210,2824488349,88454956,2912943305,3.04,364610895,6817117,371428012,1.84
20161211,2761404659,88214609,2849619268,3.1,361374181,6798916,368173097,1.85
20161212,3099204779,100988381,3200193160,3.16,398529047,8414603,406943650,2.07
20161213,3257655305,103594146,3361249451,3.08,412630679,7905475,420536154,1.88
20161214,3336918177,102056252,3438974429,2.97,407503288,8605164,416108452,2.07
20161215,3255093200,107283230,3362376430,3.19,399910410,8135172,408045582,1.99
20161216,3165796276,108226551,3274022827,3.31,411249191,7418425,418667616,1.77
20161217,2746106079,103048653,2849154732,3.62,381113889,6843113,387957002,1.76
20161218,2626706558,99065286,2725771844,3.63,374337696,7087929,381425625,1.86
20161219,2980128914,115612888,3095741802,3.73,391480781,7540929,399021710,1.89
20161220,3131792526,113857295,3245649821,3.51,402544528,7580131,410124659,1.85
20161221,3037122264,109532018,3146654282,3.48,397404756,7740102,405144858,1.91
20161222,2950816065,104174933,3054990998,3.41,386866999,6681825,393548824,1.7
20161223,2824457555,101190429,2925647984,3.46,387646408,6799014,394445422,1.72
20161224,2497295851,91115517,2588411368,3.52,371003723,6366929,377370652,1.69
20161225,2463141165,90209971,2553351136,3.53,368752381,6303279,375055660,1.68
20161226,2628390198,94206234,2722596432,3.46,374387954,6264008,380651962,1.65
20161227,2723167330,98649955,2821817285,3.5,382988409,5912260,388900669,1.52
20161228,2809553871,97934494,2907488365,3.37,380861470,6107636,386969106,1.58
20161229,2859723775,104976697,2964700472,3.54,380085972,6115200,386201172,1.58
20161230,2814230458,104430963,2918661421,3.58,376539691,5948979,382488670,1.56
20161231,2707383796,107308445,2814692241,3.81,375786182,6015544,381801726,1.58
20170101,2613952597,94301905,2708254502,3.48,361077142,6264132,367341274,1.71
20170102,2718130772,100134967,2818265739,3.55,376146891,6540904,382687795,1.71
20170103,2968145558,106872161,3075017719,3.48,384969235,7054996,392024231,1.8
20170104,3045157838,107912818,3153070656,3.42,385667775,6356901,392024676,1.62
20170105,2988315792,105525983,3093841775,3.41,380583412,6044013,386627425,1.56
20170106,3563441232,146269274,3709710506,3.94,442476031,7176181,449652212,1.6
20170107,2740770602,102897664,2843668266,3.62,373446792,6008112,379454904,1.58
20170108,2648950850,99940115,2748890965,3.64,371598387,6183501,377781888,1.64
20170109,4817302757,187845262,5005148019,3.75,589717521,9771281,599488802,1.63
20170110,4883956845,222814674,5106771519,4.36,603420307,9632502,613052809,1.57
20170111,3049795918,111254741,3161050659,3.52,490185522,8523155,498708677,1.71
20170112,3064201587,106635582,3170837169,3.36,476038066,7248219,483286285,1.5
20170113,3069838145,128441278,3198279423,4.02,475261049,7325087,482586136,1.52
20170114,2727963933,129627204,2857591137,4.54,427043513,7092139,434135652,1.63
20170115,2689983766,123401811,2813385577,4.39,427447504,7201279,434648783,1.66
20170116,3015809455,135712159,3151521614,4.31,441983658,7632258,449615916,1.7
20170117,3134953898,136993332,3271947230,4.19,465639437,7075735,472715172,1.5
20170118,3108992093,134634814,3243626907,4.15,443060272,7248121,450308393,1.61
20170119,3154380388,126853196,3281233584,3.87,424021492,7300726,431322218,1.69
20170120,3047115383,130864751,3177980134,4.12,440398468,9479894,449878362,2.11
20170121,2745586970,125428551,2871015521,4.37,372579503,7263594,379843097,1.91
20170122,2724623193,132640245,2857263438,4.64,373209633,6934156,380143789,1.82
20170123,2986762069,137741791,3124503860,4.41,381951306,7580637,389531943,1.95
20170124,2953628534,133220902,3086849436,4.32,387994112,7440371,395434483,1.88
20170125,2936101805,134398667,3070500472,4.38,388031812,7105695,395137507,1.8
20170126,2890030472,130514814,3020545286,4.32,396834559,6973024,403807583,1.73
20170127,2779411550,124235777,2903647327,4.28,378464565,6238419,384702984,1.62
20170128,2428704777,108116610,2536821387,4.26,317584596,4471930,322056526,1.39
20170129,2558076279,116107511,2674183790,4.34,343731279,5397705,349128984,1.55
20170130,2776140367,123300791,2899441158,4.25,373551709,6385760,379937469,1.68
20170131,2863654492,115863304,2979517796,3.89,351630727,6459276,358090003,1.8
20170201,2869323603,125478187,2994801790,4.19,380849040,6949837,387798877,1.79
20170202,2857041468,131361104,2988402572,4.4,381754363,7169017,388923380,1.84
20170203,2857695281,126151361,2983846642,4.23,378824710,7649949,386474659,1.98
20170204,2859505268,123047305,2982552573,4.13,371576373,6653291,378229664,1.76
20170205,2671623119,125035635,2796658754,4.47,371720169,6852279,378572448,1.81
20170206,2789352330,111222171,2900574501,3.83,378396322,7562329,385958651,1.96
20170207,2867872593,117788240,2985660833,3.95,378354942,6809952,385164894,1.77
20170208,3058294720,125206282,3183501002,3.93,386662904,7007006,393669910,1.78
20170209,2994239663,122888279,3117127942,3.94,399802738,7177542,406980280,1.76
20170210,2977557171,122391457,3099948628,3.95,413039520,7578635,420618155,1.8
20170211,2615783969,114676938,2730460907,4.2,377151799,6616540,383768339,1.72
20170212,2590752013,115268431,2706020444,4.26,380212093,6501132,386713225,1.68
20170213,2926397073,122723414,3049120487,4.02,387493005,6994930,394487935,1.77
20170214,2984260686,127570761,3111831447,4.1,391706041,7098113,398804154,1.78
20170215,2973154699,111697676,3084852375,3.62,387433242,7058868,394492110,1.79
20170216,2982284949,125001843,3107286792,4.02,391388104,7238163,398626267,1.82
20170217,3002334492,145349422,3147683914,4.62,399080267,7126067,406206334,1.75
20170218,2634251906,97673127,2731925033,3.58,383254401,6946089,390200490,1.78
20170219,2581724472,103526224,2685250696,3.86,376170142,7141444,383311586,1.86
20170220,2958477078,120643238,3079120316,3.92,400511753,7837484,408349237,1.92
20170221,4295653392,199105251,4494758643,4.43,541076646,10053438,551130084,1.82
20170222,3099026868,123636156,3222663024,3.84,403394737,8184383,411579120,1.99
20170223,3028726447,120781562,3149508009,3.83,408732306,7956005,416688311,1.91
20170224,2888662507,116618709,3005281216,3.88,403228234,7364171,410592405,1.79
20170225,2697297895,112540792,2809838687,4.01,379497930,6332255,385830185,1.64
20170226,2729151933,129149555,2858301488,4.52,381608130,6435894,388044024,1.66
20170227,2980617207,120524711,3101141918,3.89,400631389,7304930,407936319,1.79
20170228,3061350282,127534808,3188885090,4.0,408732049,7284849,416016898,1.75
20170301,3279140044,121971679,3401111723,3.59,406468363,7532495,414000858,1.82
20170302,3229856711,124009298,3353866009,3.7,415220501,7260521,422481022,1.72
20170303,3063269214,119710909,3182980123,3.76,408089025,7148813,415237838,1.72
20170304,2838808006,120027435,2958835441,4.06,397906338,6464836,404371174,1.6
20170305,2826808131,112906808,2939714939,3.84,388062523,6515056,394577579,1.65
20170306,6034015499,300857149,6334872648,4.75,640856491,10912318,651768809,1.67
20170307,3162740442,121067044,3283807486,3.69,418174326,7270680,425445006,1.71
20170308,3167410551,118719659,3286130210,3.61,430026686,8185309,438211995,1.87
20170309,3146713397,115579798,3262293195,3.54,422880612,9157105,432037717,2.12
20170310,3257888304,136191260,3394079564,4.01,440261557,9498719,449760276,2.11
20170311,2965120934,132279856,3097400790,4.27,401437499,7993133,409430632,1.95
20170312,2838039602,139070894,2977110496,4.67,400579365,8036786,408616151,1.97
20170313,3149934878,129883465,3279818343,3.96,412357661,8582109,420939770,2.04
20170314,3262344548,132722972,3395067520,3.91,414382522,9206332,423588854,2.17
20170315,3136085104,122003245,3258088349,3.74,415112247,8951278,424063525,2.11
20170316,3101169846,119713305,3220883151,3.72,410650172,8726952,419377124,2.08
20170317,3326114095,143701752,3469815847,4.14,454456800,9163821,463620621,1.98
20170318,2790728551,119591990,2910320541,4.11,392440501,8155019,400595520,2.04
20170319,2795613685,106861825,2902475510,3.68,389644037,8118319,397762356,2.04
20170320,3234146123,133812284,3367958407,3.97,414379032,8781457,423160489,2.08
20170321,3274546958,139131323,3413678281,4.08,419569278,8448579,428017857,1.97
20170322,3247716607,135369038,3383085645,4.0,424458894,8823660,433282554,2.04
20170323,3195022198,127630357,3322652555,3.84,417805427,8748657,426554084,2.05
20170324,3216672453,126755400,3343427853,3.79,424470260,8564587,433034847,1.98
20170325,2916445319,121763105,3038208424,4.01,405601903,7518622,413120525,1.82
20170326,2765360266,101382151,2866742417,3.54,403095186,7718137,410813323,1.88
20170327,3235132991,119454599,3354587590,3.56,425697730,9004804,434702534,2.07
20170328,3140545853,108219425,3248765278,3.33,424648504,9038732,433687236,2.08
20170329,3140166266,124460364,3264626630,3.81,417914792,8027896,425942688,1.88
20170330,3235092924,129696205,3364789129,3.85,420375649,7857892,428233541,1.83
20170331,3215991199,117537122,3333528321,3.53,418458464,8220084,426678548,1.93
20170401,2847178873,106759353,2953938226,3.61,390220723,7558699,397779422,1.9
20170402,2703963563,98427508,2802391071,3.51,387081618,7554119,394635737,1.91
20170403,2834796992,103667534,2938464526,3.53,400042606,7902208,407944814,1.94
20170404,3021825787,110976804,3132802591,3.54,416857480,8186390,425043870,1.93
20170405,2969786993,104806791,3074593784,3.41,406847307,8168293,415015600,1.97
20170406,2932495744,106879316,3039375060,3.52,394306496,8077961,402384457,2.01
20170407,2948010448,108172246,3056182694,3.54,410192419,8686143,418878562,2.07
20170408,2628809628,101565157,2730374785,3.72,387266121,7299681,394565802,1.85
20170409,2562338694,94890897,2657229591,3.57,378928901,6944072,385872973,1.8
20170410,2921927142,103440545,3025367687,3.42,392841315,7521306,400362621,1.88
20170411,2978068332,103365392,3081433724,3.35,403856777,8062046,411918823,1.96
20170412,2957108012,110696711,3067804723,3.61,412625726,8004562,420630288,1.9
20170413,2997643654,111580666,3109224320,3.59,418471734,8283406,426755140,1.94
20170414,2841235103,114304090,2955539193,3.87,404501499,8163194,412664693,1.98
20170415,2635162175,107267590,2742429765,3.91,383740973,7496787,391237760,1.92
20170416,2582349590,101718954,2684068544,3.79,373229676,7506330,380736006,1.97
20170417,2813940296,116730457,2930670753,3.98,387024181,7502310,394526491,1.9
20170418,2848687343,116148933,2964836276,3.92,390451942,8017287,398469229,2.01
20170419,2940543670,122375654,3062919324,4.0,389824048,7919066,397743114,1.99
20170420,2828826555,118199500,2947026055,4.01,381828364,8017180,389845544,2.06
20170421,2700763049,107567358,2808330407,3.83,366583688,7654974,374238662,2.05
20170422,2373087932,94699169,2467787101,3.84,350124033,7337203,357461236,2.05
20170423,2338302348,87193746,2425496094,3.59,352529851,7452302,359982153,2.07
20170424,2734354532,109343181,2843697713,3.85,367815539,8445908,376261447,2.24
20170425,3403039783,171497201,3574536984,4.8,392712803,8512365,401225168,2.12
20170426,2786141000,119219843,2905360843,4.1,370320174,7942879,378263053,2.1
20170427,2699484455,110105636,2809590091,3.92,358216171,8147992,366364163,2.22
20170428,2654955775,114732092,2769687867,4.14,358324127,8519148,366843275,2.32
20170429,2635906774,113365379,2749272153,4.12,353784611,7768048,361552659,2.15
20170430,2469439640,113081779,2582521419,4.38,341094760,7430052,348524812,2.13
20170501,2527361420,109419304,2636780724,4.15,352392235,7721550,360113785,2.14
20170502,2751829053,114623404,2866452457,4.0,365453823,8472180,373926003,2.27
20170503,2835991905,136411657,2972403562,4.59,373707361,7600062,381307423,1.99
20170504,2744572041,121931429,2866503470,4.25,365950788,7772331,373723119,2.08
20170505,2707408609,110947422,2818356031,3.94,360670250,7596942,368267192,2.06
20170506,2463769844,102240412,2566010256,3.98,345875025,7009542,352884567,1.99
20170507,2370638886,96809194,2467448080,3.92,346171751,7326747,353498498,2.07
20170508,2761745296,114459629,2876204925,3.98,350980757,7404377,358385134,2.07
20170509,2807022418,110260621,2917283039,3.78,359283774,7460016,366743790,2.03
20170510,2721233203,111069599,2832302802,3.92,358808537,7179285,365987822,1.96
20170511,2855878835,122729315,2978608150,4.12,357136874,7365758,364502632,2.02
20170512,2749993347,112440017,2862433364,3.93,354104636,7235660,361340296,2.0
20170513,2391327271,98581716,2489908987,3.96,344039703,7082967,351122670,2.02
20170514,2321024651,100395409,2421420060,4.15,341620057,6904844,348524901,1.98
20170515,2778725038,119434950,2898159988,4.12,348768733,7344386,356113119,2.06
20170516,2864187707,115444378,2979632085,3.87,349244472,7652484,356896956,2.14
20170517,2786673185,115097163,2901770348,3.97,355062756,7656457,362719213,2.11
20170518,2747227726,115449930,2862677656,4.03,359610728,8027178,367637906,2.18
20170519,2721433772,114011870,2835445642,4.02,358963922,7705536,366669458,2.1
20170520,2468792898,108041258,2576834156,4.19,342667749,7326424,349994173,2.09
20170521,2449411860,108363760,2557775620,4.24,346903056,7627778,354530834,2.15
20170522,2784304814,137267751,2921572565,4.7,357291199,7915465,365206664,2.17
20170523,2990738016,162455053,3153193069,5.15,360394292,8316065,368710357,2.26
20170524,2881795962,119858921,3001654883,3.99,358055591,8621000,366676591,2.35
20170525,2856968505,124384916,2981353421,4.17,356271964,7806946,364078910,2.14
20170526,2772366250,115153979,2887520229,3.99,354063190,7757101,361820291,2.14
20170527,2552242756,108086049,2660328805,4.06,343962261,6941228,350903489,1.98
20170528,2477685809,99009483,2576695292,3.84,340392663,6835644,347228307,1.97
20170529,2681633060,107507667,2789140727,3.85,347625446,7645254,355270700,2.15
20170530,2727539966,110212405,2837752371,3.88,358004321,7794733,365799054,2.13
20170531,2760825079,107826665,2868651744,3.76,358896158,8140170,367036328,2.22
20170601,2918408685,124202590,3042611275,4.08,364216874,8153869,372370743,2.19
20170602,2796366665,111965190,2908331855,3.85,359328153,8186356,367514509,2.23
20170603,2533739857,100522752,2634262609,3.82,355232526,8100978,363333504,2.23
20170604,2511221419,100518171,2611739590,3.85,352864918,8051557,360916475,2.23
20170605,2792029915,112474245,2904504160,3.87,356683166,8153552,364836718,2.23
20170606,2902960120,120861471,3023821591,4.0,367544580,8498192,376042772,2.26
20170607,2888061821,119834284,3007896105,3.98,370736495,8550539,379287034,2.25
20170608,2765807137,116832517,2882639654,4.05,373959218,7996909,381956127,2.09
20170609,2791087237,116388491,2907475728,4.0,371454811,8067228,379522039,2.13
20170610,2559768760,105768810,2665537570,3.97,350817723,7301761,358119484,2.04
20170611,2383509370,105872524,2489381894,4.25,354980880,7411415,362392295,2.05
20170612,2733400958,130419873,2863820831,4.55,381163080,8131987,389295067,2.09
20170613,2830867936,131346057,2962213993,4.43,405757541,8907107,414664648,2.15
20170614,2761844696,127127323,2888972019,4.4,404367022,9087618,413454640,2.2
20170615,2707363721,117182268,2824545989,4.15,405743122,10267894,416011016,2.47
20170616,2738716104,116690813,2855406917,4.09,400784479,9916992,410701471,2.41
20170617,2493251729,105024507,2598276236,4.04,379066144,7969966,387036110,2.06
20170618,2433053506,98907452,2531960958,3.91,386345145,8242861,394588006,2.09
20170619,2736443004,114749839,2851192843,4.02,407727014,8930338,416657352,2.14
20170620,2850400322,125823681,2976224003,4.23,407050786,8846108,415896894,2.13
20170621,2813694771,124377865,2938072636,4.23,402628975,8902129,411531104,2.16
20170622,2771562044,122487279,2894049323,4.23,396656875,9507211,406164086,2.34
20170623,2710668276,122742504,2833410780,4.33,386671670,9002622,395674292,2.28
20170624,2430370057,110737229,2541107286,4.36,370020745,8220487,378241232,2.17
20170625,2436229550,107706101,2543935651,4.23,374796767,7786565,382583332,2.04
20170626,2750986618,123654701,2874641319,4.3,390911605,8484795,399396400,2.12
20170627,2872863612,132522533,3005386145,4.41,401899531,9023395,410922926,2.2
20170628,2724362261,125211811,2849574072,4.39,394347833,8699365,403047198,2.16
20170629,2814160061,134273851,2948433912,4.55,395051078,8622640,403673718,2.14
20170630,2868457718,133152929,3001610647,4.44,395022354,8622080,403644434,2.14
20170701,2651622651,117367456,2768990107,4.24,386953059,7882025,394835084,2.0
20170702,2541654190,120777436,2662431626,4.54,379843870,7809809,387653679,2.01
20170703,2775529219,133712108,2909241327,4.6,391806172,8627861,400434033,2.15
20170704,2756926240,121877275,2878803515,4.23,390732819,8516143,399248962,2.13
20170705,2789686686,115550846,2905237532,3.98,384038861,8397643,392436504,2.14
20170706,2742693980,112130471,2854824451,3.93,366007130,8363239,374370369,2.23
20170707,2673050294,109320682,2782370976,3.93,363579963,8132040,371712003,2.19
20170708,2446820945,102223584,2549044529,4.01,347602026,7734829,355336855,2.18
20170709,2389819533,99026653,2488846186,3.98,347387800,7624867,355012667,2.15
20170710,2718123513,119349733,2837473246,4.21,366713747,8189002,374902749,2.18
20170711,2803567210,117378461,2920945671,4.02,371928042,8552212,380480254,2.25
20170712,2685164838,113368694,2798533532,4.05,370273953,8493403,378767356,2.24
20170713,2681328793,113055496,2794384289,4.05,366155365,8854256,375009621,2.36
20170714,2499814897,114015517,2613830414,4.36,370811130,8446510,379257640,2.23
20170715,2358216864,107519143,2465736007,4.36,356117962,8094094,364212056,2.22
20170716,2326085088,106863512,2432948600,4.39,352500294,8528092,361028386,2.36
20170717,2666745724,123088680,2789834404,4.41,369623447,9743884,379367331,2.57
20170718,2669580657,118323153,2787903810,4.24,369162552,8724584,377887136,2.31
20170719,2664859659,109153290,2774012949,3.93,371423896,8455878,379879774,2.23
20170720,2610353059,110640796,2720993855,4.07,368214332,8778022,376992354,2.33
20170721,2487445086,108779625,2596224711,4.19,367643151,8384828,376027979,2.23
20170722,2298346703,106189360,2404536063,4.42,345322602,7796081,353118683,2.21
20170723,2287467419,103186662,2390654081,4.32,345283376,7756702,353040078,2.2
20170724,2553823245,107119557,2660942802,4.03,358231764,8447826,366679590,2.3
20170725,2591602409,109455094,2701057503,4.05,361121899,8706345,369828244,2.35
20170726,2585369675,120167951,2705537626,4.44,366302969,8956404,375259373,2.39
20170727,2580790797,113370773,2694161570,4.21,366609935,9710400,376320335,2.58
20170728,2521019627,114928436,2635948063,4.36,358364925,9185825,367550750,2.5
20170729,2247420537,105326453,2352746990,4.48,344809827,8762153,353571980,2.48
20170730,2161185918,95583077,2256768995,4.24,342214397,8322392,350536789,2.37
20170731,2541702640,112099751,2653802391,4.22,364815664,9319210,374134874,2.49
20170801,2662186558,110937643,2773124201,4.0,371166924,9329323,380496247,2.45
20170802,2569304537,113814903,2683119440,4.24,367933670,9316406,377250076,2.47
20170803,2572940952,115332681,2688273633,4.29,367231438,9480308,376711746,2.52
20170804,2599075592,116950985,2716026577,4.31,366384228,9610373,375994601,2.56
20170805,2266187379,101401004,2367588383,4.28,342779267,8451160,351230427,2.41
20170806,2257427874,110675183,2368103057,4.67,345302127,8453825,353755952,2.39
20170807,2932770214,130404969,3063175183,4.26,386414437,11434246,397848683,2.87
20170808,2719680596,112003692,2831684288,3.96,371140513,9386403,380526916,2.47
20170809,2785946922,109093290,2895040212,3.77,365394319,9536740,374931059,2.54
20170810,2766283766,107385508,2873669274,3.74,375948303,12441595,388389898,3.2
20170811,2678521756,101645420,2780167176,3.66,378683568,15070857,393754425,3.83
20170812,2394154222,95724975,2489879197,3.84,363348225,14159644,377507869,3.75
20170813,2356040792,94539890,2450580682,3.86,363524509,13229478,376753987,3.51
20170814,2588347938,104403134,2692751072,3.88,376489867,14441500,390931367,3.69
20170815,2591778074,106991260,2698769334,3.96,380326727,15414949,395741676,3.9
20170816,2701120772,108118326,2809239098,3.85,382190397,14006849,396197246,3.54
20170817,2704259352,110633839,2814893191,3.93,369381022,9586492,378967514,2.53
20170818,2710355249,111576423,2821931672,3.95,362689350,9647076,372336426,2.59
20170819,2444520248,98250343,2542770591,3.86,349020788,9117123,358137911,2.55
20170820,2479890806,98289925,2578180731,3.81,349880086,8667251,358547337,2.42
20170821,2902730993,108318450,3011049443,3.6,364868115,9297380,374165495,2.48
20170822,2752493552,113642091,2866135643,3.96,367356870,9353906,376710776,2.48
20170823,2735283848,95376172,2830660020,3.37,338902445,9007987,347910432,2.59
20170824,2744044382,102423073,2846467455,3.6,304764413,9695467,314459880,3.08
20170825,2573256355,98690725,2671947080,3.69,307733687,10006093,317739780,3.15
20170826,2588486980,123033287,2711520267,4.54,298279477,9974790,308254267,3.24
20170827,2343445119,95259943,2438705062,3.91,290776971,9295525,300072496,3.1
20170828,2681235088,96679568,2777914656,3.48,303342992,9707898,313050890,3.1
20170829,2803615562,94729386,2898344948,3.27,310306315,9847383,320153698,3.08
20170830,2665861556,96468730,2762330286,3.49,301905127,9906631,311811758,3.18
20170831,2586162523,91273578,2677436101,3.41,307526968,9970600,317497568,3.14
20170901,2449257526,89610323,2538867849,3.53,300029288,9781651,309810939,3.16
20170902,2156306484,81479000,2237785484,3.64,275216021,8797794,284013815,3.1
20170903,2151348435,83321259,2234669694,3.73,273493315,8918061,282411376,3.16
20170904,2441991437,99947104,2541938541,3.93,284311613,9374530,293686143,3.19
20170905,2638779326,113243178,2752022504,4.11,290723834,10045009,300768843,3.34
20170906,2776925338,104776721,2881702059,3.64,305982290,10355550,316337840,3.27
20170907,2692583789,99166840,2791750629,3.55,289180328,9879198,299059526,3.3
20170908,2618202173,99278766,2717480939,3.65,281510177,9954138,291464315,3.42
20170909,2358456115,92244020,2450700135,3.76,298430594,9279737,307710331,3.02
20170910,2408911483,88785158,2497696641,3.55,309005169,9078973,318084142,2.85
20170911,2604042151,99533440,2703575591,3.68,282949393,9575238,292524631,3.27
20170912,2568529489,101655167,2670184656,3.81,284725723,9802350,294528073,3.33
20170913,2575698752,104389497,2680088249,3.9,283423381,10210190,293633571,3.48
20170914,2540649306,98708768,2639358074,3.74,286694247,10022268,296716515,3.38
20170915,2464705750,94842285,2559548035,3.71,282240604,9835922,292076526,3.37
20170916,2180762829,84641664,2265404493,3.74,262522506,9004243,271526749,3.32
20170917,2116891038,79747678,2196638716,3.63,266328373,8804371,275132744,3.2
20170918,2441496230,89650389,2531146619,3.54,279941379,9312487,289253866,3.22
20170919,2535176416,93554593,2628731009,3.56,290187335,9684920,299872255,3.23
20170920,2459804546,90957412,2550761958,3.57,283692983,9688791,293381774,3.3
20170921,2406428867,91578443,2498007310,3.67,280967345,9494883,290462228,3.27
20170922,2379414732,95408999,2474823731,3.86,282250812,9694115,291944927,3.32
20170923,2159161064,85573183,2244734247,3.81,269656484,9029217,278685701,3.24
20170924,2130303374,88819458,2219122832,4.0,264862876,8988358,273851234,3.28
20170925,2478940718,95654986,2574595704,3.72,279880599,9705753,289586352,3.35
20170926,2594775678,97157419,2691933097,3.61,293419903,9743890,303163793,3.21
20170927,2588526719,105509070,2694035789,3.92,295739333,10133830,305873163,3.31
20170928,2692878902,99378178,2792257080,3.56,290536632,10657468,301194100,3.54
20170929,2505533314,100481047,2606014361,3.86,282759022,9808564,292567586,3.35
20170930,2242510492,93971757,2336482249,4.02,268704053,9103118,277807171,3.28
20171001,2255290242,88820441,2344110683,3.79,273765040,9025571,282790611,3.19
20171002,2516063824,92798662,2608862486,3.56,283995499,9497103,293492602,3.24
20171003,2509031897,88504645,2597536542,3.41,289755676,9714865,299470541,3.24
20171004,2432245919,86559342,2518805261,3.44,278962847,10015174,288978021,3.47
20171005,2456403273,87451207,2543854480,3.44,279153274,9827342,288980616,3.4
20171006,2434516692,88531660,2523048352,3.51,282619818,9842054,292461872,3.37
20171007,2250938287,85322745,2336261032,3.65,271802506,9446187,281248693,3.36
20171008,2190922209,86512854,2277435063,3.8,272890645,9128225,282018870,3.24
20171009,2479975762,92398684,2572374446,3.59,290275409,9703213,299978622,3.23
20171010,2653295373,97848127,2751143500,3.56,294021937,10312845,304334782,3.39
20171011,2757004713,102362177,2859366890,3.58,321108999,9621621,330730620,2.91
20171012,2812521305,102912851,2915434156,3.53,356277947,10406802,366684749,2.84
20171013,2477226508,101906450,2579132958,3.95,284164719,9745332,293910051,3.32
20171014,2217126760,94049966,2311176726,4.07,269554710,9167235,278721945,3.29
20171015,2213469554,87707006,2301176560,3.81,269003672,9020878,278024550,3.24
20171016,2505057715,102485150,2607542865,3.93,278838165,9532768,288370933,3.31
20171017,2512466044,100896786,2613362830,3.86,285822193,11187553,297009746,3.77
20171018,2525966542,100382155,2626348697,3.82,291584170,9919808,301503978,3.29
20171019,2551016441,99038948,2650055389,3.74,288252881,10033176,298286057,3.36
20171020,2463931117,95363821,2559294938,3.73,283193257,9979582,293172839,3.4
20171021,2128834150,86760753,2215594903,3.92,269771240,9493369,279264609,3.4
20171022,2077820256,85704574,2163524830,3.96,267678346,9526129,277204475,3.44
20171023,2598574108,97510443,2696084551,3.62,280994759,10040342,291035101,3.45
20171024,2563397023,94197306,2657594329,3.54,289001862,10085562,299087424,3.37
20171025,2482915583,93411595,2576327178,3.63,281971682,10092702,292064384,3.46
20171026,2455553399,92756225,2548309624,3.64,280409911,9949565,290359476,3.43
20171027,2442625691,93653778,2536279469,3.69,281632222,10162521,291794743,3.48
20171028,2143305717,87108613,2230414330,3.91,278206369,10080352,288286721,3.5
20171029,2168798049,86402255,2255200304,3.83,279196235,9966140,289162375,3.45
20171030,2538509965,94505636,2633015601,3.59,294604807,10368609,304973416,3.4
20171031,2565007673,98124271,2663131944,3.68,296699468,10246592,306946060,3.34
20171101,2465749334,95509988,2561259322,3.73,292624761,10239958,302864719,3.38
20171102,2523122311,99057080,2622179391,3.78,290923789,10521521,301445310,3.49
20171103,2356653028,92754485,2449407513,3.79,287236916,10755420,297992336,3.61
20171104,2126861534,98712299,2225573833,4.44,272018571,10344186,282362757,3.66
20171105,2069809724,91900225,2161709949,4.25,272046889,10429007,282475896,3.69
20171106,2432899920,98060547,2530960467,3.87,283157931,10945754,294103685,3.72
20171107,2478033420,96450413,2574483833,3.75,292417286,11042714,303460000,3.64
20171108,2594377807,98751364,2693129171,3.67,291615370,11192878,302808248,3.7
20171109,2630417685,99341463,2729759148,3.64,294902292,11265264,306167556,3.68
20171110,2524910339,96631985,2621542324,3.69,293962729,11078491,305041220,3.63
20171111,2204006888,87032860,2291039748,3.8,262919123,10318118,273237241,3.78
20171112,2182353745,85825560,2268179305,3.78,259480769,10330102,269810871,3.83
20171113,1643681869,65173332,1708855201,3.81,230199371,9640746,239840117,4.02
20171114,1584403460,63578332,1647981792,3.86,232486359,10317357,242803716,4.25
20171115,1587269503,62894898,1650164401,3.81,226898246,9384152,236282398,3.97
20171116,1729471130,64975003,1794446133,3.62,224442953,9061734,233504687,3.88
20171117,1575563006,63304859,1638867865,3.86,222560140,8989013,231549153,3.88
20171118,1405168740,59965006,1465133746,4.09,214456675,8435393,222892068,3.78
20171119,1388299294,58653543,1446952837,4.05,213034848,8598985,221633833,3.88
20171120,1867155161,63763868,1930919029,3.3,223937604,9640313,233577917,4.13
20171121,2528619602,97915037,2626534639,3.73,285066623,12486539,297553162,4.2
20171122,2440354874,95258929,2535613803,3.76,284542451,11245603,295788054,3.8
20171123,2350445266,93191796,2443637062,3.81,277503618,11553072,289056690,4.0
20171124,2336270204,91187536,2427457740,3.76,269526367,11720194,281246561,4.17
20171125,2086675909,85156546,2171832455,3.92,258473683,10585391,269059074,3.93
20171126,2126387016,81831719,2208218735,3.71,259271525,10716693,269988218,3.97
20171127,2641755295,89177259,2730932554,3.27,270457270,11030679,281487949,3.92
20171128,2566482208,89694221,2656176429,3.38,271217242,11236424,282453666,3.98
20171129,2617017416,90457622,2707475038,3.34,279340936,11616574,290957510,3.99
20171130,2652389276,88704707,2741093983,3.24,279519838,11639545,291159383,4.0
20171201,2685968446,87002685,2772971131,3.14,280498824,11876350,292375174,4.06
20171202,2253080612,82660693,2335741305,3.54,268012560,10899777,278912337,3.91
20171203,2053343234,81752056,2135095290,3.83,266568161,11017587,277585748,3.97
20171204,2347929809,94967203,2442897012,3.89,278506586,11532552,290039138,3.98
20171205,2362997593,95847424,2458845017,3.9,275556600,11351891,286908491,3.96
20171206,2432254125,89178858,2521432983,3.54,268585525,10916675,279502200,3.91
20171207,2976643563,97714249,3074357812,3.18,264424328,11108734,275533062,4.03
20171208,2981428657,100927096,3082355753,3.27,260483918,10946192,271430110,4.03
20171209,2787748659,84444299,2872192958,2.94,247551930,10603826,258155756,4.11
20171210,2262998674,84590900,2347589574,3.6,249384758,10577173,259961931,4.07
20171211,2418273522,95120446,2513393968,3.78,270844308,11108497,281952805,3.94
20171212,2819619399,95253728,2914873127,3.27,273405471,11329113,284734584,3.98
20171213,3553366676,97706019,3651072695,2.68,269228299,11277103,280505402,4.02
20171214,3364253815,97116636,3461370451,2.81,269817323,11328233,281145556,4.03
20171215,3048374526,96424923,3144799449,3.07,278176630,11193104,289369734,3.87
20171216,3046285510,79959233,3126244743,2.56,269984854,10792314,280777168,3.84
20171217,2329418487,82007714,2411426201,3.4,262900504,10661568,273562072,3.9
20171218,3243421809,90944815,3334366624,2.73,267728369,11019725,278748094,3.95
20171219,3838079019,96626054,3934705073,2.46,276214737,11101783,287316520,3.86
20171220,2633921238,81249002,2715170240,2.99,284280880,11101097,295381977,3.76
20171221,2463728121,80313503,2544041624,3.16,286412401,11264287,297676688,3.78
20171222,2442593999,81264070,2523858069,3.22,284236937,11097120,295334057,3.76
20171223,2115014381,71886013,2186900394,3.29,271556719,10814778,282371497,3.83
20171224,2107562143,74666507,2182228650,3.42,267106000,10557261,277663261,3.8
20171225,2274364353,77021109,2351385462,3.28,260235461,10482254,270717715,3.87
20171226,2420183292,93501216,2513684508,3.72,277076208,10836832,287913040,3.76
20171227,2778031299,102841908,2880873207,3.57,286776355,11190744,297967099,3.76
20171228,3385291876,110348705,3495640581,3.16,288219807,11163187,299382994,3.73
20171229,3251453703,114482316,3365936019,3.4,282640162,11038317,293678479,3.76
20171230,2711893508,110040444,2821933952,3.9,272386934,10633122,283020056,3.76
20171231,2267757611,106465615,2374223226,4.48,260231334,10362913,270594247,3.83
20180101,2109842234,94503947,2204346181,4.29,265563782,10373139,275936921,3.76
20180102,2411517862,107125638,2518643500,4.25,284260507,11030103,295290610,3.74
20180103,2451274390,106308480,2557582870,4.16,302064625,11322292,313386917,3.61
20180104,2436812922,104895698,2541708620,4.13,292829394,11347695,304177089,3.73
20180105,2443231249,106667755,2549899004,4.18,340890473,11556452,352446925,3.28
20180106,2716696117,95970203,2812666320,3.41,298436883,10751491,309188374,3.48
20180107,2624102026,94482510,2718584536,3.48,296384546,10656206,307040752,3.47
20180108,2728405932,98661293,2827067225,3.49,306383044,11426951,317809995,3.6
20180109,2507651716,103053040,2610704756,3.95,309247269,11670690,320917959,3.64
20180110,2516962798,121303243,2638266041,4.6,304981807,11648820,316630627,3.68
20180111,2560251812,109656317,2669908129,4.11,307330828,11720549,319051377,3.67
20180112,2523399615,104497567,2627897182,3.98,310914447,11674449,322588896,3.62
20180113,2171486098,88701447,2260187545,3.92,302206969,11066571,313273540,3.53
20180114,2148619826,87434553,2236054379,3.91,305993677,11073672,317067349,3.49
20180115,2539065787,104850295,2643916082,3.97,314383952,11860038,326243990,3.64
20180116,2772787827,104187750,2876975577,3.62,325614378,11913812,337528190,3.53
20180117,2844104121,104675521,2948779642,3.55,327546260,11971089,339517349,3.53
20180118,2937916975,112122558,3050039533,3.68,327989905,12058660,340048565,3.55
20180119,2602095776,106426120,2708521896,3.93,301083426,11382643,312466069,3.64
20180120,2492695944,100858899,2593554843,3.89,288505520,11146977,299652497,3.72
20180121,2629520538,95866725,2725387263,3.52,290677689,11125525,301803214,3.69
20180122,2955038025,105288992,3060327017,3.44,297249018,11686712,308935730,3.78
20180123,2956861887,107076994,3063938881,3.49,300882629,11751630,312634259,3.76
20180124,2626988635,103718784,2730707419,3.8,305035853,11838896,316874749,3.74
20180125,2673448847,109243461,2782692308,3.93,297375404,11824857,309200261,3.82
20180126,2425746374,92565047,2518311421,3.68,263301508,9358720,272660228,3.43
20180127,1953583203,72891697,2026474900,3.6,230672500,7499931,238172431,3.15
20180128,1787371814,65921583,1853293397,3.56,204193952,6672526,210866478,3.16
20180129,2133260333,74744784,2208005117,3.39,212116573,6836811,218953384,3.12
20180130,2136732938,76360043,2213092981,3.45,217711383,7070837,224782220,3.15
20180131,2216984772,77002985,2293987757,3.36,223335281,7156508,230491789,3.1
20180201,2202042426,77384893,2279427319,3.39,221788687,7403578,229192265,3.23
20180202,2082535499,74135641,2156671140,3.44,220858313,7148804,228007117,3.14
20180203,1807612954,66383153,1873996107,3.54,216817537,6818718,223636255,3.05
20180204,1755832483,64574351,1820406834,3.55,213460598,6699214,220159812,3.04
20180205,2009642385,72931768,2082574153,3.5,236402413,7067697,243470110,2.9
20180206,2132668504,78352036,2211020540,3.54,254300619,7342507,261643126,2.81
20180207,2719486864,102597117,2822083981,3.64,316788107,12022975,328811082,3.66
20180208,2657113752,102412805,2759526557,3.71,308453861,12217206,320671067,3.81
20180209,2599716866,106335214,2706052080,3.93,309962487,11957328,321919815,3.71
20180210,2360067664,97158356,2457226020,3.95,302658964,11386860,314045824,3.63
20180211,2414313379,98691776,2513005155,3.93,303428932,11558078,314987010,3.67
20180212,2617904364,104763880,2722668244,3.85,313927314,12242461,326169775,3.75
20180213,2626239241,106632786,2732872027,3.9,314390136,12087130,326477266,3.7
20180214,2582353286,106058333,2688411619,3.95,322500048,12227327,334727375,3.65
20180215,2629361121,115292057,2744653178,4.2,329371050,12119031,341490081,3.55
20180216,2546142980,107731564,2653874544,4.06,323418838,12165156,335583994,3.63
20180217,2379323151,105112522,2484435673,4.23,312750818,11570663,324321481,3.57
20180218,2462211029,110084199,2572295228,4.28,314091372,11576152,325667524,3.55
20180219,2701088048,108744391,2809832439,3.87,324406265,11937176,336343441,3.55
20180220,3257747276,110861085,3368608361,3.29,330054237,12017291,342071528,3.51
20180221,3158422224,107418488,3265840712,3.29,333572968,12148464,345721432,3.51
20180222,3077312973,115627635,3192940608,3.62,339297713,12452709,351750422,3.54
20180223,2603754026,113179111,2716933137,4.17,329807107,12400765,342207872,3.62
20180224,2411151887,106385411,2517537298,4.23,319508253,11814422,331322675,3.57
20180225,2390518188,105591537,2496109725,4.23,328746957,11980156,340727113,3.52
20180226,2800038249,118527415,2918565664,4.06,340456198,12547112,353003310,3.55
20180227,2793337462,123191410,2916528872,4.22,361736268,12528053,374264321,3.35
20180228,2789799442,125285481,2915084923,4.3,347271997,12812439,360084436,3.56
20180301,2769329321,123842017,2893171338,4.28,349366827,12922938,362289765,3.57
20180302,2722834178,119787242,2842621420,4.21,347330612,12699721,360030333,3.53
20180303,2770396309,112144750,2882541059,3.89,335726964,12186566,347913530,3.5
20180304,2707154617,109725075,2816879692,3.9,342827684,12254094,355081778,3.45
20180305,2971716475,114900603,3086617078,3.72,384883123,13084152,397967275,3.29
20180306,2757196948,115734001,2872930949,4.03,349503801,13124083,362627884,3.62
20180307,2768504004,116353331,2884857335,4.03,346747048,12842677,359589725,3.57
20180308,2725987523,111963988,2837951511,3.95,345096355,13268304,358364659,3.7
20180309,2691165854,109947333,2801113187,3.93,347341480,13407904,360749384,3.72
20180310,2451194776,103425331,2554620107,4.05,335075336,12252967,347328303,3.53
20180311,2419145669,102118760,2521264429,4.05,337341002,12363211,349704213,3.54
20180312,2726636545,111751428,2838387973,3.94,349269356,13470425,362739781,3.71
20180313,2822523068,111657113,2934180181,3.81,363685204,13853323,377538527,3.67
20180314,2904809006,110433475,3015242481,3.66,364723728,13861750,378585478,3.66
20180315,3333285563,109157377,3442442940,3.17,361140392,14036656,375177048,3.74
20180316,3813297223,108554834,3921852057,2.77,348827009,13722601,362549610,3.79
20180317,3536428690,104222698,3640651388,2.86,329946717,13494904,343441621,3.93
20180318,2747371636,102733039,2850104675,3.6,330187443,13383639,343571082,3.9
20180319,2910579493,108763868,3019343361,3.6,338557257,14470087,353027344,4.1
20180320,2960033084,108634032,3068667116,3.54,342640611,14309136,356949747,4.01
20180321,2793516888,104670112,2898187000,3.61,343732244,14380634,358112878,4.02
20180322,2794334559,104653415,2898987974,3.61,343137442,14494310,357631752,4.05
20180323,2683567000,104129408,2787696408,3.74,340296443,14317956,354614399,4.04
20180324,2435100424,96857854,2531958278,3.83,324564710,12833428,337398138,3.8
20180325,2415212364,97995370,2513207734,3.9,322843656,12444397,335288053,3.71
20180326,2723658273,106477540,2830135813,3.76,341695010,13569812,355264822,3.82
20180327,3025014420,108110851,3133125271,3.45,355096647,13718145,368814792,3.72
20180328,3194998368,107514253,3302512621,3.26,356523650,14319984,370843634,3.86
20180329,3175396603,110479694,3285876297,3.36,353821070,14334475,368155545,3.89
20180330,2708205703,103059064,2811264767,3.67,347232851,13532633,360765484,3.75
20180331,2442132999,101976837,2544109836,4.01,334718343,13101538,347819881,3.77
20180401,1999464386,76357167,2075821553,3.68,327064518,12971832,340036350,3.81
20180402,2202644933,83462537,2286107470,3.65,337585413,13634047,351219460,3.88
20180403,2399302109,89259986,2488562095,3.59,357989818,14460259,372450077,3.88
20180404,2601827126,98285767,2700112893,3.64,298411563,12352478,310764041,3.97
20180405,2784285797,109423008,2893708805,3.78,379508203,14614484,394122687,3.71
20180406,2695268526,111679587,2806948113,3.98,392297175,14723003,407020178,3.62
20180407,2448049709,103762337,2551812046,4.07,330594383,13866723,344461106,4.03
20180408,2498774907,107975806,2606750713,4.14,333507440,13702670,347210110,3.95
20180409,2877599194,112974023,2990573217,3.78,348321165,14594923,362916088,4.02
20180410,3141174540,115115289,3256289829,3.54,356768579,14947894,371716473,4.02
20180411,3117253181,118369015,3235622196,3.66,360380485,14860749,375241234,3.96
20180412,3155810618,114143179,3269953797,3.49,357310253,14875462,372185715,4.0
20180413,3265661986,113134676,3378796662,3.35,359027642,14735763,373763405,3.94
20180414,2628487468,102319011,2730806479,3.75,332507624,13518110,346025734,3.91
20180415,2639422961,100302817,2739725778,3.66,330511730,13312179,343823909,3.87
20180416,2822204157,109517654,2931721811,3.74,338658609,14222861,352881470,4.03
20180417,2885016808,111099137,2996115945,3.71,345257462,14587441,359844903,4.05
20180418,3017443454,113958868,3131402322,3.64,347590206,14824134,362414340,4.09
20180419,3251851578,116726050,3368577628,3.47,346819220,14846105,361665325,4.1
20180420,3283438284,114979609,3398417893,3.38,347596284,15334832,362931116,4.23
20180421,2970465335,109626112,3080091447,3.56,328396699,13911999,342308698,4.06
20180422,2609317349,106295967,2715613316,3.91,332734193,12944357,345678550,3.74
20180423,2851206527,117171544,2968378071,3.95,347795860,13803266,361599126,3.82
20180424,2945317376,117285960,3062603336,3.83,358048224,14133613,372181837,3.8
20180425,3053959644,128061830,3182021474,4.02,359121644,14092674,373214318,3.78
20180426,2962581065,136031200,3098612265,4.39,358042544,14574172,372616716,3.91
20180427,2967039132,133471687,3100510819,4.3,351024493,14073008,365097501,3.85
20180428,2810401761,133883128,2944284889,4.55,332308427,12814187,345122614,3.71
20180429,2606197398,132603514,2738800912,4.84,343414332,12592183,356006515,3.54
20180430,2933902642,138430848,3072333490,4.51,347587510,13500571,361088081,3.74
20180501,3172556603,132748039,3305304642,4.02,359334308,13245897,372580205,3.56
20180502,3330896853,136969231,3467866084,3.95,372600186,14154942,386755128,3.66
20180503,3140567208,139276643,3279843851,4.25,399532373,15468932,415001305,3.73
20180504,3024263658,131111604,3155375262,4.16,406629362,14917840,421547202,3.54
20180505,2774166813,121756237,2895923050,4.2,355323941,13870811,369194752,3.76
20180506,2740500118,122527284,2863027402,4.28,343184445,13592526,356776971,3.81
20180507,3086507158,130121960,3216629118,4.05,370521205,14524226,385045431,3.77
20180508,3141273708,137700719,3278974427,4.2,383659736,14800316,398460052,3.71
20180509,3227597753,136642677,3364240430,4.06,379806218,14887140,394693358,3.77
20180510,3261912611,127876249,3389788860,3.77,388428022,15036512,403464534,3.73
20180511,3172574441,120567529,3293141970,3.66,400320703,16124771,416445474,3.87
20180512,2875542022,116014213,2991556235,3.88,365029719,13984664,379014383,3.69
20180513,3344434635,117743807,3462178442,3.4,367211229,14052579,381263808,3.69
20180514,4078434617,119826082,4198260699,2.85,370968829,14934668,385903497,3.87
20180515,3176657482,122906884,3299564366,3.72,384373361,15711308,400084669,3.93
20180516,3189878374,120318641,3310197015,3.63,395433624,16840343,412273967,4.08
20180517,3038904087,116162887,3155066974,3.68,375359039,15201730,390560769,3.89
20180518,3052323239,115723637,3168046876,3.65,375804210,15903023,391707233,4.06
20180519,2702352471,108761510,2811113981,3.87,358954612,15809525,374764137,4.22
20180520,2645986636,106109287,2752095923,3.86,352138153,15316798,367454951,4.17
20180521,2980772577,115946739,3096719316,3.74,378480301,18634667,397114968,4.69
20180522,3046188328,116456521,3162644849,3.68,378577535,15579173,394156708,3.95
20180523,3023034178,115476696,3138510874,3.68,383056344,15740457,398796801,3.95
20180524,3190198554,121056131,3311254685,3.66,372730933,15464911,388195844,3.98
20180525,3459216106,115668517,3574884623,3.24,374754632,15255117,390009749,3.91
20180526,2646077737,106566192,2752643929,3.87,353980349,14540820,368521169,3.95
20180527,2547627206,106385289,2654012495,4.01,355809061,14285640,370094701,3.86
20180528,3061973230,120433899,3182407129,3.78,369061157,14506773,383567930,3.78
20180529,3235679659,123649920,3359329579,3.68,425038187,15120376,440158563,3.44
20180530,3124302078,125093116,3249395194,3.85,401418976,15564949,416983925,3.73
20180531,3080376134,126874839,3207250973,3.96,394461220,14878234,409339454,3.63
20180601,3040868574,123692748,3164561322,3.91,389170810,15432643,404603453,3.81
20180602,2730851398,112075988,2842927386,3.94,373432022,14414296,387846318,3.72
20180603,2770127620,109166845,2879294465,3.79,384967384,14171493,399138877,3.55
20180604,3162648011,122250934,3284898945,3.72,470722343,15352728,486075071,3.16
20180605,3175445367,131216158,3306661525,3.97,438565334,15716210,454281544,3.46
20180606,3121572333,128227845,3249800178,3.95,420702742,15580063,436282805,3.57
20180607,3169150479,127832361,3296982840,3.88,403344398,15514650,418859048,3.7
20180608,3105162443,127136144,3232298587,3.93,408969817,15883139,424852956,3.74
20180609,2856068992,132769569,2988838561,4.44,386773161,14860796,401633957,3.7
20180610,2681703753,125726666,2807430419,4.48,380028765,14812981,394841746,3.75
20180611,3186547071,131913452,3318460523,3.98,400901586,15924748,416826334,3.82
20180612,3317232388,136133757,3453366145,3.94,446477670,16624131,463101801,3.59
20180613,3266561882,132625630,3399187512,3.9,418138809,16221117,434359926,3.73
20180614,3240097535,134488033,3374585568,3.99,427518384,16353415,443871799,3.68
20180615,3186670530,124755608,3311426138,3.77,414360290,16296456,430656746,3.78
20180616,2976101075,114323219,3090424294,3.7,388045532,15726179,403771711,3.89
20180617,2873270800,114695949,2987966749,3.84,370986613,15683688,386670301,4.06
20180618,3073821890,123649389,3197471279,3.87,380810113,16195182,397005295,4.08
20180619,3164727478,127506385,3292233863,3.87,392603367,16571395,409174762,4.05
20180620,3151981765,137354472,3289336237,4.18,381850800,18295035,400145835,4.57
20180621,3294332279,126790029,3421122308,3.71,385830195,16459364,402289559,4.09
20180622,3347882443,127737075,3475619518,3.68,392722291,16820032,409542323,4.11
20180623,2944250403,112928158,3057178561,3.69,363816166,15623664,379439830,4.12
20180624,2802759451,105794478,2908553929,3.64,362206459,15620933,377827392,4.13
20180625,3131356088,123369821,3254725909,3.79,382641572,16498135,399139707,4.13
20180626,3214100970,127120395,3341221365,3.8,399210893,16744478,415955371,4.03
20180627,3157905200,124123552,3282028752,3.78,394841923,17325844,412167767,4.2
20180628,3172754904,126632693,3299387597,3.84,387582324,17518884,405101208,4.32
20180629,3125930535,147193733,3273124268,4.5,412298888,18251574,430550462,4.24
20180630,2779023769,131441850,2910465619,4.52,377515596,16107208,393622804,4.09
20180701,2749583577,117495841,2867079418,4.1,367783039,16087403,383870442,4.19
20180702,3181520266,131684464,3313204730,3.97,402292973,16895320,419188293,4.03
20180703,3254848296,133228619,3388076915,3.93,406712546,17823960,424536506,4.2
20180704,3133601556,127861000,3261462556,3.92,388850569,17358454,406209023,4.27
20180705,3220273505,139112435,3359385940,4.14,452939925,17325861,470265786,3.68
20180706,3059741068,126001834,3185742902,3.96,389990446,17007591,406998037,4.18
20180707,2653441570,116201292,2769642862,4.2,353980530,16180926,370161456,4.37
20180708,2595521611,111322503,2706844114,4.11,353418344,16216304,369634648,4.39
20180709,3066025872,125573203,3191599075,3.93,388037852,17586949,405624801,4.34
20180710,3092743816,127768277,3220512093,3.97,407220319,17953800,425174119,4.22
20180711,3084492389,131679588,3216171977,4.09,362879695,16544742,379424437,4.36
20180712,3062244288,129647245,3191891533,4.06,383570285,17521605,401091890,4.37
20180713,2978491420,122741670,3101233090,3.96,389010888,17712063,406722951,4.35
20180714,2680189470,115799670,2795989140,4.14,371169876,16862764,388032640,4.35
20180715,2628588946,112378624,2740967570,4.1,359491891,16384938,375876829,4.36
20180716,2921271272,123278554,3044549826,4.05,384211629,17274253,401485882,4.3
20180717,3025358675,125989743,3151348418,4.0,392950069,16659283,409609352,4.07
20180718,2990323254,124773923,3115097177,4.01,380225469,16987990,397213459,4.28
20180719,3031598995,127441961,3159040956,4.03,378791045,16411262,395202307,4.15
20180720,3060926502,130001869,3190928371,4.07,375835720,16169749,392005469,4.12
20180721,2753844731,117114033,2870958764,4.08,360928033,15425233,376353266,4.1
20180722,2682503708,113207855,2795711563,4.05,335412439,14675295,350087734,4.19
20180723,3115296346,129343127,3244639473,3.99,370813787,16026779,386840566,4.14
20180724,3140644410,131839645,3272484055,4.03,394216464,16878670,411095134,4.11
20180725,3136583793,133782336,3270366129,4.09,377273888,16658596,393932484,4.23
20180726,3084659949,131061389,3215721338,4.08,398743461,18135611,416879072,4.35
20180727,3075922266,131845448,3207767714,4.11,413369825,18613847,431983672,4.31
20180728,2862131827,129618685,2991750512,4.33,422124058,18137767,440261825,4.12
20180729,3127145163,128534801,3255679964,3.95,527369433,18310423,545679856,3.36
20180730,3546925931,136003296,3682929227,3.69,546351532,20308163,566659695,3.58
20180731,3692640796,145201026,3837841822,3.78,526429930,18904531,545334461,3.47
20180801,3675749950,145216202,3820966152,3.8,542123516,19370755,561494271,3.45
20180802,3142840548,132892478,3275733026,4.06,401758015,21342125,423100140,5.04
20180803,3006352780,132541356,3138894136,4.22,381614926,22041766,403656692,5.46
20180804,2758281463,118787657,2877069120,4.13,380635067,20212113,400847180,5.04
20180805,2804642820,115525169,2920167989,3.96,476769127,21185956,497955083,4.25
20180806,3222998216,133772284,3356770500,3.99,398169231,22172240,420341471,5.27
20180807,3154873415,135104112,3289977527,4.11,406553204,20762812,427316016,4.86
20180808,3494321970,144241036,3638563006,3.96,456691064,21904516,478595580,4.58
20180809,3294334952,147560107,3441895059,4.29,433530883,22363390,455894273,4.91
20180810,3235425657,136475696,3371901353,4.05,423671670,22053835,445725505,4.95
20180811,2845541944,126632957,2972174901,4.26,385374410,20218033,405592443,4.98
20180812,2843789652,124260098,2968049750,4.19,377539029,20199560,397738589,5.08
20180813,3159837030,137138530,3296975560,4.16,399482046,20526551,420008597,4.89
20180814,3090763625,136473017,3227236642,4.23,409839057,22502137,432341194,5.2
20180815,3118764292,131403898,3250168190,4.04,409855509,21486385,431341894,4.98
20180816,2933714612,127144613,3060859225,4.15,406545163,22075207,428620370,5.15
20180817,2964708479,127973163,3092681642,4.14,383918100,22323748,406241848,5.5
20180818,2641966984,114839103,2756806087,4.17,364385472,21155717,385541189,5.49
20180819,2629278895,115826055,2745104950,4.22,362730354,21809085,384539439,5.67
20180820,3048668153,136933177,3185601330,4.3,388463401,22113730,410577131,5.39
20180821,3098639421,138043658,3236683079,4.26,402956969,23167621,426124590,5.44
20180822,3105687149,140913522,3246600671,4.34,417994490,23182017,441176507,5.25
20180823,2806160161,127728944,2933889105,4.35,426993585,23396635,450390220,5.19
20180824,3140115298,140037334,3280152632,4.27,411007465,22397563,433405028,5.17
20180825,2808561207,122773216,2931334423,4.19,393057189,21046103,414103292,5.08
20180826,2759342637,127216069,2886558706,4.41,379820154,20235143,400055297,5.06
20180827,3030807296,134810487,3165617783,4.26,407860372,20763827,428624199,4.84
20180828,2987463216,131349649,3118812865,4.21,433293733,22631258,455924991,4.96
20180829,3179389004,138710978,3318099982,4.18,458770089,21162946,479933035,4.41
20180830,3196761312,137913441,3334674753,4.14,455785646,22663890,478449536,4.74
20180831,3129667124,140047590,3269714714,4.28,444631795,22445619,467077414,4.81
20180901,2808436272,124199440,2932635712,4.24,424824804,20290042,445114846,4.56
20180902,2768391017,123454751,2891845768,4.27,417263273,19999770,437263043,4.57
20180903,3145840736,133522031,3279362767,4.07,492606435,21616107,514222542,4.2
20180904,3268792603,140564574,3409357177,4.12,453820485,20417512,474237997,4.31
20180905,3285977722,140561454,3426539176,4.1,474080351,21148143,495228494,4.27
20180906,3304909473,133327744,3438237217,3.88,474461966,20806028,495267994,4.2
20180907,3343655421,140590620,3484246041,4.04,460454543,22421770,482876313,4.64
20180908,2992277919,128210148,3120488067,4.11,449053113,19663353,468716466,4.2
20180909,2959493797,125668576,3085162373,4.07,449435610,19300716,468736326,4.12
20180910,3354979432,143846060,3498825492,4.11,461672592,20402220,482074812,4.23
20180911,3421950014,148069354,3570019368,4.15,460987461,20187302,481174763,4.2
20180912,3507166315,155362095,3662528410,4.24,475656093,20896924,496553017,4.21
20180913,3580542573,162843401,3743385974,4.35,464695627,22043812,486739439,4.53
20180914,3506342680,162992457,3669335137,4.44,466741223,22181447,488922670,4.54
20180915,3069129366,145275205,3214404571,4.52,443518929,20851230,464370159,4.49
20180916,3033454753,139433217,3172887970,4.39,450627430,20689699,471317129,4.39
20180917,3394582618,158095068,3552677686,4.45,458012767,22324214,480336981,4.65
20180918,3591411098,159326292,3750737390,4.25,486212770,23989651,510202421,4.7
20180919,3499703674,158516132,3658219806,4.33,491766271,24466137,516232408,4.74
20180920,3520937022,156960139,3677897161,4.27,496695827,25270999,521966826,4.84
20180921,3806015075,155075676,3961090751,3.91,583312781,27569437,610882218,4.51
20180922,3568851236,141691959,3710543195,3.82,584465929,25087568,609553497,4.12
20180923,3455168208,145991215,3601159423,4.05,563185734,25379594,588565328,4.31
20180924,3355215897,140347248,3495563145,4.02,503957208,24259789,528216997,4.59
20180925,3703641361,154039261,3857680622,3.99,537173919,27104767,564278686,4.8
20180926,3734250255,159312739,3893562994,4.09,534147851,25873688,560021539,4.62
20180927,3809105983,189603157,3998709140,4.74,526811240,24398632,551209872,4.43
20180928,3580517840,156242539,3736760379,4.18,541623502,25637482,567260984,4.52
20180929,3366119970,150585940,3516705910,4.28,534819011,24859619,559678630,4.44
20180930,3158962984,150233732,3309196716,4.54,518091023,24586475,542677498,4.53
20181001,3571667085,165599130,3737266215,4.43,509578797,23315835,532894632,4.38
20181002,3542022874,163808240,3705831114,4.42,518971593,23743365,542714958,4.37
20181003,3595046303,158838051,3753884354,4.23,566788703,22757582,589546285,3.86
20181004,3467347503,152578811,3619926314,4.21,524678231,22968330,547646561,4.19
20181005,3485614498,150026383,3635640881,4.13,524999609,23365940,548365549,4.26
20181006,3202342369,138651251,3340993620,4.15,495573901,22787343,518361244,4.4
20181007,3140531256,133399023,3273930279,4.07,483351139,23055206,506406345,4.55
20181008,3418539446,140721751,3559261197,3.95,512842524,24055265,536897789,4.48
20181009,3522290823,149804424,3672095247,4.08,514682565,24634317,539316882,4.57
20181010,3553043845,148483470,3701527315,4.01,501453405,24649030,526102435,4.69
20181011,3565815390,150911730,3716727120,4.06,495918831,23937953,519856784,4.6
20181012,3512371596,149751796,3662123392,4.09,502609850,25076637,527686487,4.75
20181013,3229588905,144864237,3374453142,4.29,494232062,25017076,519249138,4.82
20181014,3172199279,137082493,3309281772,4.14,488804168,23152141,511956309,4.52
20181015,3586532408,149987863,3736520271,4.01,505764501,24209953,529974454,4.57
20181016,3674957241,146456896,3821414137,3.83,511286244,24613264,535899508,4.59
20181017,3560615886,131834802,3692450688,3.57,517396136,26005454,543401590,4.79
20181018,3534131910,138016552,3672148462,3.76,509112511,25811084,534923595,4.83
20181019,3495585322,143011419,3638596741,3.93,524842497,26634466,551476963,4.83
20181020,3181147592,138459056,3319606648,4.17,521047614,25915009,546962623,4.74
20181021,3154045844,130641897,3284687741,3.98,508808456,24128173,532936629,4.53
20181022,3669832231,152519881,3822352112,3.99,532163161,26101590,558264751,4.68
20181023,3700265659,150824716,3851090375,3.92,537926818,25451546,563378364,4.52
20181024,3579735264,153531925,3733267189,4.11,537118643,25940124,563058767,4.61
20181025,3544018449,159989009,3704007458,4.32,517238248,25132618,542370866,4.63
20181026,3414008621,155474353,3569482974,4.36,518160167,24424498,542584665,4.5
20181027,3023274044,131963784,3155237828,4.18,485001114,21669846,506670960,4.28
20181028,3006142279,143369851,3149512130,4.55,486133610,22958205,509091815,4.51
20181029,3375538565,149703448,3525242013,4.25,534023025,25034246,559057271,4.48
20181030,3478472138,155397786,3633869924,4.28,553845163,25126592,578971755,4.34
20181031,3413847547,153292994,3567140541,4.3,547449162,27821015,575270177,4.84
20181101,3400000193,151126776,3551126969,4.26,595111091,27642071,622753162,4.44
20181102,3434828438,162812218,3597640656,4.53,614738335,29270013,644008348,4.54
20181103,3110631950,149850633,3260482583,4.6,528367768,29711425,558079193,5.32
20181104,3072563675,141190762,3213754437,4.39,522538388,28165402,550703790,5.11
20181105,3385090671,156325186,3541415857,4.41,522507546,29486466,551994012,5.34
20181106,3414327027,159587256,3573914283,4.47,529037380,30048661,559086041,5.37
20181107,3351626849,154586271,3506213120,4.41,530818891,30455206,561274097,5.43
20181108,3431037244,163684024,3594721268,4.55,525930422,28909278,554839700,5.21
20181109,3377688039,160345346,3538033385,4.53,528317842,28707414,557025256,5.15
20181110,3142732487,149794760,3292527247,4.55,508646470,27626740,536273210,5.15
20181111,3125983956,151866952,3277850908,4.63,500584425,27772655,528357080,5.26
20181112,3470913109,161343119,3632256228,4.44,540506173,28571170,569077343,5.02
20181113,3535423878,170041290,3705465168,4.59,540296961,30673705,570970666,5.37
20181114,3599173501,182877137,3782050638,4.84,528026418,30459616,558486034,5.45
20181115,3617018676,175390622,3792409298,4.62,543745215,30006992,573752207,5.23
20181116,3542620914,169985533,3712606447,4.58,546127626,30856658,576984284,5.35
20181117,3191040919,148439309,3339480228,4.44,521384261,28870229,550254490,5.25
20181118,3099361151,146724975,3246086126,4.52,512729044,29362450,542091494,5.42
20181119,3539511127,164734753,3704245880,4.45,539264802,30460158,569724960,5.35
20181120,3865538668,176730029,4042268697,4.37,634811892,31002852,665814744,4.66
20181121,3656572836,169492841,3826065677,4.43,580507112,29985943,610493055,4.91
20181122,3711465416,184513581,3895978997,4.74,566661107,29302866,595963973,4.92
20181123,3594226068,186843146,3781069214,4.94,571202104,30977165,602179269,5.14
20181124,3177138484,181321508,3358459992,5.4,539323307,29843715,569167022,5.24
20181125,3235457343,179225087,3414682430,5.25,558423974,35154159,593578133,5.92
20181126,3676543747,186202428,3862746175,4.82,580850881,33869862,614720743,5.51
20181127,3745620013,183783333,3929403346,4.68,594773453,31561802,626335255,5.04
20181128,3746215052,194886452,3941101504,4.94,600906276,31321734,632228010,4.95
20181129,3701700135,190121895,3891822030,4.89,621119082,34441415,655560497,5.25
20181130,3529571423,187392234,3716963657,5.04,587552000,32367571,619919571,5.22
20181201,3193461753,165549527,3359011280,4.93,561853797,30968473,592822270,5.22
20181202,3160724107,171863040,3332587147,5.16,561419297,30140784,591560081,5.1
20181203,3635321648,200953787,3836275435,5.24,581067782,31581558,612649340,5.15
20181204,3658466355,199188706,3857655061,5.16,591276394,31578121,622854515,5.07
20181205,3669988465,208485029,3878473494,5.38,673331681,32556960,705888641,4.61
20181206,3780074445,247725147,4027799592,6.15,656553404,35068659,691622063,5.07
20181207,3656313107,219725492,3876038599,5.67,638135906,31760319,669896225,4.74
20181208,3247597676,189605783,3437203459,5.52,620934509,32070154,653004663,4.91
20181209,3192216140,193549887,3385766027,5.72,598330675,29452407,627783082,4.69
20181210,3649137917,221540359,3870678276,5.72,636949753,33229601,670179354,4.96
20181211,3857535924,235627227,4093163151,5.76,714103149,42614886,756718035,5.63
20181212,3821997914,230079033,4052076947,5.68,653130178,38099589,691229767,5.51
20181213,3757907599,225285688,3983193287,5.66,620883410,32187731,653071141,4.93
20181214,3649186106,217902610,3867088716,5.63,621401433,34829452,656230885,5.31
20181215,3412932782,211927393,3624860175,5.85,607242262,33330721,640572983,5.2
20181216,3316504825,208011368,3524516193,5.9,596366329,32532085,628898414,5.17
20181217,3642941112,212242634,3855183746,5.51,631241779,33852527,665094306,5.09
20181218,3686732537,221354237,3908086774,5.66,630350110,37333427,667683537,5.59
20181219,3671088750,218109965,3889198715,5.61,634805108,39539324,674344432,5.86
20181220,3649929158,207422128,3857351286,5.38,634603250,39320177,673923427,5.83
20181221,3645508672,219660254,3865168926,5.68,625974415,35456762,661431177,5.36
20181222,3363366332,214478186,3577844518,5.99,605704248,33413422,639117670,5.23
20181223,3225267497,184693325,3409960822,5.42,588729348,32311466,621040814,5.2
20181224,3381891322,195595770,3577487092,5.47,599953038,32208387,632161425,5.09
20181225,3401579151,205641644,3607220795,5.7,595341049,33802179,629143228,5.37
20181226,3512882213,219990826,3732873039,5.89,625836325,34964906,660801231,5.29
20181227,3567569234,206808565,3774377799,5.48,626628952,35036758,661665710,5.3
20181228,3605405419,206779435,3812184854,5.42,621769573,35812789,657582362,5.45
20181229,3390911395,200279523,3591190918,5.58,607773221,33774464,641547685,5.26
20181230,3353205509,207079456,3560284965,5.82,605033466,34053645,639087111,5.33
20181231,3407810201,207072121,3614882322,5.73,621722235,36901074,658623309,5.6
20190101,3292984545,190936012,3483920557,5.48,610707406,35696647,646404053,5.52
20190102,3521168547,200354293,3721522840,5.38,649966619,37453144,687419763,5.45
20190103,3610731111,216176547,3826907658,5.65,635389044,36741820,672130864,5.47
20190104,3607337672,220522443,3827860115,5.76,636014874,36639959,672654833,5.45
20190105,3278530512,199146801,3477677313,5.73,615288632,36622448,651911080,5.62
20190106,3241395288,196398781,3437794069,5.71,612205205,35056490,647261695,5.42
20190107,3621318626,223820790,3845139416,5.82,630720791,37997059,668717850,5.68
20190108,4111279485,216498520,4327778005,5.0,644320282,38679903,683000185,5.66
20190109,3714985144,222571400,3937556544,5.65,642160977,40961353,683122330,6.0
20190110,3783544023,231859951,4015403974,5.77,639855732,42008434,681864166,6.16
20190111,3705206646,225963636,3931170282,5.75,661368485,51378537,712747022,7.21
20190112,3393352076,207771048,3601123124,5.77,641849509,46916132,688765641,6.81
20190113,3390662997,203308414,3593971411,5.66,647402145,49575524,696977669,7.11
20190114,3746530683,203872626,3950403309,5.16,699173051,50699305,749872356,6.76
20190115,3722291132,221431205,3943722337,5.61,657111972,46621982,703733954,6.62
20190116,3895244098,273468953,4168713051,6.56,658697098,41815826,700512924,5.97
20190117,3757832784,238367164,3996199948,5.96,650686219,44102660,694788879,6.35
20190118,3662488240,215946404,3878434644,5.57,623959033,44797427,668756460,6.7
20190119,3273989520,180777570,3454767090,5.23,649752862,48035735,697788597,6.88
20190120,3287555452,175968672,3463524124,5.08,642110989,47137794,689248783,6.84
20190121,3557564364,187006179,3744570543,4.99,656610808,46347045,702957853,6.59
20190122,3736095052,191941854,3928036906,4.89,658873612,43215017,702088629,6.16
20190123,3825340958,196912563,4022253521,4.9,664430891,42642842,707073733,6.03
20190124,3937771997,209884261,4147656258,5.06,681305292,46685907,727991199,6.41
20190125,3822459297,195648084,4018107381,4.87,668100487,42119869,710220356,5.93
20190126,3453177631,172049184,3625226815,4.75,650910768,41053993,691964761,5.93
20190127,3496865025,173437842,3670302867,4.73,656997751,41342942,698340693,5.92
20190128,3905858680,202214322,4108073002,4.92,691488162,46106922,737595084,6.25
20190129,4083660969,207599979,4291260948,4.84,701318410,43985954,745304364,5.9
20190130,4049126672,205800784,4254927456,4.84,705792450,45636827,751429277,6.07
20190131,4100712128,203995766,4304707894,4.74,698201362,45462277,743663639,6.11
20190201,4067013009,182254546,4249267555,4.29,802098103,42245782,844343885,5.0
20190202,3631454103,162573034,3794027137,4.28,720896640,41367509,762264149,5.43
20190203,3520494933,151396692,3671891625,4.12,756042777,41822854,797865631,5.24
20190204,3962319342,180092686,4142412028,4.35,743823817,40214053,784037870,5.13
20190205,3939271465,184423353,4123694818,4.47,697039305,40118216,737157521,5.44
20190206,3863518759,177681090,4041199849,4.4,691987087,39086408,731073495,5.35
20190207,3875892311,176706751,4052599062,4.36,702804865,39412770,742217635,5.31
20190208,3900363768,171870744,4072234512,4.22,712367708,39192012,751559720,5.21
20190209,3517325678,162232037,3679557715,4.41,687886550,38048139,725934689,5.24
20190210,3462287054,161999558,3624286612,4.47,695930045,40065672,735995717,5.44
20190211,3837810052,175427054,4013237106,4.37,718122034,41720990,759843024,5.49
20190212,3993687817,186090931,4179778748,4.45,741309157,43132978,784442135,5.5
20190213,3920904684,181067795,4101972479,4.41,749967611,41140063,791107674,5.2
20190214,3914887563,179345219,4094232782,4.38,736703116,38927739,775630855,5.02
20190215,3938651027,175587983,4114239010,4.27,754721712,40663457,795385169,5.11
20190216,3507570285,163222534,3670792819,4.45,700665614,37876266,738541880,5.13
20190217,3497778552,160211710,3657990262,4.38,723091067,41130783,764221850,5.38
20190218,4021618976,181372743,4202991719,4.32,735018689,40173431,775192120,5.18
20190219,4075208051,187718409,4262926460,4.4,743512475,38225313,781737788,4.89
20190220,4158651964,185952411,4344604375,4.28,753075462,43890716,796966178,5.51
20190221,4039494351,189055638,4228549989,4.47,727767232,39987681,767754913,5.21
20190222,3930983758,189177747,4120161505,4.59,726550244,42780411,769330655,5.56
20190223,3548960186,165521224,3714481410,4.46,707094858,41413920,748508778,5.53
20190224,3557630101,163039871,3720669972,4.38,715641111,44043929,759685040,5.8
20190225,3981857348,182540806,4164398154,4.38,733351996,44497412,777849408,5.72
20190226,4022949362,188036980,4210986342,4.47,752717075,43503526,796220601,5.46
20190227,4117011611,185903678,4302915289,4.32,795509710,44521235,840030945,5.3
20190228,4263291579,193562749,4456854328,4.34,724771751,43749110,768520861,5.69
20190301,4299671083,189684883,4489355966,4.23,755287141,42405792,797692933,5.32
20190302,3954996063,169422887,4124418950,4.11,758422248,43694201,802116449,5.45
20190303,3933466690,172336011,4105802701,4.2,729718355,44680063,774398418,5.77
20190304,4381771781,188154433,4569926214,4.12,806487852,44675486,851163338,5.25
20190305,4390624259,189939877,4580564136,4.15,752304051,42728305,795032356,5.37
20190306,4444630966,200671848,4645302814,4.32,776171423,42138561,818309984,5.15
20190307,4485814340,213881808,4699696148,4.55,733534782,43220523,776755305,5.56
20190308,4370301417,215990520,4586291937,4.71,748469522,45474351,793943873,5.73
20190309,3930985758,185283215,4116268973,4.5,751893558,44960434,796853992,5.64
20190310,3925925884,174724372,4100650256,4.26,735897155,42343935,778241090,5.44
20190311,4352072576,190605429,4542678005,4.2,746061150,43079759,789140909,5.46
20190312,4283677452,188653856,4472331308,4.22,734787732,41795159,776582891,5.38
20190313,4539301987,225650241,4764952228,4.74,721109304,44532727,765642031,5.82
20190314,4566123570,258391801,4824515371,5.36,712219122,43656746,755875868,5.78
20190315,4270707445,195063491,4465770936,4.37,768179194,45851993,814031187,5.63
20190316,3062059023,131449968,3193508991,4.12,630973253,40375806,671349059,6.01
20190317,2349722023,83928908,2433650931,3.45,610773833,40100169,650874002,6.16
20190318,4057003019,172170013,4229173032,4.07,702612799,39788679,742401478,5.36
20190319,4199388492,184287581,4383676073,4.2,697934502,43475725,741410227,5.86
20190320,4224229234,189802634,4414031868,4.3,682453253,43824120,726277373,6.03
20190321,4030163748,183153279,4213317027,4.35,686345555,43204238,729549793,5.92
20190322,3810206089,171656993,3981863082,4.31,698384051,42615388,740999439,5.75
20190323,3183935501,153854907,3337790408,4.61,643393267,39414425,682807692,5.77
20190324,3153137184,153112752,3306249936,4.63,678015577,42233365,720248942,5.86
20190325,3652601309,178381402,3830982711,4.66,686685500,47280393,733965893,6.44
20190326,3712668634,189617846,3902286480,4.86,727150707,47309878,774460585,6.11
20190327,3732982987,193307858,3926290845,4.92,711807275,45605431,757412706,6.02
20190328,3646259579,179134853,3825394432,4.68,709540789,43777834,753318623,5.81
20190329,3483197815,166049563,3649247378,4.55,699005380,45230461,744235841,6.08
20190330,3065800988,151686166,3217487154,4.71,679833296,45675777,725509073,6.3
20190331,3098764964,153222267,3251987231,4.71,685344987,42643147,727988134,5.86
20190401,3519813914,166221500,3686035414,4.51,693991999,44761929,738753928,6.06
20190402,3523978999,161395580,3685374579,4.38,747301903,43447297,790749200,5.49
20190403,3602992231,167563211,3770555442,4.44,699365513,43077967,742443480,5.8
20190404,3684547678,176099396,3860647074,4.56,677955123,41188584,719143707,5.73
20190405,3561469940,162202768,3723672708,4.36,721458207,44422606,765880813,5.8
20190406,3194752268,150300394,3345052662,4.49,680599114,42447865,723046979,5.87
20190407,3185618393,150058576,3335676969,4.5,669266592,44798175,714064767,6.27
20190408,3602063622,164152393,3766216015,4.36,686947087,43879002,730826089,6.0
20190409,3677722227,165178976,3842901203,4.3,720397222,46366332,766763554,6.05
20190410,3829817451,166496212,3996313663,4.17,761755801,47505145,809260946,5.87
20190411,3785643293,167295540,3952938833,4.23,680312593,44199528,724512121,6.1
20190412,3755307056,169052141,3924359197,4.31,672087950,44070231,716158181,6.15
20190413,3452643316,158915938,3611559254,4.4,699175735,43379745,742555480,5.84
20190414,3374468125,154118154,3528586279,4.37,702626524,46839225,749465749,6.25
20190415,3812332076,167960157,3980292233,4.22,709638009,47789829,757427838,6.31
20190416,3843428997,169080411,4012509408,4.21,713321373,47025965,760347338,6.18
20190417,3877244614,170165792,4047410406,4.2,707734031,48766309,756500340,6.45
20190418,3934698750,173420516,4108119266,4.22,713359342,47107741,760467083,6.19
20190419,3624417208,164216403,3788633611,4.33,707929436,46113435,754042871,6.12
20190420,3248953174,155445382,3404398556,4.57,693179230,45395478,738574708,6.15
20190421,3174481449,148636475,3323117924,4.47,694313660,42577725,736891385,5.78
20190422,3463757998,154421076,3618179074,4.27,722199993,48537832,770737825,6.3
20190423,3558122086,161841648,3719963734,4.35,708965280,48579635,757544915,6.41
20190424,3580212686,163746637,3743959323,4.37,741932307,45585507,787517814,5.79
20190425,3656855683,163350121,3820205804,4.28,771424005,46187463,817611468,5.65
20190426,3805023485,163834693,3968858178,4.13,773482522,48451686,821934208,5.89
20190427,3432793745,148903421,3581697166,4.16,759664285,51570056,811234341,6.36
20190428,3450198991,157846020,3608045011,4.37,742846213,46961207,789807420,5.95
20190429,3747315237,167438149,3914753386,4.28,751740987,43224492,794965479,5.44
20190430,4146584271,263028719,4409612990,5.96,744741618,43077111,787818729,5.47
20190501,3743714362,162587678,3906302040,4.16,756411601,46478316,802889917,5.79
20190502,3797172732,171185444,3968358176,4.31,827879618,46544332,874423950,5.32
20190503,3769115332,161914122,3931029454,4.12,751327457,47646017,798973474,5.96
20190504,3530468157,164045563,3694513720,4.44,696186463,48876643,745063106,6.56
20190505,3436245425,161299272,3597544697,4.48,667916107,47419307,715335414,6.63
20190506,3810572743,164257726,3974830469,4.13,729965562,47174272,777139834,6.07
20190507,3977978417,166091147,4144069564,4.01,801525312,49041672,850566984,5.77
20190508,3925974211,161080968,4087055179,3.94,787076770,46028661,833105431,5.52
20190509,4025146741,157738505,4182885246,3.77,771572610,44480936,816053546,5.45
20190510,3961784562,160291926,4122076488,3.89,778186193,45111374,823297567,5.48
20190511,3546270099,149421996,3695692095,4.04,768602551,44571981,813174532,5.48
20190512,3545595636,158061948,3703657584,4.27,739460895,43998908,783459803,5.62
20190513,3862289956,165069596,4027359552,4.1,772904329,44939490,817843819,5.49
20190514,3980262783,169433133,4149695916,4.08,784988239,46671090,831659329,5.61
20190515,4255691100,198977168,4454668268,4.47,811915165,50294854,862210019,5.83
20190516,3974483231,174258190,4148741421,4.2,795164955,49453794,844618749,5.86
20190517,3870598646,171670694,4042269340,4.25,811115960,48908757,860024717,5.69
20190518,3485019057,159690286,3644709343,4.38,787914485,46964924,834879409,5.63
20190519,3512334323,161277876,3673612199,4.39,801859710,49954419,851814129,5.86
20190520,3978696392,170183003,4148879395,4.1,824888067,49890327,874778394,5.7
20190521,4069568640,166862962,4236431602,3.94,806868932,51681626,858550558,6.02
20190522,3685397157,152230870,3837628027,3.97,741123730,52294156,793417886,6.59
20190523,3915682550,172229211,4087911761,4.21,843618464,57089456,900707920,6.34
20190524,3854095672,172641584,4026737256,4.29,859928598,52922867,912851465,5.8
20190525,3382354562,156164936,3538519498,4.41,828963575,52175282,881138857,5.92
20190526,3398719318,159600288,3558319606,4.49,824424200,51267927,875692127,5.85
20190527,3708845992,173035359,3881881351,4.46,878013684,52729665,930743349,5.67
20190528,3920320486,177913235,4098233721,4.34,899239814,52981440,952221254,5.56
20190529,3912385062,184630062,4097015124,4.51,884403906,58350216,942754122,6.19
20190530,3791281473,176273741,3967555214,4.44,900893278,55751321,956644599,5.83
20190531,3666136107,167403742,3833539849,4.37,915165704,60415132,975580836,6.19
20190601,3375984741,159988243,3535972984,4.52,897564704,55837171,953401875,5.86
20190602,3220232888,159333694,3379566582,4.71,866114124,49125831,915239955,5.37
20190603,3727585464,186486377,3914071841,4.76,906324859,55912121,962236980,5.81
20190604,3886026151,208542097,4094568248,5.09,1060291706,58022778,1118314484,5.19
20190605,3850702467,207145520,4057847987,5.1,932792163,61256804,994048967,6.16
20190606,3860038617,184250973,4044289590,4.56,925799773,60085201,985884974,6.09
20190607,3720108189,172196117,3892304306,4.42,917786167,57887401,975673568,5.93
20190608,3401214328,162395661,3563609989,4.56,906761847,59370067,966131914,6.15
20190609,3300386479,151112853,3451499332,4.38,912013168,56551819,968564987,5.84
20190610,3673512772,161819370,3835332142,4.22,942487417,60792548,1003279965,6.06
20190611,3875237590,181312034,4056549624,4.47,943102968,60418363,1003521331,6.02
20190612,3920532696,178353354,4098886050,4.35,939106404,57293367,996399771,5.75
20190613,3896077393,175405687,4071483080,4.31,967339185,59487486,1026826671,5.79
20190614,3616801007,170240030,3787041037,4.5,957372630,57650384,1015023014,5.68
20190615,3370814665,156028123,3526842788,4.42,946892233,59381601,1006273834,5.9
20190616,3385489537,160805086,3546294623,4.53,925288619,58118502,983407121,5.91
20190617,3851390405,188627693,4040018098,4.67,960764108,57722030,1018486138,5.67
20190618,3916975264,186836274,4103811538,4.55,1001070645,63218341,1064288986,5.94
20190619,3903570868,187618665,4091189533,4.59,972771271,60141582,1032912853,5.82
20190620,3998676925,195707921,4194384846,4.67,1014311519,64378516,1078690035,5.97
20190621,3915746193,199811251,4115557444,4.86,1007886163,63699051,1071585214,5.94
20190622,3568380776,184424609,3752805385,4.91,902492947,59270153,961763100,6.16
20190623,3484104255,177463228,3661567483,4.85,944039298,60486215,1004525513,6.02
20190624,3888546695,197676594,4086223289,4.84,954051097,59498837,1013549934,5.87
20190625,4005856472,231154926,4237011398,5.46,930571242,58691763,989263005,5.93
20190626,4158527779,248385317,4406913096,5.64,911458110,60425124,971883234,6.22
20190627,4102116284,242007403,4344123687,5.57,904040927,60953139,964994066,6.32
20190628,4029111752,236747933,4265859685,5.55,956527123,61896296,1018423419,6.08
20190629,3654033858,219241179,3873275037,5.66,1008992597,63069501,1072062098,5.88
20190630,3609941380,210335286,3820276666,5.51,1006547947,61636862,1068184809,5.77
20190701,4058691886,231499704,4290191590,5.4,1159841396,65880052,1225721448,5.37
20190702,4029783003,231065100,4260848103,5.42,1065139457,69317647,1134457104,6.11
20190703,4040135274,225384698,4265519972,5.28,1013057861,67840884,1080898745,6.28
20190704,3902218843,221363651,4123582494,5.37,984471435,67952077,1052423512,6.46
20190705,4122971197,251954595,4374925792,5.76,937584906,65072111,1002657017,6.49
20190706,4081810928,259407720,4341218648,5.98,891400360,64935248,956335608,6.79
20190707,3499695198,201409472,3701104670,5.44,880965505,60641451,941606956,6.44
20190708,3910838373,219110150,4129948523,5.31,925433628,63364761,988798389,6.41
20190709,3996209421,221123238,4217332659,5.24,909164040,66181635,975345675,6.79
20190710,4050507211,227870061,4278377272,5.33,910950623,66385538,977336161,6.79
20190711,4090835178,235234043,4326069221,5.44,869704012,62948627,932652639,6.75
20190712,4027559998,235577253,4263137251,5.53,869764601,62243890,932008491,6.68
20190713,3679244522,217632048,3896876570,5.58,799373731,55729318,855103049,6.52
20190714,3635322432,221221108,3856543540,5.74,796416882,57628724,854045606,6.75
20190715,4037599278,238800804,4276400082,5.58,833865582,60457180,894322762,6.76
20190716,4126426225,250723405,4377149630,5.73,848715467,64697978,913413445,7.08
20190717,4090625461,246138217,4336763678,5.68,862786723,65927951,928714674,7.1
20190718,4072829626,249179615,4322009241,5.77,890494264,66447204,956941468,6.94
20190719,4108010452,248824351,4356834803,5.71,941311395,60213427,1001524822,6.01
20190720,3743979367,228930374,3972909741,5.76,936769871,56380116,993149987,5.68
20190721,3762469565,237304407,3999773972,5.93,869582822,60536406,930119228,6.51
20190722,4155659818,263007057,4418666875,5.95,932127519,61564046,993691565,6.2
20190723,4142738176,265465690,4408203866,6.02,935721910,63643592,999365502,6.37
20190724,4139375500,278466364,4417841864,6.3,917637695,65352171,982989866,6.65
20190725,4297694373,290308864,4588003237,6.33,915208736,64152298,979361034,6.55
20190726,4149105061,283257265,4432362326,6.39,912081112,64598014,976679126,6.61
20190727,3707570800,243333352,3950904152,6.16,874013297,60603125,934616422,6.48
20190728,3628692270,236824578,3865516848,6.13,847056136,60729849,907785985,6.69
20190729,4050316227,268616050,4318932277,6.22,888721898,60677566,949399464,6.39
20190730,4194873620,262371490,4457245110,5.89,916771192,59239652,976010844,6.07
20190731,4196256259,264657444,4460913703,5.93,893105161,59602052,952707213,6.26
20190801,4338322208,268794158,4607116366,5.83,949051662,64101531,1013153193,6.33
20190802,4281806262,266868505,4548674767,5.87,890517611,61107938,951625549,6.42
20190803,3878497687,237745817,4116243504,5.78,838067530,63425712,901493242,7.04
20190804,3639591185,198526939,3838118124,5.17,855484724,56320473,911805197,6.18
20190805,4015236402,217257148,4232493550,5.13,858894109,66316925,925211034,7.17
20190806,4057939649,216791576,4274731225,5.07,884518696,70291088,954809784,7.36
20190807,4269033115,271591799,4540624914,5.98,891002533,74092623,965095156,7.68
20190808,4334812546,282979532,4617792078,6.13,883810502,66195435,950005937,6.97
20190809,4265474515,272431112,4537905627,6.0,888567310,68322418,956889728,7.14
20190810,3835687586,240456931,4076144517,5.9,850964415,66027740,916992155,7.2
20190811,3817542854,245528450,4063071304,6.04,805850564,63843590,869694154,7.34
20190812,4095760079,244744255,4340504334,5.64,887891667,66460558,954352225,6.96
20190813,4106560311,252624446,4359184757,5.8,853291951,66336135,919628086,7.21
20190814,4149644365,264751986,4414396351,6.0,910813809,76133545,986947354,7.71
20190815,5007260884,278271814,5285532698,5.26,1088585085,89356854,1177941939,7.59
20190816,4976474946,292812984,5269287930,5.56,1090746890,77926444,1168673334,6.67
20190817,3764439836,261531634,4025971470,6.5,848185236,63504249,911689485,6.97
20190818,3685677532,258308008,3943985540,6.55,814715430,63530379,878245809,7.23
20190819,4007489364,259976147,4267465511,6.09,856893861,67879569,924773430,7.34
20190820,3977236323,250292873,4227529196,5.92,866886786,67721897,934608683,7.25
20190821,4055113903,259985817,4315099720,6.03,852440850,69798622,922239472,7.57
20190822,4115985468,267572308,4383557776,6.1,843615126,68162007,911777133,7.48
20190823,4128407090,272425975,4400833065,6.19,854129429,67961162,922090591,7.37
20190824,3816651043,252972872,4069623915,6.22,811218238,60406834,871625072,6.93
20190825,3794224850,253196556,4047421406,6.26,788027697,60291885,848319582,7.11
20190826,4078338622,259060662,4337399284,5.97,823293409,58965284,882258693,6.68
20190827,4168997362,268201257,4437198619,6.04,835174228,60200121,895374349,6.72
20190828,4170669759,265124162,4435793921,5.98,846553692,59620022,906173714,6.58
20190829,4053604781,252264270,4305869051,5.86,880456523,58375757,938832280,6.22
20190830,4039437834,251067712,4290505546,5.85,868440841,55994935,924435776,6.06
20190831,3577923416,229264608,3807188024,6.02,808686026,53159897,861845923,6.17
20190901,3575434253,236817859,3812252112,6.21,816382791,53282005,869664796,6.13
20190902,3903004474,250519820,4153524294,6.03,856320939,54724174,911045113,6.01
20190903,4068079380,254421381,4322500761,5.89,880084439,55064685,935149124,5.89
20190904,4100357258,257254760,4357612018,5.9,869403744,59661009,929064753,6.42
20190905,4061190114,257459986,4318650100,5.96,869373949,59641542,929015491,6.42
20190906,4044123578,250591479,4294715057,5.83,828593822,60252017,888845839,6.78
20190907,3704164892,231838884,3936003776,5.89,838639823,59048974,897688797,6.58
20190908,3905416400,241974403,4147390803,5.83,859925360,60018055,919943415,6.52
20190909,4116766202,234187831,4350954033,5.38,870112990,59069535,929182525,6.36
20190910,3890470233,216539030,4107009263,5.27,876173696,56651272,932824968,6.07
20190911,3899527404,214299907,4113827311,5.21,865772509,58093864,923866373,6.29
20190912,3888779926,216707679,4105487605,5.28,875516232,56314380,931830612,6.04
20190913,3749679530,214205498,3963885028,5.4,869098211,56553349,925651560,6.11
20190914,3577375770,207371791,3784747561,5.48,847100127,58111674,905211801,6.42
20190915,3461347775,198212815,3659560590,5.42,828212707,52486858,880699565,5.96
20190916,3775201013,198864440,3974065453,5.0,873991973,55249905,929241878,5.95
20190917,4023060450,219651436,4242711886,5.18,899471319,61180958,960652277,6.37
20190918,4009472499,224457836,4233930335,5.3,927966138,65010128,992976266,6.55
20190919,4052229385,224093694,4276323079,5.24,933176903,66019061,999195964,6.61
20190920,4088600009,230538782,4319138791,5.34,938519164,64305218,1002824382,6.41
20190921,4099612691,266493355,4366106046,6.1,905771231,62975869,968747100,6.5
20190922,3810110194,234293677,4044403871,5.79,889094607,66218960,955313567,6.93
20190923,4189554188,241031087,4430585275,5.44,937558226,62461052,1000019278,6.25
20190924,4220646224,240504737,4461150961,5.39,951885615,65102925,1016988540,6.4
20190925,4054692489,235383844,4290076333,5.49,935007391,63107839,998115230,6.32
20190926,3955588519,228918764,4184507283,5.47,926841476,61390515,988231991,6.21
20190927,3983695800,221038005,4204733805,5.26,930486098,64534269,995020367,6.49
20190928,3702863672,220716132,3923579804,5.63,899501092,62375798,961876890,6.48
20190929,3701431654,220014413,3921446067,5.61,922889112,64930089,987819201,6.57
20190930,3980831862,216983978,4197815840,5.17,872891152,61175081,934066233,6.55
20191001,3994171742,219257076,4213428818,5.2,902982270,66215033,969197303,6.83
20191002,3973483376,227594908,4201078284,5.42,979427103,70714413,1050141516,6.73
20191003,4031077736,237102292,4268180028,5.56,1109874023,71720114,1181594137,6.07
20191004,4002435117,227648969,4230084086,5.38,971738374,68634837,1040373211,6.6
20191005,3808833532,225475953,4034309485,5.59,943783521,72142666,1015926187,7.1
20191006,3772408404,219236539,3991644943,5.49,912672843,62719787,975392630,6.43
20191007,4093807434,234122312,4327929746,5.41,944118134,64357311,1008475445,6.38
20191008,4251869683,232725107,4484594790,5.19,976973613,73902942,1050876555,7.03
20191009,4130684067,225826502,4356510569,5.18,1007439996,82191889,1089631885,7.54
20191010,4053706165,227735912,4281442077,5.32,990753287,86352966,1077106253,8.02
20191011,4055481984,238613360,4294095344,5.56,1259388807,83418893,1342807700,6.21
20191012,3778391610,212749435,3991141045,5.33,985955493,87713565,1073669058,8.17
20191013,3675250153,213812650,3889062803,5.5,941208524,76436902,1017645426,7.51
20191014,3913233464,210266415,4123499879,5.1,968457001,78120195,1046577196,7.46
20191015,3934098163,211250546,4145348709,5.1,970834084,74271062,1045105146,7.11
20191016,3921559235,209082420,4130641655,5.06,1040609796,89530233,1130140029,7.92
20191017,4060514995,212552901,4273067896,4.97,1043876475,93292612,1137169087,8.2
20191018,4752434591,236255367,4988689958,4.74,1263050204,110406232,1373456436,8.04
20191019,3792618006,233090221,4025708227,5.79,978893928,94851093,1073745021,8.83
20191020,3621730813,219414004,3841144817,5.71,972571261,90797405,1063368666,8.54
20191021,3858018567,216549781,4074568348,5.31,997797009,94403236,1092200245,8.64
20191022,3984102780,224021042,4208123822,5.32,1000992615,98751523,1099744138,8.98
20191023,3978146775,230700645,4208847420,5.48,1006206915,99644049,1105850964,9.01
20191024,4051373303,235404601,4286777904,5.49,997214685,90091538,1087306223,8.29
20191025,4180896597,250978021,4431874618,5.66,992256737,96354216,1088610953,8.85
20191026,3654336883,220297517,3874634400,5.69,958099338,92774422,1050873760,8.83
20191027,3570208595,219454005,3789662600,5.79,943094967,91063228,1034158195,8.81
20191028,3920256889,233144570,4153401459,5.61,1060269387,105237017,1165506404,9.03
20191029,3978556641,233073510,4211630151,5.53,967066399,90944923,1058011322,8.6
20191030,3981027619,234377936,4215405555,5.56,1113238308,96174365,1209412673,7.95
20191031,4048057937,257886777,4305944714,5.99,1291979651,96899755,1388879406,6.98
20191101,3958005701,237238560,4195244261,5.65,991176766,102137789,1093314555,9.34
20191102,3674991172,202629658,3877620830,5.23,1058449494,94743344,1153192838,8.22
20191103,3570211876,193084536,3763296412,5.13,959498306,97116654,1056614960,9.19
20191104,3814229832,203143056,4017372888,5.06,965619621,95415234,1061034855,8.99
20191105,3972481629,209999790,4182481419,5.02,988904367,91912619,1080816986,8.5
20191106,3972283030,211985138,4184268168,5.07,945965877,81089449,1027055326,7.9
